,Speaker,1,2,3,4,5,6,7,8,9,10,11,12,13,14,15,16,17,18,19,20,21,22,23,24,25,26,27,28,29,30,31,32,33,34,35,36,37,38,39,40,41,42,43,44,45,46,47,48,49,50,51,52,53,54,55,56,57,58,59,60,61,62,63,64,65,66,67,68,69,70,71,72,73,74,75,76,77,78,79,80,81,82,83,84,85,86,87,88,89,90,91,92,93,94,95,96,97,98,99,100,101,102,103,104,105,106,107,108,109,110,111,112,113,114,115,116,117,118,119,120,121,122,123,124,125,126,127,128,129,130,131,132,133,134,135,136,137,138,139,140,141,142,143,144,145,146,147,148,149,150,151,152,153,154,155,156,157,158,159,160,161,162,163,164,165,166,167,168,169,170,171,172,173,174,175,176,177,178,179,180,181,182,183,184,185,186,187,188,189,190,191,192,193,194,195,196,197,198,199,200,201,202,203,204,205,206,207,208,209,210,211,212,213,214,215,216,217,218,219,220,221,222,223,224,225,226,227,228,229,230,231,232,233,234,235,236,237,238,239,240,241,242,243,244,245,246,247,248,249,250,251,252,253,254,255,256,257,258,259,260,261,262,263,264,265,266,267,268,269,270,271,272,273,274,275,276,277,278,279,280,281,282,283,284,285,286,287,288,289,290,291,292,293,294,295,296,297,298,299,300,301,302,303,304,305,306,307,308,309,310,311,312,313,314,315,316,317,318,319,320,321,322,323,324,325,326,327,328,329,330,331,332,333,334,335,336,337,338,339,340,341,342,343,344,345,346,347,348,349,350,351,352,353,354,355,356,357,358,359,360,361,362,363,364,365,366,367,368,369,370,371,372,373,374,375,376,377,378,379,380,381,382,383,384,385,386,387,388,389,390,391,392,393,394,395,396,397,398,399,400,401,402,403,404,405,406,407,408,409,410,411,412,413,414,415,416,417,418,419,420,421,422,423,424,425,426,427,428,429,430,431,432,433,434,435,436,437,438,439,440,441,442,443,444,445,446,447,448,449,450,451,452,453,454,455,456,457,458,459,460,461,462,463,464,465,466,467,468,469,470,471,472,473,474,475,476,477,478,479,480,481,482,483,484,485,486,487,488,489,490,491,492,493,494,495,496,497,498,499,500,501,502,503,504,505,506,507,508,509,510,511,512,513,514,515,516,517,518,519,520,521,522,523,524,525,526,527,528,529,530,531,532,533,534,535,536,537,538,539,540,541,542,543,544,545,546,547,548,549,550,551,552,553,554,555,556,557,558,559,560,561,562,563,564,565,566,567,568,569,570,571,572,573,574,575,576,577,578,579,580,581,582,583,584,585,586,587,588,589,590,591,592,593,594,595,596,597,598,599,600,601,602,603,604,605,606,607,608,609,610,611,612,613,614,615,616,617,618,619,620,621,622,623,624,625,626,627,628,629,630,631,632,633,634,635,636,637,638,639,640,641,642,643,644,645,646,647,648,649,650,651,652,653,654,655,656,657,658,659,660,661,662,663,664,665,666,667,668,669,670,671,672,673,674,675,676,677,678,679,680,681,682,683,684,685,686,687,688,689,690,691,692,693,694,695,696,697,698,699,700,701,702,703,704,705,706,707,708,709,710,711,712,713,714,715,716,717,718,719,720,721,722,723,724,725,726,727,728,729,730,731,732,733,734,735,736,737,738,739,740,741,742,743,744,745,746,747,748,749,750,751,752,753,754,755,756,757,758,759,760,761,762,763,764,765,766,767,768
0,0,0.038595997,0.030066846,0.4729313,-0.13724469,0.34823278,-0.23548464,0.08717732,0.47247127,0.037963346,-0.004428846,-0.20350786,-0.33771446,-0.014072885,0.3716566,0.07800411,0.54201174,0.010979026999999999,0.07096241,-0.09388855,0.04357755,0.23003627,-0.22228749,0.14949891,0.46967366,0.39981884,0.08050516,-0.04684195,-0.14184286,-0.4247715,-0.21666329999999998,0.45233804,0.07034563,-0.08572195,-0.27765712,0.0056305192000000006,0.07200495,-0.07977767,-0.32014036,-0.30065614,0.28083137,-0.62894243,-0.31900638,0.13764639,0.12358756,-0.28055890000000006,-0.28614843,0.29755208,-0.23635209,0.13009314,-0.109511316,-0.54189265,0.21735314,-0.24697521,0.07947837599999999,0.19083257,0.5688460999999999,-0.14846306,-0.6032407,-0.41188428,-0.17199592,0.32545328,-0.25559756,0.23450449,-0.17504661,0.21198343,0.15638234,-0.0029510981,0.37675040000000004,-0.7018085999999999,0.11166867,-0.22312774,0.01332226,0.09907132,0.16746207,-0.14671159,-0.19375148,-0.21671842,0.36818558,0.13855837,0.21143915,-0.041086033,0.21728064,-0.21171014,0.18985961,0.16274266,0.13564765,-0.15143295,-0.017489279,-0.23470391,0.4127795999999999,0.27670285,-0.18724504,0.045544892999999996,-0.09767651,-0.047547475,-0.39116246,-0.14284019,-0.017764537,-0.055015645999999994,0.26100034,0.27017456,0.108982965,0.30152579999999995,-0.06669439,-0.23210967,-0.09251018,0.071777046,0.20029567,0.13509129,0.29106350000000003,0.07627287,-0.25880749999999997,0.19815648,-0.3605275,-0.19508371,-0.24076563,-0.03397515,0.15351887,0.20935166,0.10774035,0.14627232,0.01172912,0.044615577999999996,0.8370144,0.15252274,0.19537358,-0.20231079,0.41315484,0.042421985,-0.3064318,0.11581095,0.20645570000000002,0.14186908,-0.30382600000000004,-0.20154019,0.35478000000000004,-0.22312693,-0.40921012,-0.19881546,0.1663558,-0.11032003,-0.1213895,0.18098158,-0.008626508,0.08269692,0.21806943,-0.09926786,-0.09235328400000001,0.055134352000000005,0.27515727,-0.034482177,-0.16921654,0.08485093,-0.17947435,-0.28993624,-0.2213288,-0.084218495,0.24200182,-0.079840645,0.08853873,0.31281146,0.032750238,-0.043108024,0.32815394,0.34430805,0.15875265,-0.029949326000000002,0.043325275,-0.09912662,-0.03469426,-0.16039407,-0.42391223,0.5422127,-0.17523426,-0.07657715,-0.019331211,0.03922422,-0.020491358,0.046166893,-0.009358257,-0.6500198,0.28775027,0.04289115,-0.08680736,0.24068926,-0.0024130112,0.10233029,-0.004162278,0.08499167,0.13169270000000002,-0.14205866,-0.18384244,-0.1035597,-0.1411425,-0.04728333,-0.36342046,-0.04458828,-0.19054385,-0.3309618,0.17451812,0.41743195,0.07327417,0.30478725,0.17482343,-0.22707053,0.08067603400000001,0.29474792,-0.20440218,0.04176326,0.3359771,-0.18561904,0.41875863,0.21724918,0.04050095,-0.065839365,-0.26770520000000003,0.22887774,-0.14362961,0.1745038,0.15471303,0.019691737,0.19447209,-0.19172196,0.40046382,-0.063854516,0.8648505,-0.06352313,-0.40791184,0.30234364,0.36346343,-0.08113985,-0.15214619,0.42406073,-0.12461082,0.20226173,0.022393853999999998,-0.46209964,-0.18780302,0.11424894,-0.15987353,-0.10027422,0.19048679999999998,0.32044142,0.06476803,0.11346135,0.08535881,-0.14079048,-0.000813146,0.09256479,-0.117142275,-0.29343146,-0.14865264,-0.13290907,-0.37022072,-0.10578365599999999,-0.27810523,-0.21419728,-0.41149744,-0.0032473096999999997,-0.02569307,0.23043622,-0.13916802,0.015955161000000002,0.061452057000000004,-0.31065005,-0.6183588000000001,0.16905646,0.44931847,0.44610340000000004,0.034432082999999995,-0.050826427,-0.0625058,-0.116395704,0.6301853000000001,-0.21966574,0.17709652,0.4347764,0.07425698,0.002263137,-0.073808245,0.23313452,0.08485675,-0.11219327,0.06026677,-0.10826444,-0.21064234,0.09561353,0.024380818,-0.20194897,-0.13034986,-0.17443106,0.20778778,-0.3233547,-0.121533155,0.53339136,-0.054815645999999996,-0.016410567,0.18509188,0.18935236,-0.33664495,-0.16411862,-0.033616602,0.031396173,0.19784870000000002,-0.3534649,0.14064078,-0.21690421,-0.59343153,-4.1657150000000005,-0.027129643,-0.06681169,-0.34899852,0.24380597,-0.2553263,0.13847554,0.14796087,-0.38481846,0.051526755,-0.2450836,-0.40898162,0.43358800000000003,-0.024158908,0.19192424,0.21326928,-0.13269188,-0.25860098,-0.0063526398,0.30729359999999994,-0.25834388,-0.6857354999999999,0.36833194,-0.15814681,0.1383301,0.1522406,0.14009918,-0.03869226,-0.16708107,-0.4022403,0.13549855,-0.18932544,0.20418670000000003,0.25666174,-0.03903365,-0.16321535,0.034349535,-0.23977354,-0.081328675,-0.5487313,-0.039476816,-0.60709345,-0.11985858,-0.17382123,0.78245074,-0.017908968,-0.060792685,0.10759164,-0.12600517,0.1532662,0.041856818,0.15074749999999998,-0.13790265,-0.2850377,-0.22521245,0.18911779999999997,0.220392,0.31168365,-0.29150355,-0.15569888,0.23555127,-0.12223010000000002,-0.50145125,-0.15698489999999998,-0.19607428,-0.25042316,-0.6755802,-0.2534454,0.19733666,0.031194212000000002,-0.015916608,0.42605314,0.042244777000000004,-0.49409708,-0.2614731,-0.25876656,0.18844318,0.15385766,0.41920070000000004,0.11168085,-0.20538206,-0.4114661,0.1417618,0.0035112915000000003,-0.19744472,-0.37953967,0.03708471,-0.14129697,-0.1334787,-0.59690934,0.2537744,0.16796212,-0.044048194000000006,0.20163387,0.04928267,-0.02004395,0.12894577,-0.17388059,0.35844463,-0.18425983,0.24491639999999998,-0.09672115,0.5298494,-0.31801409999999997,0.12951407,0.020981577999999997,-0.5205221999999999,0.000497989,-0.09427487,-0.17788289999999998,0.50468045,-0.46812692,0.25076023,-0.41269279999999997,-0.28311515,-0.13141392,0.24576489999999998,0.49277166,0.13592854,-0.34874398,-0.19355218,0.45530373,-0.2112964,-0.3857399,-0.853988,0.027227188,-0.47733733,-0.047235757,-0.19935507,-0.08075764,-0.31406754,-0.3423148,0.048339315,0.37368476,0.24084462,0.12862088,0.01993444,-0.3266388,-0.037638303,0.062379215,0.0113996165,0.31336936,0.031261828,0.12011824,0.3195854,0.17418872,-0.16228515,-0.014647118999999998,-0.05636166,-0.028665608,-0.20128892,-0.48792896,0.07188254599999999,-0.050032325,-0.12538019,0.2859815,0.2948657,-0.017214641,-0.16437764,-0.34338063,0.10939881,0.06866856,0.36273786,0.20643757,0.031479336000000004,0.5382085999999999,0.08406891,-0.12910123,0.21342573,-0.061851765999999996,-0.49494952,0.11793635,-0.08388946,-0.21695428,0.043181803,0.79878336,0.08069438,-0.2377946,0.11899292,0.44595414,0.13275217,-0.20588191,-0.37212449999999997,0.20817053,0.40801603,0.02355208,0.30569997,-0.24879982,0.27118012,-0.104882054,0.08130156,0.5704133000000001,-0.14304408,-0.06887688,-0.10079723,-0.2595144,0.40352866,-0.21539305,-0.07776399,0.3098579,0.21412309,0.056244,-0.1374559,0.043843575,-0.13443127,-0.22812912,0.11592685400000001,-0.12519059,0.012118753999999999,-0.044439316,-0.18043289,-0.32390732,-0.17148745,0.013755426999999999,0.15526211,-0.28002542,0.024634257000000003,-0.053359907000000005,-0.40391320000000003,0.24449892,0.046153124000000004,0.13276908,0.3460614,0.13292475,-0.36743164,0.0117237875,0.12639788,-0.20909025,-0.2544113,0.01773869,-0.040354323,-0.85817343,0.07914816599999999,0.07473036,-0.12261446,0.11532434,-0.51655304,-0.39431393,-0.06909562,0.14403573,-0.32114545,-0.09611917,0.0028761784,-0.60340685,-0.1349215,0.10429091,0.039340567,0.48972017,-0.21735970000000002,0.29521802,0.1468761,0.009172699,-0.09180662,-0.20730473,0.21975736,-0.54763275,-0.12129437,-0.031989697000000004,-0.30447257,-0.10219862,-0.0036203342,0.042515017,0.036424775,0.18206961,0.18957269,0.21011497,0.13918245,0.017556751000000002,-0.006023083,-0.42399552,-0.00566434,-0.0026184742,0.11168928,-0.28215244,0.25343582,-0.029630427999999997,-0.030453075,-0.54204124,0.36785105,-0.43422964,-0.084662445,-0.09418986,0.030170699999999998,0.00787048,0.26694718,-0.33466607,-0.25394613,0.1635249,-0.14728534,-0.0823086,0.43226314,0.11915984,-0.21824391,-0.024629758999999998,-0.3781966,0.15647328,0.57044035,-0.060875575999999994,0.32825970000000004,0.1788614,0.086930335,0.2363138,0.20157084,-0.04602283,-0.30785945,0.28272772,0.10536138,-0.4997652,-0.014421996999999999,0.16828528,-0.10426392400000001,-0.48601985,0.52679473,0.49783674,-0.15299296,-0.22591919,-0.19010973,-0.22883104,-0.24301179,-0.057282444,0.24124589999999999,0.13697302,0.62976915,-0.053537372,0.270203,0.22686684,-0.21108022,-0.060228456,0.13631661,-0.11048858,-0.025475873,0.25215635,-0.021980608,0.42279267,-0.19231392,-0.024369294,0.06652827,-0.07387862,-0.047189805999999994,0.15828176,-0.15841623,0.3525256,0.36697399999999997,0.31598014,0.30861327,0.28844932,0.056342036,0.14399394,0.7792725,0.26082787,0.2166417,0.43362206,0.023444613,-0.27920985,0.09269643,0.28057864,0.058210514000000005,0.2569041,0.19626860000000002,0.61522,0.10582976,0.18073216,0.34781945,-0.49592313,-0.29237852,-0.21786435,0.20229356,-0.36884162,-0.08349055,0.121088795,0.06741889,0.12814933,-0.35627642,-0.34755376,-0.42100126,0.08137273,0.18779735,-0.18916024,-0.20996532,0.048698958,-0.13840616,-0.20892960000000002,-0.3794508,-0.31288224,-0.3241386,-0.7437573000000001,-0.22491483,0.13229579,-0.101683244,-0.50291705,-0.11078846,-0.20391305,0.19707437,-0.21051586,-0.0030112078000000004,-0.2128248,0.5609519000000001,-0.030857736,0.717214,-0.005364714699999999,0.20758905,-0.18005046,-0.09925807,-0.14610177,0.55361366,0.17732558,0.04641593,0.34237298,-0.38368437,0.02641201,0.16163370000000002,0.39844367,-0.60654527,0.19614065,-0.018636888,-0.073974155,0.20628706,-0.027793182000000003,-0.26857623,0.044547714,-0.34302855,-0.2702323,0.05801394,-0.094887495,-0.21167062,-0.21759377,0.27134633,0.3484218,0.16753735,0.101836994,0.19282274,0.03021644,0.2777751,-0.05679663,-0.21643151,-0.41271865,-0.42901516,0.20999537,-0.15977012,0.2517096,0.035384484,0.38744292,0.15686722,0.0027916504,0.28099677,-0.52115434,-0.11210022,-0.46159744,-0.564182,-0.29285038,-0.031136155,-0.02264995,0.02982543,-0.42165017,0.10054858,-0.057864834000000004,-0.15904902,-0.06916236,0.17714162,0.047813028
1,0,-0.117559254,-0.17860533,0.5176479,-0.18837418,-0.10679561,-0.43699560000000004,0.24256864,0.45946878,0.0111261355,-0.3137244,0.14331247,-0.66056657,-0.108761095,0.621065,-0.22318659999999999,0.46304350000000005,-0.050221222999999995,0.16873753,-0.07276219,0.49655893,-0.0448716,-0.28492486,0.021919364,0.37417087,0.38050166,0.075704135,-0.05200055,-0.006399762,-0.41742545,-0.28377733,0.34745064,0.016218115,-0.030874945,-0.06549087,0.07210487,0.24663372,0.05547085400000001,-0.22974744,-0.35300127,0.31719437,-0.7820054,-0.41725802,0.07645645,-0.11875466,0.025621995,-0.81669074,0.36886117,-0.32206187,0.22378889,-0.2194208,-0.6262728,0.33215737,0.022835344,-0.09018888,0.12521334,0.40374684,-0.26147088,-0.35498375,-0.7444294,-0.062412713,0.44642332,-0.1592759,-0.033545267000000004,-0.5004001,0.5651877,0.30441755,0.33733323,0.41839594,-1.0165296,-0.072967105,-0.024095058,-0.46103059999999996,0.047115065,0.15638164,-0.37848783,-0.07494406,-0.1967305,0.47708429999999996,0.23326617,-0.08019011,-0.28351143,0.48766437,-0.36106706,0.61962456,0.28846812,-0.068412244,-0.09867555,0.11451209,-0.022289092000000003,0.16328125,-0.12160657,-0.53478825,-0.24801529999999997,-0.24397308,0.19251326,-0.32308158,0.31152199999999997,0.44171628,-0.21319528,0.53429574,0.08879738,-0.1747467,0.30102932,0.15336399,0.0060278536,-0.10356524,0.16290194,0.26036295,0.5377168000000001,0.34135774,0.157788,-0.59249896,-0.16674776,-0.54177463,-0.19631425,0.050929475999999994,0.25824428,-0.10333016,-0.09718269,-0.107797325,-0.06491237,-0.30671750000000003,-0.11944163599999999,0.5939511,-0.10330477,0.31347775,0.039270308,0.3419591,-0.23035446,-0.0925602,0.34949797,0.25683013,0.39110357,-0.38347974,-0.3697919,0.16848528,-0.05515743,-0.25558892,-0.47873116,0.27632829999999997,0.12462460000000002,0.14784968,-0.15628107,-0.19014816,0.18685819,0.13027878,-0.49353307,-0.034486222999999996,-0.15788648,0.18375744,0.05758238,-0.04444685599999999,-0.26400757,-0.29253045,-0.39828816,-0.036782917000000005,-0.45660982,0.24764435,0.1451809,0.48419645,0.52497494,-0.086277924,0.25044063,0.40540242,0.18276751,0.28661770000000003,0.007606456,0.1751424,0.11169014,-0.034263153,-0.046836413,-0.3722888,0.5167166,-0.3603436,0.0075099687,0.089785755,0.37766847,-0.03518952,0.22493556,-0.18694825,-0.75684774,0.17040698,-0.18341108,-0.043988038,0.4389575,-0.08068968,0.15244794,-0.02437244,-0.17890146,-0.091140695,-0.23580071,-0.29816803,-0.1697747,0.343148,0.35763654,-0.22852007,-0.50152117,-0.02361316,-0.49500972,0.29921588,0.23096187,0.067344435,0.111450575,0.25751805,-0.50309926,0.36666518,0.31249309999999997,-0.26893005,0.21400407,0.31886363,-0.4926684,0.20688888,0.19294834,0.20387048,-0.18089744,0.22664177,0.25721514,-0.2728664,0.19828907,-0.07062818,-0.21003906,-0.2703522,-0.39488155,0.104098946,-0.16374272,0.42031717,-0.16173525,-0.32107353,0.34550926,0.5163779000000001,-0.044470895,-0.22360234,0.77344584,-0.21346287,-0.104599535,0.38511303,-0.37910559999999993,-0.4776512,-0.1679727,-0.21447717,0.016966863000000002,0.22659023,0.3954422,0.17041911,0.13845845,0.25202805,-0.0016755422,0.238715,0.15031748,-0.047535703,-0.23521459,-0.20965686,0.17559534,-0.7967816,-0.09077486,-0.16124609,-0.42816930000000003,-0.22065675,0.06490399999999999,-0.029229835,0.52945316,0.09886422,0.036599506000000004,0.238657,-0.31452984,-0.608848,0.17522223,0.4769138,0.433986,-0.007940951,-0.17482279999999997,-0.27384457,0.09331941,0.53742456,-0.39566937,-0.09499443,0.5285207,0.062246688,-0.04216353,-0.43368876,0.39564967,0.45260474,0.035727616000000004,0.32950917,-0.21374778,-0.48760825,0.3024157,0.25401172,-0.29346362,-0.16479258,-0.24894725,-0.026973445,-0.33401442,-0.08766977,0.59155506,-0.017802661,0.046850774000000005,0.04461841,0.22208939999999996,-0.15444751,-0.34043494,-0.17148806,0.05170427,0.3220743,-0.32774549999999997,0.18388402,-0.054752517,-0.64543664,-2.914478,-0.27477077,-0.14333846,-0.44346604,0.34579363,0.12415407,0.05145181,0.058072202,-0.67678595,-0.10072811,0.11756514,-0.029832885,0.53506553,0.19254729,0.46899927,0.29189348,0.39362168,-0.46957803,-0.3563349,0.53864115,-0.19593833,-0.21937561,0.24891579,-0.43046775,0.50996935,0.4378496,-0.04505887,0.051549327,-0.41567037,-0.5564435000000001,0.07845356,-0.5924359,-0.14873618,0.07947678,-0.31431440000000005,-0.30183109999999996,0.11603807,-0.48066857,-0.15511692,-0.49925929999999996,-0.12717359,-1.0420777,-0.056832027,-0.05875669,0.64877015,-0.020364216,-0.4740924,-0.41113216,-0.08805277,0.52611053,-0.04990813,-0.021946214,0.27672586,-0.45380694,0.113597535,0.120321475,0.17408754,0.4002216,-0.21756528,-0.29695088,0.17392735,-0.1206813,-0.28039145,-0.06573132400000001,-0.103476524,-0.05691843,-0.3497676,-0.26251498,-0.18663502,-0.005676509000000001,0.19868058,0.4275209,-0.38531706,-0.7216064999999999,-0.17625876,-0.10613304400000001,-0.13950166,-0.0023501578,0.2606044,0.19792426,-0.35698053,-0.016453827,0.012141822,-0.23886608,-0.1698689,-0.117583714,0.23487723,-0.14465357,-0.037163235,-0.49159944,0.24090302,0.24515137,-0.053620825999999996,0.44825354,0.025119476,-0.21754213,0.25986946,-0.3145567,0.19745617,-0.4154982,0.35853598,0.17639977,0.6687734000000001,-0.43713784,0.5629149999999999,0.035883926000000003,-0.84833926,-0.1916155,-0.039591882,0.071750015,0.31411192,-0.47962534,0.042393077,-0.14660771,-0.49539897,-0.06822103,-0.028516902,0.4925017,-0.005772151,-0.33969522,-0.11533298,0.35790154,-0.46612716,-0.33802340000000003,-0.31384176,-0.07182095,-0.21753083,0.24437676,-0.31331533,0.12796877,0.07392166,-0.11011397,-0.32656622,0.27837294,0.06494526,0.17859967,-0.19566312,-1.0168700000000002,-0.24764915,0.46174124,-0.040681493,0.27160555,-0.050442025,0.017273005,0.39583564,0.3267819,-0.21295437,-0.30948612,-0.20386067,0.077866055,-0.18273292,-0.25595745,0.0435598,-0.46326762,0.39576983,0.17462963,0.55573034,-0.037109658,-0.11811359,-0.061045848,-0.36623248,0.16796714,0.30773032,0.3191791,-0.2014777,0.19299874,-0.22066168,-0.09661439999999999,0.085565515,0.11339969,-0.23962104,-0.11321697,0.14514197,-0.13195789,-0.03702976,0.5355895,-0.028846338,-0.13433558,-0.083556965,0.42734122,0.09253683,-0.43119702,-0.3736414,0.049686387,0.47941136,0.5066323,0.34076977,-0.031910997,0.6159973000000001,0.082030386,-0.5013943000000001,0.42531064,-0.30955324,0.10332172,-0.64297295,-0.20907031,0.6747628999999999,-0.2993947,0.09903701,0.38545746,0.12248545,0.09546543,-0.23984663,0.19851966,-0.14780088,0.01614883,-0.059010855999999993,0.08292326,-0.17371266,0.3791625,-0.058036014000000004,-0.1217297,-0.13679664,-0.20359263,0.13639155,-0.4267428,0.04457702,-0.3100215,-0.31689546,0.29522038,-0.5333475999999999,-0.09700367,-0.004520031,0.038930997,-0.556045,-0.18361363,-0.29392087,0.08896901,-0.32006574,-0.29310393,0.0038468385999999998,-0.8859773999999999,0.39505002,-0.2702795,-0.06338318,0.18682954,0.1234547,-0.11412525,-0.061846633,0.13055514,-0.17515667,-0.22310977,0.04052703,-0.6549366,0.22561204,0.104613006,-0.35353974,0.53538084,-0.4023434,0.634794,0.24760959,0.13761581,0.1222202,-0.5053903000000001,0.59844816,-0.69807225,-0.0916518,0.17275608,-0.30209237,0.13006422,-0.123317845,-0.028407091000000002,0.007992771999999999,0.45305625,-0.046490837,0.28727420000000004,0.016866297,0.21061872,0.16774820000000001,-0.26925156,-0.21364681,0.15350008,-0.04629456,-0.35015044,-0.2309612,0.024504194,-0.30170652,-0.12643842,0.35082420000000003,-0.2847086,0.03687476,0.10277574,-0.3276075,-0.22187070000000003,0.46954066,-0.058824092,-0.19150735,0.10405735,-0.32260886,-0.043723597999999995,0.045772564,0.30824593,-0.071940474,0.4868679,-0.020556405,0.22729617,0.7307969,-0.0036443095000000003,-0.08538707,0.4229732,-0.13639146,0.17151351,-0.0677436,0.61063904,-0.3847357,0.24312897,0.048769400000000004,-0.49763417,0.45331198,0.22512963,-0.19399287,-0.465063,0.58492327,0.3699011,-0.3189086,-0.47495505,-0.14687318,-0.11609923,-0.1805071,0.34879825,0.09386860000000001,0.20580946,0.54251593,0.4992366,-0.031793657999999995,0.2664578,-0.31638288,-0.15954223,-0.14283077,0.088297956,-0.23713829999999997,0.37632963,-0.06093161,0.5987020000000001,-0.2127438,-0.17864779,0.18582499,-0.25688598,0.13615468,0.041483056000000004,-0.14109045,0.358104,0.55267036,0.44951704,0.5551550000000001,0.10489151,-0.012965704,0.10367470000000001,0.8255918999999999,-0.027022757,0.32050300000000004,0.48626703,-0.25582606,-0.010782993000000001,0.12581663,0.33752638,0.6141816999999999,0.05616553,0.04383351,0.19176020000000002,-0.07997811,-0.21427037,0.256212,-0.140587,-0.512897,0.022278324,0.06951518,-0.25812882,-0.17421135,0.12180295,0.14233315,0.19951808,-0.36223674,-0.09940838,-0.12842456,0.44908866,0.025118837,-0.21570818,0.22300129999999999,-0.05688227,0.122183725,-0.18874994,-0.5544846999999999,0.03937052,-0.0037787022999999998,-0.7575900999999999,-0.023385027000000003,-0.29542199999999996,-0.12563787,-0.25438565,0.07750853,-0.19627996,0.030698176,-0.036171325,0.29194787,-0.14936166,0.55920553,0.19794504,0.21334454,0.177576,-0.03178556,-0.58304924,-0.06324724,0.08525962,0.26628809999999997,0.1650193,7.862166e-05,0.2746872,-0.11367075,-0.089191936,0.05284979,0.32004607,-0.8129217,0.25311500000000003,0.13222091,0.07552387599999999,0.19908798,-0.03814329,0.05747065,0.07257855,-0.5520384,-0.15091504,0.05326459,0.5450948,-0.18890826,0.009752405,-0.029819383999999997,-0.01054047,0.077202834,-0.5848015000000001,0.30937317,0.2020642,0.18622376,0.14758562,0.043303475,-0.23436622,-0.08857599,0.16317426,-0.09443371,-0.06344595,0.38998428,-0.093019426,-0.16929469,-0.062103342,-0.21477234,-0.11120377,-0.08119275,-0.25403652,-0.015759093999999998,-0.4986893,-0.24908432,-0.15917413,-0.21959804,0.07236321,-0.2058323,-0.1614989,-0.036937437999999996,-0.25726852,0.12399862,-0.04545372
2,3,-0.07399349,0.028477017,0.5174126,-0.11403684,0.084267706,-0.34098059999999997,-0.067486346,0.44887835,-0.048629142,-0.21475032,0.011564476,-0.29983190000000004,-0.020288623999999998,0.37094897,0.085389376,0.36721793,0.036952715,0.081728525,0.021117387,0.11526138,0.22939318,-0.1787133,0.18719535,0.41840959999999994,0.5674992,-0.028323965,0.06766657,0.0031542909999999996,-0.3371032,-0.30166040000000005,0.5887365999999999,0.072099194,-0.11834938,-0.19023184,0.06539137,0.06726986,0.04505778,-0.20233566,-0.27574214,0.27521809999999997,-0.71277493,-0.102453135,0.20231444,0.08102949999999999,-0.25463167,-0.4909469,0.34791303,-0.35633698,0.2992698,-0.008098323000000001,-0.45461184,0.119236775,-0.1504553,-0.15669554,0.30632326,0.46252805,-0.33223159999999996,-0.5382657,-0.6755104000000001,-0.2428203,0.39454177,-0.27970394,0.10870025,-0.22061570000000003,0.24675617,0.22328886,0.14339128,0.36837715,-0.7512597,0.11422386,-0.24681336,0.07141991,-0.17061181,-0.0841658,-0.05305962,0.2637889,-0.14019829,0.41299295,-0.023796387000000002,0.04837961,-0.12220798,0.28157964,-0.30325294,0.37777713,-0.12703058,0.19669048,0.07813997,0.18403651,-0.14658731,0.76656276,0.15829173,-0.2667403,0.10491639,-0.08402213,0.09366884,-0.39969343,0.3268736,-0.103904225,-0.30191797,0.48096797,0.15724073,-0.112914905,0.058922555,-0.09216315,-0.03998356,-0.032693002,-0.08842,0.021724172000000003,0.005705415300000001,0.27095990000000003,0.19099101,-0.17752853,-0.23963116,-0.45484483,-0.16750641,-0.09831161,0.04144532,-0.09794804,-0.12873864,0.09156126,0.1453512,0.06099797,0.0031090032,0.55996674,0.22311348,0.12005036,-0.13349860000000002,0.41427675,-0.21161053,-0.34977344,0.09414442,0.1209193,0.08686818,-0.28654253,-0.19571434,0.05825687,-0.16185257,-0.37291837,-0.14986783,0.072746545,0.0062855463,-0.24111149999999998,0.36456725,0.054191712,0.07370916,0.04357267,-0.14053182,-0.18880007,-0.48837265,0.22948463,-0.06324492400000001,-0.17418256,0.03657894,-0.11608764,-0.24796115,-0.16136375,-0.17555109,0.14266318,-0.10555450000000001,0.18061839999999998,0.5114641,0.02382895,-0.10084179,0.39987013,0.17856969,0.34538588,-0.07949016,0.22214787,-0.06869813,-0.0153421005,-0.11169467,-0.21197781,0.49513933,-0.31713867,0.033870675,0.07170507,0.08680459,0.08210626,0.055233717,0.080100045,-0.4570843,0.16389942,-0.051978268,-0.064387165,0.2705258,-0.19064745,0.12561682,-0.0618385,0.35393116,-0.12543741,-0.40967426,-0.23808123,-0.23781958,-0.08378026,0.25368336,-0.48647773,-0.17887615,0.07360415,-0.36964467,-0.0009177218,0.22018786,0.24125685,0.14929247,-0.004603528,-0.24231285,-0.10213518,0.20441134,-0.20997477,0.12234956,0.28839597,-0.23560221,0.46251899999999996,0.07550462,-0.075319834,0.097526625,-0.02011332,0.19847313,-0.34786582,0.045672312,-0.12596223,0.20502897,0.25274724,-0.37882313,0.2595618,0.012495331,0.80097693,-0.25989845,-0.65373206,0.2154065,0.44994876,-0.036508236,-0.4838514,0.6417235,-0.03719594,0.09884502,0.11493662,-0.5816639,-0.34831858,0.1462299,-0.03057034,-0.06085236,0.23759933,0.041452717,0.16579996,0.06409817,0.05456031,-0.09978013,0.04099318,-0.053240015999999994,0.010489101,-0.3506515,-0.33086425,-0.044817835,-0.43650436,0.062219504,-0.29788372,-0.18368018,-0.47467628,0.05001201,0.26422340000000005,0.3619551,0.019718992,-0.13435607,0.1956984,-0.20471197,-0.5121064999999999,0.16406465,0.4543879,0.24176401,0.17855717,0.07217236,-0.1609132,-0.20458476,0.5243291,-0.18791765,-0.04772238400000001,0.31048244,0.012922477,0.09523136,0.01332075,0.18382934,-0.08207869,-0.24913718,0.15950768,-0.0034726709999999997,-0.307287,0.26181775,0.066249125,-0.40691087,-0.16563097,-0.12226282,0.19560918,-0.32644895,-0.3129666,0.5678588999999999,0.05862074,0.112937614,0.37093344,0.21407354,-0.13824561,-0.10260547,-0.14761959,0.17539686,0.079100125,0.0020091839,0.16875398,-0.22743155,-0.54007936,-4.0302242999999995,-0.07770648,0.042538393,-0.41505682,0.1067192,-0.08915047,0.06716387,-0.20441335,-0.25575325,-0.23161788,-0.30781657,-0.19500285,0.31962267,-0.013423958,0.1459366,0.26952696,-0.009159781,-0.29333994,0.057715524000000004,0.532343,-0.32545507,-0.4233298,0.22018097,-0.11549165,0.17050356,0.44823313,-0.23773515,-0.27297488,-0.040278528,-0.12835819,0.22830965,-0.13008666,0.18232332,0.34934965,0.021527331,-0.05157321,0.03349561,-0.53021544,-0.17428493,-0.48058999999999996,0.10026254,-0.6732869,-0.022135222000000003,-0.22238046,0.8427992,-0.32181072,-0.11421326,-0.053916547,-0.12282077,0.24516754,-0.00869829,0.06677521,-0.1927335,-0.29226613,-0.2433266,0.32444292,0.07232919,0.33461925,-0.2880107,-0.21864997,0.005081748,-0.37593356,-0.43598983,0.0029124259999999996,-0.058892112,-0.36614436,-0.4609803,-0.15063497,0.14707804,-0.20893757,0.07613183,0.6780163,-0.20366022,-0.43578514,-0.14404179,-0.30101308,0.14326918,-0.14929579,0.33507726,-0.040618613,-0.26774785,-0.18816374,0.21295631,-0.13163371,-0.11327553,-0.23900455,0.25602713,-0.03479885,-0.38116354,-0.7687745,0.16412005,0.15732636,0.14400074,0.09890556,-0.011763474,-0.18004616,0.24395909999999998,-0.21366374,0.04721191,-0.24008928,0.3376717,0.24429944,0.45925382,-0.26048955,0.12825747,0.06564594,-0.40239847,-0.10127404,-0.006612356999999999,0.021875244,0.38158038,-0.35351896,0.28606993,-0.148602,-0.20152998,-0.10737436,0.14244363,0.41977109999999995,-0.047533005,-0.31856036,0.095535174,0.41556454,-0.33880818,-0.18148361,-0.6146199999999999,-0.040013142,-0.28035740000000003,0.3011094,0.025470134,-0.0154076675,-0.030773822000000003,-0.32101914,-0.2895953,0.41712224,0.24831556,0.10828697,0.025641765,-0.41765237,0.016092508999999998,0.12399495,0.01610294,0.4771513,-0.20951824,0.038524676,0.033260826,0.14894518,-0.084578454,0.14366737,-0.26946163,0.07957496,-0.34432873,-0.37899852,-0.14209887,-0.3807561,-0.01539966,0.23117165,0.31882113,-0.04146969999999999,0.060130965,-0.38347054,0.13451210000000002,0.057412025,0.31960616,0.15219973,-0.009450529000000001,0.64308804,-0.14056633,-0.063049465,0.09133715,-0.044043317,-0.5869184000000001,0.20985508,0.010081206,-0.34241083,0.15556364,0.43280163,0.067102015,-0.20626755,0.070105225,0.3560778,0.047703873,-0.1781424,-0.00024214157000000002,0.013593786000000002,0.31868345,0.001839102,0.30148563,-0.26905915,0.11194559,0.1321882,-0.2728392,0.44408506,0.016719358,-0.08421316,-0.20511563,-0.11648879,0.22221674,-0.42609873,0.06334722,0.12839995,0.29472515,-0.02758077,-0.5238095,0.31203759999999997,-0.25459436,-0.088446565,0.18585062,0.10818229,0.020227231000000002,0.091036506,-0.17948036,-0.33843607,-0.35929424,0.043011222,0.015609129,-0.48688957,-0.1818132,-0.027739299999999998,-0.26022628,0.29488674,-0.015789446999999998,-0.06884881,0.4541952,0.09343326,-0.23826638,-0.009116166,0.080325164,0.23306088,-0.12383864,-0.094495416,-0.08580726,-0.8392311,0.08072424,-0.017604098000000002,-0.38849533,0.25585032,-0.2449971,-0.46270323,0.18588805,0.010184039,-0.3141957,0.07292510599999999,-0.15605444,-0.5367022,-0.060112125999999995,0.08330112,-0.17236261,0.412491,-0.13807607,0.60364574,0.10893848,0.09347884,0.03144892,-0.31562057,0.008948605,-0.36537522,-0.12973249,0.117006674,-0.35911575,0.13207681,0.060198434,-0.09333510000000002,-0.20751114,0.19698235,0.24252936,0.109469995,-0.011425368,0.16339216,0.09378275,-0.48205596,-0.094605185,0.023183871,0.04032312,-0.21919458,0.18013346,0.019824892,0.14062487,-0.51210266,0.3120198,-0.37210092,-0.2729527,0.016725212,0.05772416,0.03287704,0.29503822,-0.37672540000000004,-0.30409974,0.41957894,-0.10803185,0.04248221,0.33085346,0.14719872,-0.40411016,0.007440237,-0.27390359999999997,0.19892459,0.98972744,0.0144675085,-0.008674307,0.33816168,0.10643824,0.05308625,0.21686111,0.16174752,-0.22620410000000002,0.31421056,0.0022296763,-0.6270656,0.14164765,0.14188214,-0.22889495,-0.31784819999999997,0.64584285,0.37369528,-0.27731076,-0.2690803,-0.09941060000000002,-0.39493576,-0.044488333,-0.15837646,0.21592416,0.064991504,0.49688348,-0.07287804,0.14239343,0.10277016,-0.081436984,-0.20267688,0.09911582,-0.119333126,-0.10434991,0.42155102,-0.14334024,0.29253979999999996,-0.05489866,-0.0013309110999999998,-0.055864435,-0.38392740000000003,0.06979525,0.25001648,-0.35514137,0.08849628,0.30269164,0.25272113,0.44420868,0.32843342,0.41428509999999996,0.23175393,0.54448766,0.50245863,0.28843912,0.41544542,-0.05562613,-0.26282057,-0.016090402,0.29039657,0.21531220000000004,0.21826184,0.13768356,0.6892951999999999,0.21036206,0.38503486,0.56081796,-0.41164940000000005,-0.47921795,-0.14089046,0.2886585,-0.19644806,0.010495121000000001,0.13742296,-0.05002331,0.090216905,-0.5044667,-0.31846032,-0.23941183,0.32927059999999997,-0.00700214,-0.06934279,-0.031066654,0.2061469,-0.040792472999999996,-0.0038467578000000004,-0.58266145,-0.20956284,-0.15436715,-0.49799806,-0.032682452,0.14162339999999998,-0.093670644,-0.4042171,-0.08757960000000001,-0.0829109,0.32496840000000005,-0.02325028,0.10079051,-0.16550402,0.33652034,0.20847829999999998,0.51619077,-0.06194883,-0.08121431,-0.25729924,-0.18849322,0.075732715,0.65708125,0.1712425,-0.13844348,0.451946,-0.5096995,-0.17637461,0.053792953,0.38520178,-0.5698536,0.15684488,-0.10232100000000001,0.039972916000000004,0.10490182,0.25088271,-0.2571768,-0.048729703,-0.30289343,-0.08677432,0.104367636,0.22242653,-0.123529725,-0.017719012,0.19053069,0.0603091,-0.08117166,0.11328644,0.27328387,0.07518041,0.09381215,0.19187970000000001,-0.12142565,-0.5311328000000001,-0.35187408,0.18729520000000002,-0.13007852,0.2974002,0.21431188,0.32447925,0.32048340000000003,-0.25485990000000003,0.48406509999999997,-0.14473429999999998,-0.08790733,-0.3042183,-0.6237666999999999,-0.3138995,-0.041221127,-0.04932397,0.008152808000000001,-0.50211805,-0.04133866,-0.13827603,-0.13458236,0.04675747,0.21759985,-0.05583214400000001
3,3,-0.24584031,0.17880267,0.23857144,0.21978672,0.26538074,-0.50147235,-0.3156047,0.22937751,-0.19436370000000003,-0.090696014,-0.16378781,-0.4121419,0.36881223,0.6017835,0.0709947,0.34677887,-0.13418671,0.070979066,-0.089287475,0.10275669,0.18231764,-0.2486341,0.027474375,0.36128038,0.54620874,0.015026473,-0.10951469999999999,0.22481410000000002,-0.4056062,-0.07023969999999999,0.2619719,0.13197948,-0.4290902,0.067345574,-0.0455661,-0.08674102,-0.18106292,-0.23198274,-0.19924964,0.10337276,-0.49587616,0.11691513,0.14362876,0.10879732,0.08053631,-0.39128932,0.3692703,-0.1466676,0.11957697,-0.10367912,-0.37720278,0.11987171,0.10395784,0.003989988,0.0029064738,0.44488755,-0.050120097,-0.34961290000000006,-0.46066709999999994,-0.13586769,0.5016922,-0.103791356,0.29188135,-0.3741505,0.5173666,-0.0025274085000000003,-0.04755226,0.23979077,-0.6573666,0.11404642,0.036908276000000004,0.16860032,-0.27877513,0.09052721400000001,0.008447558,-0.07901232,-0.13372229,0.31877434,-0.06293868,0.0036926055,-0.07739578,0.64711094,-0.22738187,0.29409885,-0.26054814,0.47594129999999996,0.03483921,-0.15823914,-0.44789886,0.5907378000000001,-0.06438237,-0.028224515,0.21616307,-0.030890431,0.072855465,-0.3424693,0.25854242,-0.12989554,-0.12829646,0.37545276,-0.17615941,-0.1620491,-0.12024224,0.14095055,-0.15629962,-0.26500204,0.07682049,0.17944199,-0.013045935,0.18292257,-0.21232659,-0.1220452,-0.14869367,-0.39641634,-0.44697282,0.14222892,0.0030606603000000003,-0.21311405,-0.02801249,0.36112937,0.045126993,0.23527877,0.34029046,0.60951054,0.39600015,0.09886778,-0.00749023,0.53477746,0.20179623,-0.32346568,0.14808713,0.24544755,0.18234865,-0.39879212,0.06287624,0.18213712,-0.25156933,-0.5121241,-0.32467476,0.10497548,0.10376034,-0.20197779999999999,0.3458175,-0.1457921,0.0013326554999999998,-0.07418609,-0.28767505,-0.113280796,-0.47092214,0.25946805,-0.12289703,-0.21968314,-0.10367205,0.09460477,-0.20873591,-0.18503955,-0.23561592,0.18346292,-0.12841344,0.12380566,0.44383317,0.0008868438000000001,-0.4434752,0.4714377,-0.17909952,0.11444349,-0.16466758,0.40064126,-0.13487622,-0.008619996,-0.22753112,-0.21988182,0.24719179999999996,-0.3134875,0.0209347,-0.12303201,0.023310887000000002,-0.023979077,0.13778016,-0.08751501,-0.70534986,0.06934776,-0.04549546,-0.3680802,0.17391007,-0.12906030000000002,0.40625992,-0.014265867,0.4761619000000001,0.06872885,-0.23522203,-0.30501822,-0.34294009999999997,-0.08546499,0.032091617999999995,-0.46427634,-0.13529925,0.14500777,-0.19467366,0.09071185,0.05226205,0.01736302,0.018835353,-0.10254463,-0.13020532,0.0051450455,0.19987149999999998,-0.10017927,-0.019994656,0.19127165,-0.27541740000000003,0.54320765,0.37925193,-0.26775129999999997,0.37330824,-0.43896767,0.33099505,-0.39221692,-0.046689194,-0.11173969,0.38087782,0.09332728,-0.16895252,0.40888009999999997,-0.08617849,0.66902244,-0.07728964,-0.44886023,0.35897785,0.32917179999999996,-0.014941252,-0.42812887,0.74904567,0.15005164,-0.06645104,0.049089852999999996,-0.63416713,-0.007451597,0.059829753,-0.0068042767,-0.074888684,0.23929004,0.36098070000000004,0.043723847999999996,0.3279187,0.01408432,-0.06428663,0.06957128,-0.21459645,-0.27458853,-0.5005997,-0.57972425,-0.10028469599999999,-0.5470341,-0.1430751,-0.30714017,-0.008625475,-0.38944566,-0.13773309,0.12903096,0.32013032,-0.16049705,-0.27266484,0.25527849999999996,-0.41619486,-0.37843928,0.18189216,0.19205204,0.3596357,0.45112944,0.16196167,-0.2018159,-0.024134537,0.35680318,0.025814896,-0.38526472,0.5056438,0.2001559,-0.041954000000000005,0.014679632,0.35443836,-0.11686194,-0.041657638,0.038516767,-0.16267414,-0.19122943,0.27762994,-0.30451673,-0.35001764,-0.19497395,-0.061259307,0.047017552000000004,-0.3627439,-0.44122604,0.4021012,-0.05237858,-0.2738328,0.2206063,0.06483094,-0.03788436,-0.4477244000000001,0.016462388,0.10942002,0.009782251,0.080347255,0.23935436,-0.15230246,-0.28288737,-4.7719593,0.008757964,-0.28916755,-0.41486245,0.03749049,0.003241496,-0.0011293247,-0.22906524,-0.16513985,-0.12374742,-0.35480508,-0.17192148,0.32974628,0.15301108,0.10677473,0.38226008,-0.089997925,-0.080891445,0.08661977,0.58758074,-0.14832751,-0.6514127,-0.073156975,0.01961644,0.30004949999999997,0.45158678,-0.3441494,0.22483848,-0.32544994,-0.36896387,0.17137285,-0.029153295,0.18754764,0.057556264,-0.050534785,-0.1338906,-0.12812504,-0.16215765,-0.073582835,-0.43177405,-0.08451894,-0.41299087,-0.12081514,-0.3046621,0.6003173,-0.34776047,-0.09127005,-0.040531304,-0.14305899,0.39432964,0.11960901,0.087599106,0.0951805,-0.18359685,-0.29889333,-0.0028385979,0.11656593,0.25739059999999997,-0.4223192,-0.23330265,0.26841044,-0.23656754,-0.5375316,0.009997394,-0.012693455,-0.39705575,-0.13097998,-0.11167482,0.07100274,-0.04693448,0.020901248,0.35569426,-0.17551437,-0.7537307,-0.14293599999999998,-0.14411362,0.27779752,0.12022471,0.17230820000000002,-0.017704165,-0.34425706,-0.18871994,0.27701187,0.18645345,-0.26244098,-0.062533066,0.32141837,-0.260255,-0.43890783,-0.49144560000000004,0.06610821,0.041412227,0.12169414,0.1744629,-0.29729208,-0.15716656,0.32966405,-0.25442806,0.17413189,-0.21790306,0.48708320000000005,0.11464641,0.47168565,-0.07019652400000001,-0.26995707,0.08807611,-0.19676545,-0.042294952999999996,-0.053989246,-0.21925083,0.4825147,-0.39396957,0.32252488,-0.30089122,0.15904696,0.14667128,0.27301812,0.41922578,0.1600426,1.0239773000000001e-05,-0.002197711,0.37389234,-0.3053008,-0.19849317,-0.7055647,0.164011,-0.39035437,0.21686001,0.10264627,0.009175758000000001,-0.011668356999999999,-0.33776540000000005,-0.07269387,0.13299862,0.3020939,-0.20308095,0.10723163,-0.25526407,0.20142376,-0.26935333,0.27851406,0.4184423,-0.15789711,-0.15389845,-0.015060741,0.27527517,-0.11259897,0.512199,-0.20708507,0.40264514,-0.35320595,-0.48213577,-0.03422789,-0.054468326,-0.12101644,0.094549544,0.39989462,-0.058145877,0.08567839,-0.14029816,0.07459493,-0.16908655,0.35650486,0.1958144,-0.20433833,0.6101531,0.0056112409999999995,-0.09333757,0.018295784,0.15552971,-0.19120847,0.035450358,0.038423665,-0.40271276,0.1655955,0.19658570000000003,-0.04821412,-0.09098144,-0.07192671,0.39827377,-0.03860813,-0.32021555,0.23086093,0.08879712,0.102033086,0.25251827,0.10389080000000002,-0.13958599,0.13477212,0.12749639,0.14309433,0.17533627,-0.19284756,-0.13239588,0.1705385,-0.32793602,0.3733227,-0.3699362,0.044065177000000004,0.15273425,0.18828605,-0.051600542,-0.12306997,0.25499246,-0.133324,-0.06729652,0.34525585,0.22530654,-0.011468316999999999,-0.082593024,-0.033804204,-0.1848142,-0.49968429999999997,-0.16872373,-0.019267473,-0.19401859,-0.010173399,-0.38611332,-0.2576138,0.3704433,0.10276026,-0.05659692,0.49340913,-0.011014032,-0.009148338,-0.024133223999999998,-0.0009270647,0.16997904,-0.267965,-0.23866196,-0.099129885,-0.6975363,0.15110716,0.10119369,-0.07899397,-0.053818654,-0.41270509999999994,-0.20497926,0.5539427,-0.21128921,-0.43418,-0.13974752,-0.07461219,-0.50071305,-0.060472537,-0.06230837,0.13616434,0.38433212,-0.118173786,0.59103924,-0.067703456,-0.24252471,-0.14708003,-0.3135435,0.24287173,-0.29542843,-0.18803498,0.1467487,-0.28581208,0.053890905999999995,0.024469627,0.07803774599999999,-0.16682051,0.09908986,0.11007932599999999,0.27159238,-0.22948071,0.15375650000000002,0.14252019,-0.41249052,0.005324965,0.14902267,0.039904613,-0.41379684,-0.03430248,0.060387485,0.04680034,-0.48312744,0.07445369,-0.19075704,-0.0991862,0.13663797,0.22966388,0.05745097,0.43244340000000003,-0.32289470000000003,-0.60178095,0.47851640000000006,0.08342881,0.044471852,-0.10418219,0.07298178,-0.6190745,-0.020132447,-0.34104836,0.28055316,0.9225768,0.012178887,0.068357006,0.2788007,-0.0015205313,0.0321595,0.22944045,0.26943746,-0.2159428,0.37280643,0.16003463,-0.40431926,-0.0814166,0.30982944,0.18598649,-0.14871410000000002,0.38910797,0.42247534,-0.23492612,-0.5119917,-0.3456897,-0.31978179999999995,0.12314141,-0.18553223,0.43183836,-0.05253584,0.46882799999999997,-0.2929658,-0.2800187,0.23131278,0.018120138,0.04818041,0.112662256,0.031029606,0.15617652,0.43729705,-0.04238628,0.14661235,-0.16266370000000002,-0.15732034,-0.028470526,-0.01040238,0.31143773,0.15821888,-0.32417446,0.18224049,0.17939427,0.14234975,0.3335287,0.33351728,0.26073396,0.12942329,0.32836607,0.4878222,0.14158779999999999,0.27626799999999996,-0.12236084,0.0030338014,0.20459673,0.41189268,0.15982807,0.2905871,0.044462435,0.8607445,0.313934,0.5549348000000001,0.36923364,-0.43729493,-0.24029878,-0.07429272,0.010173719,-0.28185868,0.18500908,-0.024971599999999997,0.036776207000000005,-0.011611871999999999,-0.41997263,-0.2929609,-0.32137614,0.05009322,0.23903155,-0.18929936,-0.033820800000000005,0.38515526,0.14687392,0.24607717,-0.37261558,-0.49285242,-0.23539318,-0.617078,0.21733962,0.3583932,0.060635872,-0.43279043,-0.12263031,-0.17232,0.21134487,0.025699545,0.013019366000000001,-0.13284022,0.24317807,0.32788682,0.67904204,0.009960387,0.22546159,-0.13939203,-0.0035923605,0.009990566,0.34173658,0.12783082,-0.2064592,0.26642259999999995,-0.53267944,-0.34843979999999997,0.029908767000000003,0.55735344,-0.6196887,0.2298156,0.11241155,-0.07170281,0.0028204178000000002,0.27443773,-0.20469743,-0.024697918,-0.1896106,-0.5655388000000001,0.16881756,0.31024864,-0.28634652,-0.10332985,-0.02469037,0.40054559999999995,0.079034165,-0.006117325,0.048338294000000004,-0.06780869,0.2608536,0.17084615,-0.23087853,-0.38431394,-0.6015849,0.045193102,0.19162379,-0.09986761,-0.081147745,0.5802546,0.2707162,0.23685852,0.29784024,-0.09908961,-0.1114097,-0.05379609,-0.5858477,-0.14520328,0.07132512,0.1374329,0.0010801941,-0.3059373,0.0025801766,-0.17402717,-0.047224972000000004,-0.04525688,0.43017510000000003,-0.32597962
4,3,-0.35351896,0.18935852,0.27079746,-0.11523464,0.13854885,-0.3192058,0.00033531117,0.26074708,0.18925703,-0.2142053,0.08435263,-0.14823005,0.28448725,0.12487968,0.19918849,0.42403950000000007,-0.06363631,0.16205096,-0.22966495,0.13244168,-0.30413866,-0.27728012,0.40945956,0.6638754,0.4141079000000001,0.17760617,0.15854518,-0.053501133,-0.16800249,-0.09290326,0.65844756,0.11351669,-0.14949182,-0.368336,0.053960055,-0.17532052,0.08415338,0.046042725,0.06872450599999999,0.32475972,-0.7746476,-0.46538270000000004,0.09541113,-0.041870926,-0.22478174,-0.50409645,0.29067376,-0.24743696,0.21834865,-0.09338737,-0.4989257,0.07779578,-0.06763626,-0.23041669,-0.15151642,0.55428565,-0.08266256,-0.6082234999999999,-0.5878358,-0.33902773,0.272986,-0.16950782,-0.1784567,-0.3113601,0.3478645,0.17775339999999998,0.09504227,0.5885975999999999,-0.7573626999999999,0.11176747,-0.15350801,0.1438805,-0.014889247,-0.089971304,-0.042575645999999995,-0.24117894,-0.24712493,0.66553557,0.0100211855,-0.06578812,-0.118242815,0.31698942,-0.0906595,0.4983585,-0.16031002,0.309479,0.09597430400000001,0.08971003,-0.39785245,0.8808212,0.12393441,-0.31183273,0.12253773,-0.10513875,-0.040313967,-0.205702,0.29599077,0.1520989,-0.28669515,0.08114884,0.022327125,-0.09732142,0.01795594,-0.094398014,-0.026862168999999998,0.06020795,0.07056119999999999,-0.07981236,-0.028061539,0.21689552,-0.031154497000000003,-0.29100657,-0.22743249999999998,-0.21355754,-0.17505702,0.01999603,0.0005230686,-0.30928140000000004,-0.13137124,-0.10931868,0.35431630000000003,0.16794728,-0.049235615999999996,0.60430276,0.10670736,-0.10844532400000001,-0.10618846,0.34001094,-0.10229034,-0.19925494,0.3352441,-0.011190428999999998,-0.027276582999999997,-0.06628536,-0.21025354,0.21307035,-0.16709228,-0.30247697,-0.36159703,0.37634113,-0.019340516999999998,-0.38867146,0.252159,-0.16691762,0.14430799,-0.14183344,-0.33855727,-0.093355514,-0.28364664,0.11864546,-0.03317691,-0.10306703,-0.26140293,-0.19760629999999998,0.004598205,-0.18075232,-0.15282273,0.08565347,-0.06843439999999999,0.17684548,0.22816892,0.09403231,-0.18962501,0.31231590000000004,0.11996529,0.42488378,-0.19012721,0.10972831400000001,-0.2873502,-0.17303254,-0.28304723,-0.3724324,0.579824,-0.25157306,0.042145497999999997,-0.0129643325,0.104538925,0.086858265,0.0763334,0.21598192,-0.5032343,0.32232875,-0.15231836,0.0007124213000000001,0.721287,-0.20970759,0.029421719,-0.20390043,0.10909238,-0.07495709,-0.3447946,-0.52337736,-0.27157202,0.049189538,-0.04255556,-0.3153581,0.00022219277000000003,0.01622446,-0.14077239,0.023587407999999997,0.15263209,0.16931258,-0.16254847,0.17166403,-0.27278620000000003,0.23562075,0.55620974,-0.33232722,0.07472675,0.18717703,-0.33369565,0.26975766,0.0059375153000000005,-0.053360082,0.18150248,-0.061409652,0.1137893,-0.27021277,0.108464986,-0.19787982,0.20860223,0.12618853,-0.28347182,0.45816049999999997,-0.11025464,0.9170866,0.049274687000000005,-0.87363756,0.19948433,0.572024,-0.09834207,-0.47823509999999997,0.31645635,-0.28416315,-0.058996618,0.20085137,-0.61239433,-0.08614626,0.18395999999999998,-0.03583943,0.079166815,0.25866377,-0.012406368999999999,0.039765466,0.22819684,0.031228516,-0.17623726,-0.078120925,-0.050352015,-0.11177437,-0.2985248,-0.14946373,0.13350211,-0.3621812,0.048122793,-0.32910064,-0.069177926,-0.23762643,0.13036355,0.13521525,0.27175720000000003,-0.0075105195999999996,0.0040920805,0.15472259,-0.35238263,-0.40877065,0.1732847,0.15790716,0.46416482,0.24526869,0.06377134,0.05617315,-0.034988277000000005,0.40917236,-0.29615697,-0.09318013,0.55462116,-0.06028405,-0.061248064000000005,-0.21228276,0.49740619999999997,0.16894984,-0.0540964,0.01983541,-0.034694973,-0.053265665,0.14923675,0.36241323,-0.31312016,-0.12221491,-0.015539878,0.20714794,-0.33531615,-0.037604522,0.33274570000000003,-0.055913325,-0.033812415,0.28439590000000003,0.15208429999999998,-0.20918415,-0.42808485,-0.08670075,0.20866904,0.1267851,0.25683360000000005,-0.009786610500000001,-0.033460874,-0.52756774,-4.099922,-0.05795147,-0.35817844,-0.15570638,0.35394782,-0.09102121,-0.25216398,0.026336562,-0.40967295,0.105220884,-0.31685364,0.022866723999999998,0.47233257,-0.06718735,0.21587716,0.36982355,0.08403275,-0.23126566,0.17398041,0.57418704,-0.27473143,-0.6049164,0.19729012,-0.11848723,0.38124722,0.5167337000000001,-0.36147904,0.27885634,-0.32316026,-0.2762144,0.01117673,-0.14458923,-0.0052577093999999994,0.29675764,0.030284144,-0.38725784,-0.27009574,-0.54800826,0.07141384,-0.48585546,0.12941892,-0.71180695,-0.24980210000000003,-0.27724925,0.80282515,-0.10704346,-0.11944459,0.068813965,-0.15920243,0.16332237,0.084129035,0.13198419,-0.12163888,-0.07261531,0.023100283,1.9089596e-06,0.18425703,0.23637475,-0.5255102,-0.17931353,0.32008928,-0.48353928,-0.5270853,0.1344008,0.00089341804,-0.3342948,-0.05399462,0.15243009,-0.2787095,-0.066641144,0.108158045,0.455499,0.0027393633,-0.6322678,-0.21340533,-0.41128778,0.27208495,0.07371859,0.25776204,-0.29199493,-0.030701257000000003,-0.12720609,0.27631983,-0.051560782,-0.22315283,-0.041291203,0.2895021,-0.07836443,-0.17398295,-0.24139564,-0.08056916,0.16644238,0.10362302,0.16127066,0.16240239,-0.13190751,0.36640933,-0.1627632,0.08740326,-0.36294624,0.14349869,-0.07539904,0.38543084,-0.24349022,0.19583888,0.28082362,-0.21111860000000002,-0.119197495,0.029021595,0.069043286,0.45866823,-0.29246596,-0.0091329,-0.1942307,-0.13977318,-0.08684633,-0.010395434,0.43612707,0.21558579999999997,-0.027500015,-0.03575214,0.38229257,-0.20049214,0.118207455,-0.7571358,0.13157757,-0.47623125,0.36343026,0.09965579,0.014381583,0.16147934,-0.30734659999999997,-0.03688016,0.38047418,0.187608,0.14745145,0.03183606,-0.5393958000000001,-0.23539808,-0.005995391,0.32723647,0.60073894,0.017764132,-0.07607683,0.015192211,0.35012162,-0.13904786,0.1389642,-0.08460302,0.14619142,-0.41956005,-0.3442269,0.025609062999999998,-0.47901374,-0.19421254,0.23764244,0.39075503,-0.2614604,-0.011274753,-0.31950608,0.25349364,0.10823631,0.07004604,0.24564421,0.24509250000000002,0.79572225,-0.0587679,-0.23676854,0.12245123,0.03460413,-0.35914177,0.0060221282999999995,-0.14313492,-0.30026186,-0.09698035599999999,0.34609613,0.18618281,-0.14171216,-0.022152132999999997,0.5288577,0.03947574,0.0760449,-0.08704426,0.25659287,0.2939195,0.07156554,0.20697936,-0.12372593,0.02194082,0.11111766,-0.3034272,0.06799629,-0.28326437,-0.06790842,-0.14658624,-0.043939434000000006,0.3473155,-0.25861046,0.07688353,0.16973989,0.1175618,-0.019077916,-0.2899616,0.2899672,-0.23346364,-0.18452239,0.12612376,0.029109426,-0.12260578,0.08269447,-0.15307947,-0.16651028,0.06890526400000001,0.13053302,-0.025804808,-0.36366063,-0.13185999999999998,-0.10764166,-0.24038894,0.008315004,-0.08878286,-0.1845967,0.26848796,-0.12465276,-0.22481350000000003,-0.03409143,0.019239739,0.09958779,-0.09740351,-0.25634035,-0.06878776,-0.59294397,0.24610282,0.20060812,-0.05723541,0.22931032,-0.22268263,-0.44960913,0.20235604,-0.21798024,-0.19882202,0.17247896,-0.06553329,-0.52262515,-0.13458810000000002,-0.047322944000000006,-0.0027531928,0.46843725,0.0018165688,0.6529334,0.25519744,0.080246925,0.11787374,-0.23528127,0.12523884,-0.38142133,-0.22163035,0.04831838,-0.3055175,-0.26145318,-0.07603609,0.09050962,-0.27146026,0.063992746,-0.01130367,0.36144966,-0.27314615,0.022034004,-0.05174293,-0.52352923,0.14785062,0.04459157,-0.2594174,-0.157394,0.025684532000000003,-0.013316303500000001,-0.14421746,-0.33902943,0.1267217,-0.2389111,-0.36016220000000004,-0.045075182000000005,0.021248061000000002,0.37034976,0.50985837,-0.24566954,-0.3946118,0.3637351,-0.019306185,-0.0038434466999999997,0.25948936,-0.1430767,-0.18472256,-0.010093793,-0.5783545,0.120314404,0.72124535,-0.050841488,-0.10312541,0.060452648,0.022277735,0.15182617,0.24978133,0.16318953,-0.2933823,0.31921184,-0.08009998,-0.8292408000000001,0.26181453,-0.12595303,0.032980036000000004,-0.32447836,0.47033903,0.34984529999999997,-0.23449838,-0.50001395,-0.1260114,-0.38210532,0.09351957,-0.17215505,-0.05266588,0.059315572999999996,0.52533364,-0.16012518,0.18843465,0.29502827,-0.17777010000000001,-0.18672535,0.14653772,0.259783,-0.10500530000000001,0.5601077,-0.3267246,0.38009125,-0.24476030000000001,-0.10846948599999999,0.21798244,-0.0853534,0.27537096,0.21844575,-0.18453439,0.5032183,0.5898051999999999,0.2890237,0.42593154,0.12627816,0.38728723,-0.060306452,0.6166994,0.082624026,0.36209485,0.08990473,0.019696064,-0.11295016,0.03335881,0.38531205,0.06551233,0.3048101,0.0788604,0.7692323,0.30417377,0.044688214000000004,0.7183213,-0.49495897,-0.5056558,-0.4528548,0.03414271,-0.4543442,0.12229670599999999,0.29838377,-0.07029917,0.015454372,-0.42429793,-0.2830255,-0.11209571,0.043990195,-0.13488214,0.07147785,0.07187221,0.3893262,0.04182254,-0.051139582,-0.51895887,-0.42049465,-0.36674312,-0.30942714,-0.05798296,0.25135687,0.20411758,-0.23329894,-0.14354974,-0.14438167,0.20048581,-0.22116342,0.19730917,-0.36299965,0.26582056,0.11018900000000001,0.6816675,0.118972324,0.0020675599,-0.06756399,-0.37987632,0.11874886,0.5094850999999999,0.102679886,-0.10634613,0.36878848,-0.42615375,-0.12292666,0.041709172999999995,0.42645827,-0.5713939,0.35931376,0.21249683,0.11168966,0.12643632,0.13003132,-0.082319476,-0.046961225999999995,-0.5369474,-0.33036309999999997,0.28418967,0.26495433,-0.07611591,0.09381773,0.012190285,0.20748588,-0.034976017000000005,0.24017179,-0.14778629,0.114907056,-0.043579083,0.0035244584999999996,-0.17077884,-0.35342762,-0.35125834,0.15211578,-0.1639557,0.060484357,-0.068496525,0.36605102,0.19480388,0.07788678,0.38791102,-0.32827088,-0.21887568,-0.5167019,-0.27258387,-0.38565862,-0.17847206,-0.12008323,-0.08294589999999999,-0.14586246,0.23675014,-0.010882803,-0.46699163,-0.08302833,0.1944654,-0.26579943
5,3,-0.23705246,0.044243976,0.44204533,-0.12381346,0.18806297,-0.3367418,0.0017542781,0.44708094,-0.07192341,-0.427961,0.098093085,-0.35076556,0.188446,0.34996358,0.13868816,0.5958446,-0.025564517999999998,0.1396471,-0.14641772,0.21307911,0.10558889999999999,-0.3463164,0.31899512,0.596583,0.49642107,0.17506343,-0.17214444,-0.048520517,-0.25970912,-0.113538615,0.46792870000000003,-0.017755661000000002,0.021576835,-0.26854859999999997,0.09327705,0.17369455,-0.27006617,-0.20552915,-0.21767372,0.28962883,-0.7565616,-0.32808667,0.22936170000000003,0.08243157,-0.23529881,-0.42555790000000004,0.22468568,-0.24014936,0.12375535,0.16049382,-0.37208969999999997,0.12188905,-0.2763443,-0.35015297,0.036666058,0.602404,-0.07839904,-0.50914043,-0.6100861999999999,-0.38283214,0.2750053,-0.14988184,-0.16317818,-0.5024299,0.29212376,0.073484756,0.16391903,0.43569395,-0.89147097,0.037402574,-0.09889629,0.10360709,0.11771118,0.14102568,-0.2263306,-0.16214249,-0.27372828,0.5064185999999999,-0.04226885,-0.039315197999999996,-0.21810196,0.32231584,-0.44954659999999996,0.47085646,-0.14843346,0.30985050000000003,0.14335499999999998,0.09702858,-0.40165842,0.77953047,0.21444467,-0.40347737,0.15025122,-0.075207464,0.09212984,-0.32409629999999995,0.33704317,-0.05043884,-0.42321357,0.30131203,0.16882698,0.19180654,-0.055910002,-0.07720331,0.0050775646,-0.117398426,0.13461782,0.12917645,0.003808937,0.28898808,0.008738539,-0.32923442,-0.17491755,-0.36262175,-0.14751048,0.027383156000000002,-0.015259591000000001,-0.09978462,-0.11153386,-0.08601094,0.09676255,0.01672438,0.13399094,0.82809347,-0.13215663,-0.15549168,-0.30110946,0.31432477,0.045997933,-0.15833147,0.07421419,0.039432466,-0.13263871,-0.34817114,-0.20585194,0.24851155,-0.16404274,-0.45584065,-0.3851432,0.27074847,-0.12896505,-0.36572742,0.4394932,-0.18296483,0.01286108,-0.12951285,-0.028102163,-0.13396443,-0.42416229999999994,0.08757963,-0.020879436,-0.08800014,-0.18894145,-0.26126063,-0.18040997,-0.29548448,-0.26086158,0.33191833,-0.10401592400000001,0.14509302,0.23227344,0.107873306,0.055485394,0.26436722,0.047528505,0.13058004,0.14231281,0.06440477,-0.05390828,0.0015173701000000001,0.051491812000000005,-0.24959832,0.6349548,-0.19944903,0.1108031,-0.0677864,0.16054434,0.122034974,-0.053289175,0.12630445,-0.57949656,0.21119279999999999,0.003409147,-0.1485904,0.46684712,-0.1093255,-0.02781571,-0.16025212,0.33721516,-0.11593435,-0.19393274,-0.32612637,-0.14435048,0.18920344,0.059086747,-0.4012288,-0.09518872,0.15422632,-0.44332388,-0.020926697,0.08542219,0.21180782,-0.070304066,0.21999544,-0.2573722,-0.06471974400000001,0.22016732,-0.24633862,0.033616226,0.26149806,-0.14685921,0.36858016,0.07412059,0.00056649995,0.13854286,-0.17214419,0.00029526898,-0.17110296,-0.11968223,-0.14500739999999998,0.058675452999999995,0.18919149,-0.39631996,0.42685524,-0.06301164,0.59707534,-0.14714901,-0.93431866,0.24917118,0.65596104,0.06314473,-0.33913190000000004,0.51063526,-0.30188835,-0.1354,0.20596062,-0.51514614,-0.2644543,0.20309903,-0.22153832,-0.16173111,0.28920788,0.26666474,0.075289614,0.34987316,0.0030362238,-0.22609991,0.09358587,-0.09387333,-0.2591913,-0.45928732,-0.33196604,0.13778558,-0.45045382,0.016408933,-0.29408490000000004,-0.04504588599999999,-0.28643736,-0.08476378,-0.047292996,0.48289716,0.059785195,-0.08643606,0.046416763,-0.1566503,-0.58328855,0.18355581,0.33849409999999996,0.27532604,0.16306612,-0.07980596,0.065025,-0.06530031,0.56673026,-0.20335086,-0.0121735865,0.39685005,-0.15177277,-0.027314127999999997,-0.17517778,0.40758342,0.13283579,-0.18280907,0.38295877,-0.0088890735,-0.05117839,0.2549371,0.05445776,-0.14776489,-0.035313364,-0.08990652,0.009482401,-0.38607559999999996,-0.13459155,0.32924646,-0.03707448,0.0027996234000000004,0.23291823,0.09538737,-0.08274592,-0.4780156,-0.15477167,0.27691409999999994,0.17034312,-0.104793765,0.17097712,-0.028601289,-0.38288635,-3.7925966,-0.051195696,-0.05721527,-0.34520546,0.29395458,-0.20572226,0.00682649,-0.031346012,-0.18256472,0.047188547000000004,-0.13920116,-0.18337820000000002,0.503682,0.09692736,0.07089517,0.2904429,0.22518821,-0.28189266,0.054457445,0.49080136,-0.09611924,-0.75878316,0.27695152,-0.2743129,0.22172919,0.34348223,-0.38726443,0.17220839999999998,-0.25969228,-0.29740995,0.16220002,-0.09844608,0.2008122,0.27641872,-0.0603808,-0.20964724,-0.0076346834999999995,-0.43119943,-0.02508403,-0.5554931,0.26494786,-0.58302337,-0.14617644,-0.33512878,0.7483631,-0.17173670000000002,-0.08983876,0.1248142,0.111535005,0.13527423,0.15626444,-0.048777767,-0.17093322,-0.23822895,-0.13168398,-0.15408911,0.28198555,0.24194174,-0.504029,-0.34428346,0.11721809,-0.32216102,-0.72206974,0.116091155,0.005837994599999999,-0.25076512,-0.2915855,0.019957475,-0.11793471,-0.09020003,0.13188970000000003,0.6079066999999999,-0.2518543,-0.53139585,-0.16611312,-0.29390615,0.27227740000000006,0.048279237,0.08173882,-0.21355541,-0.13774579999999997,-0.34212592,0.26979002,-0.07161161,-0.16277936,-0.06664053,0.31999713,-0.14096127,-0.39537477,-0.43448877,0.16220739999999997,0.023480538,0.2820156,0.26809895,0.11118988,-0.2670278,0.23914656,-0.094658405,-0.021219714,-0.20215154,0.20065270000000002,0.14601967,0.57602715,-0.037643384,0.21975605,0.088519216,-0.31377932,-0.12572421,0.12664084,-0.060566027,0.41100252,-0.2630845,0.18765981,-0.22556869999999998,-0.010989686499999998,0.06149634,0.16687661,0.42541808,0.06461085400000001,-0.24784006,0.03692436,0.39483652,-0.3072795,-0.0969346,-0.44776520000000003,-0.055521224,-0.39044333,0.38984042,0.04874397,-0.006918343,0.0113711525,-0.25340903,-0.3217562,0.51431304,0.09663508,-0.038062327,0.11732678,-0.42885816,-0.12497329,0.13046198,0.21227454,0.47436756,-0.050308942999999995,-0.030353952000000003,-0.08480003,0.38485953,-0.19486625,0.09077871,-0.12600845,0.09132643,-0.34665415,-0.19950332,-0.050251745,-0.2896086,0.056865665999999995,0.35059804,0.13623963,-0.14733149,0.0859331,-0.33319309999999996,-0.044671204000000006,0.28382456,0.28157833,0.13894108,-0.20446669,0.75856537,-0.08000571,-0.24786048,0.009970253,0.04354431,-0.30944023,0.022674637,-0.03590257,-0.46163163,0.058232035,0.41566885,0.24606776,-0.213096,0.12580676,0.39552432,0.12409747,-0.05902001,-0.035908595,0.19152151,0.281773,0.10255828,0.35628667,-0.37417254,0.18314202,0.033776756,-0.14262748,0.44775159999999997,-0.13599189,-0.020787966,-0.2997238,0.12470873,0.4105218,-0.37952653,0.10979037,0.14057265,0.34458888,-0.14800568,-0.1091967,0.20437314,-0.20267144,-0.2691406,0.14392719,0.119456455,-0.19352971,0.14336954,-0.17478421,-0.20870303,0.016824653000000002,0.10982396,-0.036871802,-0.5356882,-0.027701162,0.055378597,-0.34451595,0.2824543,0.009534581,0.024429116,0.31410712,-0.12407531,-0.36190355,-0.10918072,0.04313237,0.24298707,-0.020839559,-0.19172746,-0.15317792,-0.8362991,0.05730015,0.28473577,-0.18591943,0.41964470000000004,0.014992232,-0.48367503,0.26168415,-0.25452086,-0.20230551,0.033530515,-0.049168866,-0.41279876,0.043806977999999996,0.03556413,-0.07393193,0.42774972,-0.09489034,0.6002255999999999,0.08980419,0.078523226,0.15214656,-0.21817859,0.27274215,-0.26507875,-0.24450484,-0.015398933,-0.32940105,-0.16445495,-0.22306003,-0.085031085,-0.256188,0.22941759,0.1659806,0.23435608,-0.18450412,-0.060719747000000004,0.06681466,-0.5516379,0.11443382,0.18319970000000002,-0.16945499,-0.21100168,0.1372185,-0.005223304000000001,0.2038968,-0.5684146,0.28412446,-0.36863959999999996,-0.25122008,-0.24983072,-0.04798862,0.044559825,0.4720815,-0.2881671,-0.3304784,0.15179095,0.10290726,0.046583418,0.4636083,-0.28624058,-0.19553025,-0.15753463,-0.3525497,0.06765772,0.8108807,-0.06835781,0.18317452,0.23705173,0.06994712,0.112490036,0.22764796,0.1533437,-0.39382592,0.29190913,0.06567467,-0.4414129,0.011636936,0.17659149999999998,0.045312423,-0.28915247,0.58710724,0.3503082,-0.31438673,-0.20026205,-0.26444805,-0.23234521,0.012734978000000001,-0.07066893,-0.052112915,0.109378524,0.5731029000000001,-0.24815616,0.06261959,0.5030401,-0.08245447,-0.28236786,-0.012022733999999998,0.1871388,-0.0739662,0.24421462,-0.32160607,0.2872923,-0.17493057,-0.009540712,-0.026226692000000003,-0.1605991,0.31355205,0.15976116,-0.13375979999999998,0.40840134,0.53734386,0.3993665,0.47117890000000007,0.113395505,0.25117958,0.08164047,0.7309194,0.34149882,0.18347794,0.036926534,-0.036391564,-0.20448273,0.22184524,0.16346505,0.24507247,0.39072883,0.19635333,0.78401685,0.041564904,0.009832044,0.5966239999999999,-0.67305726,-0.37636727,-0.28109992,0.31802532,-0.36585963,-0.04985167,0.11727295,-0.04967824,0.1453527,-0.51074106,-0.41288126,-0.2309958,0.3867062,0.05047308,-0.17270294,0.09745143,0.29691023,0.12695298,-0.13832465,-0.48123404,-0.29606968,-0.10266483,-0.21457489999999999,0.007757551,0.08649542,0.0116075855,-0.37393743,-0.042143382,-0.04794525,0.315335,-0.030809028,0.15077159,-0.21599205,0.43967092,0.18224464,0.5556489,0.15792428,0.055961892,-0.07797707599999999,-0.1051319,0.105696045,0.400486,0.08463411,-0.023731172000000002,0.14491199,-0.2929538,-0.122919805,-0.05776649,0.43342036,-0.7236996,0.10900651,0.23459898,-0.18577607,-0.09419516,0.10081989,-0.21926324,-0.1061237,-0.3135801,-0.16391186,0.21929246,0.10438475,-0.4615833,-0.30487734,0.18389909,0.22906929999999998,0.032820318,0.11050729,0.037362833,0.13528045,-0.036201466,-0.005612712,-0.014615206,-0.5142684000000001,-0.5192948000000001,0.018999751999999998,0.028315073,0.3098882,0.03190103,0.44324830000000004,0.10335737,-0.29664195,0.48465598,-0.34577262,-0.26060036,-0.23825763,-0.22019568,-0.38315114,-0.31562293,0.024970863,0.16314945,-0.18865769,0.10392111,-0.32002404,-0.22217379999999998,-0.058741424,0.17166047,-0.36303502
6,3,0.007887955,0.30401692,0.34143072,-0.3479813,-0.10174731,-0.22742125,0.10724164,0.7274205,0.020165693000000002,-0.6391428000000001,0.05435073,-0.39716598,-0.22541973,0.54479307,-0.36435032,0.37408766,-0.14386645,-0.012103012,0.27387494,-0.21500944,0.046829104,-0.46311852,-0.0018621598,0.8614339,0.04758627,0.004617327,-0.6091061,0.21117564,-0.21437295,-0.26119706,0.3699688,-0.03211584,0.008525310999999999,0.36516342,-0.25192020000000004,-0.28407946,0.28108174,-0.18466641,-0.62944555,0.4632278,-0.6055575,-0.084081426,0.2551151,0.008545437,-0.29566240000000005,-0.32762074,0.7373457,-0.30002788,0.013413774,-0.12567367,-0.50324684,0.38062721,-0.30578890000000003,0.19966991,0.15555678,0.28346992,-0.31818318,-0.5167064,-0.8969707,-0.20718302,0.10667891,-0.61292136,0.19720829,-0.030360473,0.3957308,0.26791602,0.2601296,0.27898103,-0.90005195,0.019524411999999998,-0.45720166,-0.45563918,0.04141553,0.026764642,-0.43694314,-0.3625566,-0.19847831,0.41255736,-0.12691765,0.06821941,-0.07261879,0.36262438,-0.061130468,0.6098173000000001,0.011393943,0.07557951,-0.0013684226,-0.0364565,-0.076598994,0.5836725,0.18725035,-0.57930565,0.06313156,-0.26895890000000006,0.35145479999999996,-0.8372251,0.16773038,0.16294266,-0.19716524,0.6331223000000001,0.17810996,-0.41537446,-0.04559759,0.17011444,0.32474226,0.14604674,0.41101167,0.07412387,0.26519436,-0.022471411,0.25287595,-0.10658677,-0.13933420000000002,-0.7142312,-0.35551813,0.23332341,0.52587444,-0.17110619,-0.12752849,0.2879224,0.36244407,-0.069079965,-0.25007039999999997,0.51627403,-0.078216664,-0.12259115,0.07748275,0.25669533,-0.12779625,-0.6114430000000001,0.15087067,0.37602994,0.5922305999999999,-0.5321844,-0.5477350999999999,0.45512053,-0.056254357000000005,-0.2242703,-0.6102076999999999,0.38644215,-0.017918961,-0.09425672,0.13168775,-0.09608531,0.47808188,0.4028565,-0.14392741,-0.122547686,0.30566856,0.10593749599999999,-0.023734216000000002,-0.028989112,0.16355799999999998,0.0015199801,-0.17757837,-0.16212258,-0.4517053,0.2834375,-0.10978842,0.3969498,0.4744637,-0.22774293,0.08263673,0.25018029999999997,0.13624549,0.4967657999999999,0.36305094,0.28391809999999995,0.48018888,0.14960636,-0.46493772,-0.17896862,0.35729787,-0.17051388,-0.24849537,0.069969974,-0.2668879,0.16836603,-0.017627763,-0.44688009999999995,-0.8878761000000001,0.042135245999999994,-0.11531298,-0.34346279999999996,0.34780659999999997,-0.39858920000000003,0.19069043,-0.4135845,0.13465327,0.29708776,-0.3945238,0.10476077,-0.05350863,-0.1355839,0.12802422,-0.17433551,-0.48142973,-0.5468703,-0.53811526,0.29023904,0.36864759999999996,0.071653955,0.47941179999999994,-0.26411453,-0.24360941,-0.07805418,0.18234858,0.2656535,0.23572649,0.4756055,-0.7432449999999999,0.53365815,-0.26785198,0.09668505,0.03771202,0.13324551,0.18642846,-0.44944406,-0.27067779999999997,-0.03540379,-0.20182969,0.19732276,-0.40896687,0.80555594,-0.09857605400000001,0.47358945,-0.15346467,0.02811004,0.16993617,0.7070521,-0.10897149,-0.6380793,0.7955675,0.1754985,-0.02545384,-0.039612334,-0.33684707,-0.3631063,-0.014055241999999999,-0.13853066,0.13899942,-0.06455736,0.44698948,0.2772366,0.40481633,0.24387585,-0.04589014,0.28831813,0.44209924,0.2649718,-0.15496705,-0.76323736,0.27106690000000006,-0.42211990000000005,-0.11255564,-0.32049257,-0.09515826,0.19008912,-0.13369520000000001,0.3151509,0.32252735,-0.235092,0.17071112,0.46302727,-0.5285075,-0.39578572,0.2653687,0.5729612,0.059857987,0.19201227,0.028141886,-0.4523496,-0.03815971,0.5791535,-0.37269858,0.08393175,0.43810698,-0.073994406,-0.22271802,-0.122481965,0.72067255,0.34036303,-0.6079085999999999,0.29494074,-0.028987483999999997,-0.37058654,0.04471349,-0.32434216,-0.50993943,-0.39063909999999996,-0.34116694,-0.27148249999999996,-0.32741398,0.009771607,0.42075247,-0.5201173,0.23491073,0.16911120000000002,0.06254463,-0.27578843,0.07426579,-0.38694358,0.14042886,0.022345299,-0.40266868,0.17348745,0.07506268,-0.51896375,-2.8105216,-0.44706994,-0.14446056,-0.35978717,0.08505053,0.21496543,0.046154655999999995,-0.569946,-0.3367197,-0.41215095,-0.43153992,-0.25299045,0.6158036,-0.05890285,0.61476105,0.023338765,0.37902108,-0.66061,-0.40003943,0.5638371999999999,-0.05816063,-0.5198206,0.15796566,-0.37509722,0.038659,0.7644553000000001,0.03860888,-0.11401207,-0.34759828,-0.019282656000000002,0.1646692,-0.32588682,-0.05361148,-0.11969458,0.18266723,-0.09225464,0.01250488,-0.28751534,0.0006812278999999999,-0.64917934,0.39641938,-0.5723039000000001,0.4309699000000001,-0.28992265,0.78495437,-0.38361737,-0.22403672,-0.28090468,0.005953238299999999,0.6294065,-0.0013879112,0.061147623,-0.011649867,-0.10912992,-0.16211058,0.13065119,0.12752692,0.062473155999999995,-0.22149704,-0.36339232,0.45464993,-0.42074272,-0.18887624,0.011038494,-0.17638011,-0.16044049,-0.5135404,-0.20058005,0.29209775,0.45283777,0.36251690000000003,0.24249442,-0.34794465,-0.9585405,-0.15118288,-0.4095158,-0.36169332,0.104767844,0.59007186,-0.12679198,-0.21309897,-0.42350817,0.18159308,-0.16040193,-0.14402772,-0.52617925,0.070378415,-0.18641110000000002,0.07605015,-0.41721220000000003,0.11853552,0.43644229999999995,-0.2663943,0.49705344,-0.16427886,-0.2296346,0.43619737,-0.18375273,-0.09146739,0.34465638,0.48244104,0.122904465,0.44529468,-0.121205226,0.5326258,-0.20235285,-0.30639228,-0.08197362,-0.24854246,0.4805951,0.31627649999999996,-0.74404246,0.32916388,-0.42338082,-0.66626614,-0.12140868,0.10890969,0.62390816,-0.038139075,-0.252328,0.27772948,0.41038990000000003,-0.2820165,-0.21824053,-0.8036694000000001,-0.33693454,-0.3683538,0.17421608,-0.37442237,-0.081106104,0.21363769999999999,0.09678964,-0.23162831,0.4440835,-0.46638316,0.36352009999999996,-0.1505469,-0.4357769,-0.12842174,0.23872688,0.12615510000000002,0.41339976,-0.5933526,-0.08888878,0.090351164,0.37193683,-0.28218016,0.11088581,0.053995255,-0.004334851,-0.4425879,-0.3760284,-0.16446228,-0.29987177,0.023112672999999997,0.31062987,0.35363504,-0.24520434,-0.018871805,0.10574041,0.104120985,-0.17255189,0.0035373609999999997,0.60900956,0.0022755605,0.82884806,-0.14335631,-0.42774752,-0.09408797,-0.25243357,-0.67833143,-0.032235745,-0.27857193,-0.15605558,0.029181676,0.4573679,0.18410267,-0.13020565,0.30369812,0.19977424,-0.12725905,-0.35259977,-0.49194129999999997,-0.15376613,0.06133773,-0.15928534,-0.028432416000000002,-0.14365233,0.26972229999999997,-0.0009545194300000002,-0.6310617,0.5529142,-0.41995278,-0.22524261,-0.60786664,-0.097548686,0.6837941,-0.2713586,0.45269647,0.31413040000000003,0.20776813,0.31287757,-0.17019323,0.20447114,-0.24827819,0.1335142,-0.041676797,-0.031910174,-0.46891674,-0.05782066,-0.17019883,-0.176245,0.29177615,0.030265022000000003,0.029542271000000002,-0.5337579000000001,0.05742392,0.046543773,-0.18702622,0.13146703,-0.07209269,-0.17563097,0.16878556,-0.015635173999999998,-0.5724796999999999,-0.36592823,0.108677946,0.47164086,0.028381526,-0.37503147,-0.45375290000000007,-0.5875796999999999,0.30224463,0.013507861000000001,-0.15323031,0.19662876,-0.42765859999999994,0.026164697,-0.28305766,0.41378266,0.38323715,0.19265525,-0.031859993999999996,-0.3656868,0.08701013,-0.21668749,-0.052633047,0.43163937,0.05976358,0.45115107,-0.056392542999999996,0.03412014,0.21730743,0.27849036,0.16596963,-0.45936045,0.13192947,0.22779916,0.10328131,0.32424137,0.06700889,-0.045346607000000004,0.18641044,0.6460256999999999,0.09689052,0.46024388,0.041209467,0.48542148,-0.019737795,-0.22751808,-0.057829984,0.13490069,-0.18341146,-0.38420865,-0.14292593,0.0060294224,-0.17614202,-0.61567324,0.44498485,-0.79205257,-0.00038796556000000003,0.24478666,-0.12162114,-0.011358795,0.08310825,-0.41468279999999996,-0.2945025,0.52657366,-0.053462725,-0.19422138,0.32883605,0.23819427,-0.03551819,0.6173092,0.06380477,0.1428134,0.30787516,-0.043364447,-0.018296426,0.22392885,0.14989813,0.0939181,0.14501059,0.21095695,-0.4222338,0.20294893,0.39222485,-0.23973681,-0.31457278,0.5682302,0.1063525,-0.48266226,0.49649864,0.35943195,-0.7027326,-0.19527809999999998,-0.13454458,-0.32252592,-0.51195633,0.12021548,0.29669744,-0.31368047,0.09904802,-0.11545808,0.40987197,0.49493098,-0.27379036,-0.13361779,0.18779404,0.57129824,-0.0827962,0.26185003,-0.43174163,0.62213576,-0.33997136,-0.37001038,0.06338903,0.17500742,0.04947271,-0.06655679,-0.2668007,0.008198823000000001,0.57301,0.6076425999999999,0.51437485,0.40842968,-0.14151251,0.38321918,0.7760073000000001,-0.09356030000000001,-0.24983038,0.894143,-0.18914652,-0.15605642,0.3490457,0.21757427,-0.20195143,0.17087398,-0.05164316,0.46833596,0.0034995887,-0.19220531,0.47197029999999995,-0.124489784,-0.6956964,0.03881625,0.4681147,-0.38300052,0.005926164300000001,-0.16597845,0.1019048,0.5047963,0.047869842,-0.0035707396,-0.33848926,0.30512342,0.06260709,-0.3295885,0.3537534,-0.25507975,0.08343237,0.12009598,-0.52534384,-0.48118922,0.07589461,-0.65138835,-0.0952372,0.01663487,0.37624088,-0.89046437,0.6037165,-0.42480835,-0.12717381,-0.29492345,0.20437263,-0.46665755,0.8328252,-0.11248826,0.84251344,0.13055296,-0.0064214,-0.40803447,-0.1855605,-0.0018760051,0.03969876,-0.0008766792,-0.17059238,-0.10050912,-0.06513824,-0.623641,-0.052136224,0.40139255,-1.1025688999999999,0.25819707,-0.08611869,0.041303672,0.22702985,0.07250508,0.023240427999999997,-0.23135819,-0.58881444,-0.19562364,-0.19053125,0.6560512,-0.08850451,-0.1309193,0.13463733,0.3880072,0.20437369,0.31114644,0.32149099999999997,0.3432469,0.33204559999999994,-0.21973741,0.4088929,-0.37250784,-0.04617244,0.10169019,-0.46707029999999994,-0.4153047,0.2613202,0.57137287,0.65682274,-0.32337627,0.097377405,-0.46379095,-0.37988990000000006,-0.61383104,-0.31739783,-0.39676094,0.42793549999999997,0.1582973,0.18942252,-0.4997376,-0.12722085,-0.37507313,-0.06133742,0.5588137,0.053834505,0.06494384
7,6,-0.10142804,0.06622798,0.43345928,-0.16811779999999998,0.17174165,-0.23642747,0.057592895,0.5994477,0.15715787,-0.55136067,0.38367108,-0.3600824,0.23567696,0.6252342,-0.010914196999999999,0.5830788,0.012647643,0.27999854,0.16414626,0.19904655,0.08284155,-0.45336327,0.1945755,0.7683653,0.50803506,0.08192083,-0.101892024,0.07266231,-0.27313843,-0.008450266,0.41912028,0.16516547,-0.31381187,-0.32983658,0.08131041,0.15331262,-0.2451085,-0.11946992599999999,-0.5021948,0.13426876,-0.9077358,-0.31993127,0.2413292,0.06786073,-0.4037717,-0.70623654,0.24929343,-0.26661578,0.102102526,0.14584547,-0.3473083,0.04933568,-0.35552132,-0.36630893,0.08756549,0.53974575,-0.14466037,-0.3399452,-0.6461929,-0.46585143,0.29183546,-0.31483692,0.014565501000000002,-0.5375095999999999,0.2474605,0.025781471,0.09006282,0.3676098,-0.83819515,-0.0020736142,-0.2713991,0.058364872000000005,-0.3941625,0.23798783,-0.5646721,0.11717187,-0.20848544,0.28257325,-0.073589794,-0.05158913,-0.24358481,0.16474171,-0.34133694,0.52387697,-0.053243306,0.45140854,0.060717932999999995,0.10992709,-0.35374618,0.7190711,0.26892427,-0.21128000000000002,0.22832182,-0.010811255,0.18744177,-0.40057746,0.5340576,-0.22795317,-0.33861703,0.51222765,0.21657857,0.09875341,0.044866852,-0.27115090000000003,-0.054113343,0.13011433,0.16030060000000002,-0.13304591,0.108342655,0.14321703,0.2635465,-0.09878163,-0.43279853,-0.47991982,-0.17330724,0.06327888,0.04505367,0.027934702000000002,-0.102346115,-0.19538186,0.13328236,0.10322830000000001,-0.17545162,0.7341504,0.06596305,-0.17410778,-0.05364391599999999,0.37011555,0.017508188,-0.30323493,0.058222484000000005,-0.01880138,0.07074225,-0.47165200000000007,-0.34161925,0.13689953,-0.0433487,-0.33142355,-0.15742101,-0.09593141,0.08192566,-0.39918342,0.54269296,-0.08136089,0.31255478,-0.17208244,0.21983429999999998,-0.009270864,-0.4668035,0.12301895,0.01503857,-0.31010267,-0.19510972,-0.16240079999999998,-0.04195588,-0.38840392,-0.14961216,0.4047515,-0.061201744,0.3168558,0.22356549,-0.16445163,0.14856121,0.5130445,0.018878013,0.33073455,0.19508865,0.44742692,-0.05000836400000001,-0.07252561,0.18559742,0.02007061,0.31713656,-0.14067082,-0.06282855,0.1086049,0.092815995,0.18086329999999998,0.07824539400000001,0.24471155,-0.5126667,-0.11219659,0.056111525999999995,0.027665704,0.30142593,-0.1696366,-0.30193487,-0.08452839,0.38889518,0.03032775,-0.3998927,-0.14403448,-0.1824228,-0.17838663,0.07665341,-0.52131414,-0.34132144,0.10882296400000001,-0.30210587,-0.100891985,0.084878646,0.26981825,-0.12436019999999999,0.08452269,-0.15855622,-0.14880016,0.04705204,-0.09070255,-0.03836685,0.05158204,-0.12886722,0.15759672,0.16078669,-0.06073091,0.0068909577,-0.14919433,0.06661492,-0.03624489,-0.14895368,-0.0047588293,0.22956719,0.21523282,-0.20570683,0.15367104,0.047627572,0.64428777,-0.31251755,-0.7526805999999999,0.20342688,0.6305001,0.044352114000000005,-0.7853505999999999,0.53084254,-0.15187246,-0.096682645,-0.061587527,-0.76033187,-0.41638902,0.21362179999999997,-0.17109035,-0.24986220000000003,0.13550419,-0.23751086,0.16108556,0.40694990000000003,-0.09096792,-0.08578727,0.09107116,-0.052488964000000006,-0.08512942,-0.5715536999999999,-0.26151174,0.049784668,-0.22119324,0.036025304,-0.6850052,0.0060519148,-0.23409627,-0.0025805817,-0.13614110000000001,0.62173843,0.016216412,-0.027474115,0.21977633,-0.08709898599999999,-0.4701129,0.0791183,0.29265848,0.27226892,0.151201,0.20591241,0.010062954,0.045905415,0.7675915,0.12214842,-0.13826883,0.36632314,0.013089538000000001,-0.05178086,0.034345824,0.25762072,0.09764313,-0.4273269,0.28009728,-0.07215887,-0.15896216,0.21610329,-0.09190347,-0.51479125,-0.14558898,-0.13623384,-0.19888365,-0.48196992,-0.11959769,0.52149135,0.09930737,0.03362219,0.3477591,-0.033255473,-0.027620952999999997,-0.24192847,-0.014164004499999999,0.37498109999999996,0.17542899,-0.2582836,0.3265552,-0.0061554109999999995,-0.4084281,-3.6413891000000005,-0.080069974,-0.041382454,-0.33481893,0.10237814,-0.033241495,-0.11628671,-0.20214252,-0.21840732,-0.08671149,-0.06592141,-0.07081286,0.16995876,-0.080313325,0.14572038,0.093226105,0.54288614,-0.31004965,0.016302751,0.48121400000000003,-0.29678312,-0.66262746,0.015195263,0.08765651,0.21518126,0.22596547,-0.079057574,-0.17394577,-0.14584245,-0.060035884000000005,0.30626902,-0.36542547,0.14047746,0.09061002,-0.11874028,-0.09344925,0.024586424,-0.5065581,-0.18175694,-0.52000743,0.088028945,-0.48790878,-0.082714766,-0.15905944,0.98947734,-0.31226054,-0.29956087,0.051051583,0.012638568000000001,0.14727296,0.09329778,0.19389282,-0.28496686,-0.5733227,-0.3002367,0.19303998,0.3125893,0.22743279,-0.37890202,-0.13159436,0.22492795,-0.19797389,-0.60934097,0.24798305,0.0123492675,-0.26618034,-0.56137,-0.37744388,0.08092566,-0.17183803,0.24367532,0.51955044,-0.28285015,-0.47372144,-0.043890543,-0.32003966,0.19102223,-0.0403123,0.30629838,-0.25966224,-0.08833452,-0.33959067,0.30332822,-0.30411756,0.11334755,-0.15132967,0.4197856,0.0066569606,-0.41304759999999996,-0.42626315,0.119667694,0.23464629,0.315246,0.35702956,-0.30565608,-0.40117437,0.15651663,0.24464613,-0.25782213,-0.14175399,0.23949914,0.24627791,0.6183935,0.091949135,-0.019460299999999996,0.26186162,-0.3385425,-0.06573563,0.25687298,-0.040191323,0.47487316,-0.045889657,0.2613708,-0.005654185,0.02863279,-0.05289225,0.17267249999999998,0.54388523,-0.097090885,-0.46968649999999995,0.33588803,0.42908874,-0.32618254,0.013226358,-0.60456014,-0.10759008,-0.24275973,0.51684755,-0.20703186,-0.35334203,-0.056183744,-0.38008016,-0.52050704,0.54720896,0.049527563,0.13295120000000002,0.13864177,-0.5762739,-0.31179035,0.22005194,0.34836665,0.68536055,-0.24197376,-0.10976955,-0.15181369,0.3116354,-0.30639344,0.24857752,-0.63464,0.6053118000000001,-0.34354229999999997,-0.28114605,-0.1309085,-0.39041552,0.12929532,0.46484965,0.3180113,0.08504248,0.2237887,-0.36368796,0.10084508,0.53297174,0.043296777,0.09775001,-0.05486875,0.5944756999999999,-0.10769404,-0.08344176,-0.29764983,-0.10266519,-0.51602393,0.27123907,-0.07582148,-0.6525387,0.030086616,0.29883364,0.025425969,-0.17550673,0.06861687,0.37511358,0.20678101,0.10200093,-0.28079504,0.14981055,0.3599428,-0.22962582,0.17501889,-0.11605652400000001,0.12139309,0.05234373,-0.5166525,0.4303964,0.0919206,-0.06451688,-0.24409601,-0.023787515,0.12853323,-0.48989704,-0.07972426,0.31320304,0.20403008,0.012835909,-0.15764812,0.2668741,-0.12725006,-0.20424642,0.19910239,0.23375033,-0.2823295,0.27907990000000005,-0.22117682,-0.35475767,-0.10461195599999999,0.11675439999999998,0.24438229,-0.34926653,-0.13730599,-0.24179456,-0.4657495,0.38203508,-0.057705026,-0.34572744,0.5381513000000001,-0.040440705,-0.43697897,-0.056396373,0.09432208,0.8451431999999999,-0.23892494,-0.120330416,-0.23706214,-0.9402982,0.22092557,0.01954513,-0.13867064,0.44927964,-0.29287958,-0.657806,0.28388444,-0.019376732,-0.41223109999999996,0.1172242,-0.0063276122999999995,-0.43112970000000006,0.037916064,0.23827164,0.07491143,0.49912086,-0.0075124972,0.4363971,-0.2974795,0.07874767,-0.11919272,-0.3559013,0.32433325,-0.39764097,-0.10198663,-0.28941533,-0.6150085,-0.10113293,-0.20619535,-0.39305046,-0.36523378,0.3022297,0.20760256,0.15511191,-0.24161291,0.15957859,0.31676966,-0.56711215,0.284931,-0.015594623,-0.18083401,-0.57275516,0.030346585,0.04918724,0.1127643,-0.6619355,0.17074046,-0.6102618000000001,-0.27461779999999997,-0.23425217,0.25155967,-0.07333433,0.17882225,-0.35420728,-0.5092175,0.18510962,-0.20608419,0.06614731,0.18727452,0.051517073,-0.111878425,0.046975043,-0.13514803,0.29405662,0.97346985,-0.11410557,-0.058689315,0.52700305,0.04802951,-0.01975029,0.36759368,-0.22197665,-0.16800545,0.33056929999999995,0.03192377,-0.45844650000000003,0.053181972,0.19325805,-0.15283762,-0.31704,0.69168603,0.48428282,-0.25869805,-0.13935219,-0.22573762,-0.31492567,-0.09086379,0.091329865,-0.04153137,0.107668124,0.55730957,-0.24332988,0.08631388,0.32237634,-0.15954222,-0.28325933,0.059232655999999995,0.12027853,-0.3153781,0.30375805,-0.30945209999999995,0.31240284,-0.012238398000000001,-0.16703548,-0.03569566,0.0027356006,-0.017649008,0.46212159999999997,0.18058558,-0.057619672000000004,0.49064586,0.38837886,0.44866976,0.17340377,0.20752911,0.4317137,0.5496379,0.3085116,0.35240188,0.25481996,0.18581294,-0.044359244000000006,0.42288859999999995,0.24541496,0.13793363,0.40120825,0.018547008,0.8890111999999999,-0.0041131247,0.32642382,0.77987957,-0.56208163,-0.49658322,-0.24333647,0.3604053,-0.06777676,-0.15478115,0.13814628,-0.04574956,0.057413235,-0.43787970000000004,-0.17880282,-0.123829715,0.43791834,-0.08366979,-0.13933146,0.15204045,0.11179973,0.06269368,-0.07963657,-0.6079036999999999,0.07360462,-0.1775161,-0.22619022,-0.008674483,-0.0924895,-0.024895076000000002,-0.40239313,0.19619778,0.21637015,0.14434469,0.24411170000000001,0.22837274,-0.036415763,0.51415753,0.16515097,0.37882209999999994,0.062446315,0.29574746,-0.25657833,-0.07830559,0.46098185,0.53333753,0.006030071999999999,-0.29979068,0.07815585,-0.4540949000000001,-0.5879295999999999,-0.060860492,0.40672487,-0.5778432,0.28391966,-0.13491037,-0.21033317,-0.16137506,0.31521943,-0.15435681,-0.37078384,-0.26256564,-0.11352709999999999,0.06603462,0.0452248,-0.30869716,0.1971487,0.29757398,0.15246567,-0.16965853,0.3294008,0.055573918,0.053565204000000005,0.38554403,0.056569625,-0.1273434,-0.41745743,-0.3220588,0.12609951,-0.06187891,0.08855404,0.22998272,0.34664562,0.20689887,-0.6045726,0.6618542,-0.43444982,-0.15012634,-0.13603128,-0.44944639999999997,-0.24530132,-0.31045926,0.07182772,0.25892919999999997,-0.37129593,0.04176233,-0.24016115,0.035048212999999995,-0.19753185,0.268504,-0.27919003
8,6,-0.21470058,0.19892195,0.35547449999999997,-0.07609755,0.2012794,-0.25828904,-0.065775864,0.44546393,0.24448861,-0.48048595,0.18589029,-0.32264972,0.12381671,0.33142015,-0.013120295,0.55450934,-0.09801894400000001,0.109786645,-0.10921839,0.16217679999999998,0.18887404,-0.24431475,0.26633298,0.68268204,0.5649063,0.016128411999999998,-0.072803184,0.022062356,-0.18670891,-0.04690684,0.45683357,0.1292308,-0.39962277,-0.5203585000000001,-0.04156742,0.12347939599999999,-0.26281065,-0.08574565,-0.29291368,0.21262984,-0.7512302,-0.22002132,0.10897480000000001,0.13051577,-0.23226278,-0.320592,0.1824808,-0.48388112,0.008190474,-0.142091,-0.33164856,0.18024316,-0.118105404,-0.1979943,-0.049137007,0.61333764,-0.026702575,-0.46733007,-0.6528416,-0.34366134,0.25190428,-0.22300453,0.14179492,-0.40227148,0.35974777,-0.0240136,-0.018182537,0.346001,-0.738239,0.06399405,-0.14549688,0.15470073,-0.22922051,0.11697942,-0.21056946,0.12612595,-0.07163268,0.5108598,-0.011699801999999999,-0.034032676,-0.17597987,0.27768713,-0.50472844,0.29407808,-0.03990925,0.2769454,0.12417854,0.20321205,-0.24985135,0.7165408000000001,0.16238865,-0.24379022,0.12982212,-0.03167047,0.07144882,-0.3255462,0.34482044,0.081926905,-0.49918035,0.52370316,0.22895743,-0.10584272,-0.049313985,-0.30201685,0.04535982400000001,-0.0911174,0.07302413,-0.051585915999999996,0.026005875,0.22771373,0.070538506,-0.21541408,-0.23205570000000003,-0.27614996,-0.13148762,0.09265826,0.014397571999999999,-0.0031414171999999997,0.06410242599999999,0.08319035,0.10023907,0.045436185,0.016286187,0.73299295,0.07670631,-0.11018710000000001,-0.16953406,0.424476,0.06673792,-0.27720338,0.15387243,0.03425839,0.12864393,-0.49927574,-0.23058154,0.20320265,-0.06329803,-0.3996608,-0.25551495,0.085922316,0.24559479999999997,-0.3255272,0.41414246,-0.08235659,0.22268483,-0.14141329,-0.05839488,-0.19322269,-0.2129058,0.27998808,-0.13868755,-0.030611344,-0.02526239,-0.13141046,-0.10062534,-0.20752102,-0.28633213,0.17980058,-0.107341625,0.08728705,0.22111209,0.0017530338,-0.014268167,0.16025676,0.19407548,0.15271588,0.18399237,0.1824706,-0.20976013,-0.04670115,-0.016378816,-0.010813119,0.5616986999999999,-0.35707572,0.22941197,0.032648105,0.27631947,0.026506828,0.11372574,0.17013791,-0.45933193,0.055889602999999996,0.0017176733,-0.15817325,0.29636532,-0.25421220000000005,0.14696713,-0.029798765,0.40227729999999995,-0.07310938,-0.2295357,-0.2538592,-0.16414353,-0.026335074,0.07479638599999999,-0.4648441,-0.082859635,0.26430836,-0.42941174,-0.13068444,0.13018815,0.13703638,-0.021095602,0.09424525,-0.25788453,-0.095797665,0.17598996,-0.11393696,-0.074811675,0.39343524,-0.18928182,0.33222187,0.10804905,-0.21085607,-0.071940064,-0.19760737,0.29114884,-0.058475513,-0.08423137,-0.015389215,0.26818234,0.19836214,-0.36971409999999993,0.29123718,0.035024013,0.613798,-0.09305655,-0.916668,0.25356027,0.49592587,-0.102675684,-0.37078148,0.518192,-0.3185453,0.05935959,-0.016222893999999998,-0.61502516,-0.288445,0.045557015,-0.022725872999999997,-0.13126118,0.25508976,-0.08446955,0.15612145,0.33411524,-0.067243375,-0.22599784,-0.056734155999999994,-0.08552239,-0.15433592,-0.6430127,-0.2501721,0.06980516,-0.28172418,-0.029665982,-0.37801626,-0.10350408,-0.26926395,0.039050765,-0.076590054,0.35654747,0.16899501,0.0035835420000000003,0.27675703,-0.03110038,-0.60873157,-0.044498157,0.16336076,0.21133941,0.22774436,0.14547817,0.075220875,-0.09022639,0.5501047,-0.2056805,-0.18093552,0.37448013,0.08865557,-0.036359422,0.09758315,0.3246113,0.14629282,-0.3196341,0.14337075,-0.0046811267,-0.19466616,0.35679346,-0.05497208,-0.44421893,-0.018032191,-0.11736749,0.061727199999999996,-0.37910113,-0.3195361,0.5017132000000001,-0.12453501,0.08123135,0.156882,-0.04780138,-0.17745356,-0.26510128,-0.10631007,0.39805934,0.2816847,-0.09900279,0.037655197,-0.14882557,-0.5482275,-4.1977577,-0.11765453,0.03521039,-0.13863,0.22285406,0.008753496,-0.008347591,-0.21903256,-0.26226085,-0.11381742,-0.21257415,-0.12716512,0.1739629,0.035577662,0.18078761,0.25348687,-0.041724578,-0.24061868,0.05034291,0.56581175,-0.07995584,-0.5223209,0.19657916,0.05405279,0.27140793,0.28389284,-0.37099504,-0.08444036,-0.20650832,-0.31055188,0.3291726,-0.28641334,0.054009676,0.19743045,-0.0066661459999999995,0.051711082,-0.10272381,-0.32670513,-0.06468227,-0.33802602,-0.020244133,-0.44577134,-0.09336499,-0.2699183,0.86965376,-0.22248703,-0.06707567,0.025751127000000002,-0.037546217,0.2635048,0.11084059,0.19196182,-0.1329223,-0.283308,-0.28171855,0.15689252,0.41631427,0.28565219999999997,-0.09920634,-0.26604998,0.2042069,-0.18095511,-0.66803014,-0.03325953,-0.002268085,-0.24979857,-0.44224589999999997,-0.08563286,0.0018516006,-0.014661441,0.15559949,0.45699674,-0.22180116,-0.5032647,-0.10495169,-0.27773696,0.1252074,-0.04819271,0.19928084,-0.094907016,-0.1616141,-0.34591606,0.1884489,-0.0018996014000000002,-0.08258187,-0.25978464,0.14269637,-0.24330743,-0.34523952,-0.5677496,0.08020564,0.16959235,0.23699781,0.18321104,-0.062486167999999995,-0.20531252,0.26122898,-0.042892832,-0.04334216,-0.16831128,0.12511067,0.055528535999999996,0.6678794,-0.041625068,0.04566827,0.08834119,-0.2347734,0.0080638155,0.18994445,-0.085946254,0.37068856,-0.18840314,0.3686811,-0.16656286,-0.2041734,0.057358894,0.014580183,0.5592680999999999,0.17605607,-0.34303564,0.16652031,0.3379949,-0.28602985,-0.26385304,-0.66039735,-0.08742693,-0.36294508,0.5421937,-0.07422478,0.11097956,-0.01763163,-0.39927822,-0.28297448,0.3985356,0.13754125,-0.096716285,0.09966694599999999,-0.36122155,-0.19695821,0.21945927,0.17527287,0.39992857,-0.010476129,-0.10268716,-0.0790795,0.25271079999999996,-0.17280166,0.13234052,-0.20664755,0.24527013,-0.47751006,-0.32540002,-0.16051207,-0.42810115,0.12512347,0.42355457,0.42018592,-0.07771418,0.06098462,-0.51877826,0.051480077,0.21541971,0.026565675,0.12147752,-0.07478754,0.57909226,-0.10248361,-0.26542047,-0.0134312045,-0.05669605,-0.50724137,0.04363157,-0.08242039999999999,-0.39442942,0.14053728,0.31470978,0.103742294,-0.13686511,-0.12414221,0.27063352,-0.014889658,-0.16232269,-0.1308176,0.065513745,0.3305979,0.034430727,0.28746203,-0.2157152,0.11628018,0.007286883,-0.12114862,0.38762182,0.011559232,0.13657273,-0.089574195,0.11964198,0.37289512,-0.22875533,0.067351,0.04907532,0.33480709999999997,-0.10965057,-0.3759969,0.29659843,-0.010490428999999999,-0.39990807,0.071511015,0.2679904,-0.20362534,0.19014737,-0.34876552,-0.2493703,-0.16040894,-0.1692665,0.030031236,-0.36867073,-0.0866503,-0.18200831,-0.31319118,0.30670336,0.084341235,-0.35071924,0.32357395,0.19255118,-0.374187,-0.03161207,-0.098782815,0.41962907,-0.31931820000000005,-0.066934146,-0.15058707,-0.9281831,0.08920165,0.12315644,-0.00997192,0.3800281,-0.24234144,-0.58888984,0.18326493,-0.12837288,-0.33783028,-0.043696835999999996,-0.11096776,-0.506001,0.025632655,0.18258646,0.021795742000000003,0.33022496,-0.18017997,0.6176941,0.029627725,-0.07369892,-0.067424536,-0.23293608,0.14794347,-0.29149163,-0.32779393,-0.13123217,-0.5024948,-0.06393148,-0.18211958,-0.2527426,-0.2738952,0.26532078,0.24777794,0.12995298,-0.07666066,0.17601725,0.036529977000000005,-0.5396181999999999,0.17195696,0.020331751999999998,0.021024507,-0.32104367,-0.07616438,0.061684355,0.15762962,-0.48840959999999994,0.44181934,-0.48001945,-0.17042816,-0.10492092,0.12385099,0.02439461,0.41073194,-0.29799283,-0.4094114,0.3005556,-0.10256009,0.034893304,0.28016916,0.00918284,-0.26598242,0.059974037,-0.17289726,0.30120417,0.8931585999999999,-0.03581435,0.16228555,0.19466606,0.20207512,0.17323683,0.22753698,0.21531628,-0.19489686,0.41065073,0.109796666,-0.36468540000000005,0.049440052000000005,-0.00031261792,-0.18293634,-0.40059397,0.64261496,0.36507294,-0.37891936,-0.2666051,-0.38953418,-0.23873977,0.018476442,-0.08750397,-0.03232405,0.20424181,0.6675572,-0.27226856,0.0030965507000000002,0.29411435,-0.24831292,-0.28895125,0.034021076000000004,0.26497750000000003,-0.02893476,0.43643624,-0.32351345,0.2290444,-0.06761539,0.13500918,-0.053571455,-0.15806594,0.17914708,0.17068627,-0.047844894000000006,0.04168875,0.37110803,0.28753665,0.2891014,0.26434058,0.35630229999999996,0.09600462,0.5724397,0.5212544,0.11722789,0.4174067,-0.06809939999999999,-0.23596266,0.29214022,0.21622407,0.21487342,0.45062405,0.086296774,0.8517674000000001,0.31780654,0.2792265,0.5408227,-0.6947331,-0.32501814,-0.0019266748999999998,0.1549919,-0.2296214,0.010640996000000002,0.21288320000000002,-0.15399583,0.06734414,-0.38744465,-0.34445396,-0.22761723,0.29249316,-0.13212311,-0.09706393,0.0067323096999999995,0.40744966,0.12310537,0.10730404,-0.6796468000000001,-0.21595788,-0.25698242,-0.182813,0.0781494,0.112479545,-0.23126428,-0.28437176,-0.19952020000000004,0.039171744,0.20712523,-0.003197375,0.16393712,-0.16624324,0.37692076,0.077262804,0.5217799,0.0019316862,0.083797105,-0.15522924,-0.04553185,0.12701207,0.47117838,0.14293833,-0.090022884,0.23566271,-0.29565033,-0.3053843,-0.024468707000000003,0.50110084,-0.5200367,0.15088232,0.065007955,-0.08174441,0.056617886,0.29784834,-0.09383058,-0.09055327,-0.15753964,-0.31393358,0.08205826,0.02163928,-0.12576184,-0.032751616000000004,0.14430769,0.19475798,-0.018998766,0.32084948,0.07327510400000001,0.22594897,0.13444595,-0.022040885,-0.07257417,-0.35496855,-0.4304742999999999,0.07297506,-0.0054001627,0.20517129999999997,0.12554002,0.1928314,0.047772523,-0.12000696,0.453383,-0.33832893,-0.12748444,-0.28596014,-0.44365126,-0.22615708,-0.2104618,-0.08779874,0.22678806,-0.1252403,-0.027465418,-0.285263,-0.076162435,-0.10919375,0.27081284,-0.10872458
9,6,0.11861795,0.1995625,0.46399802,-0.044433862000000005,0.08614686,-0.53614634,0.4019435,0.7352489000000001,0.06865633,-0.5630526,0.034982808,-0.24441712,0.06649925599999999,0.41862196,-0.12358530000000001,0.43505147,-0.11516943,0.20486265,0.2678699,0.3901715,-0.08894803400000001,-0.16775066,0.13434951,0.5672607,0.4346563,-0.0148443375,0.08385554,-0.12817699,-0.19438891,-0.32390383,0.32836148,0.29214686,-0.40316936,-0.07862764,0.32684836,-0.04593374,-0.20787689999999998,-0.09157215,-0.40371737,0.28430158,-0.6055630999999999,-0.36388615,-0.0011540685,-0.06237359,-0.28110415,-0.73496103,-0.06992085,-0.10292445,0.23971157,0.25933334,-0.28665054,0.22656415,-0.24259634,-0.07865126,0.14149898,0.46756476,-0.22625329,-0.33134592,-0.58300835,-0.29901657,0.22311676,-0.24089657,0.023691935,-0.36850706,0.496713,0.29415107,-0.04212343,0.2919604,-0.7663249,-0.25103274,-0.3645752,-0.08856962,-0.19655536,-0.06090225,-0.13112223,0.09525029,-0.47888795,0.28100756,0.07625081,-0.08782902,-0.011460521999999999,0.3666546,-0.31079809999999997,0.5003404,-0.21872988,0.61246926,0.19803503,0.07471412,-0.29011570000000003,0.6548623,0.118350446,-0.17343484,0.0943506,0.06408904,0.36547816,-0.60232013,0.3576368,0.09119389,-0.23582903,0.55899394,0.3217158,-0.16898970000000002,-0.096954025,-0.5818705,-0.04507758,-0.0039941827000000004,-0.035775613,-0.103967726,0.35514668,0.03915899,-0.17910554,-0.02839804,0.02064953,0.017198177,-0.15474018,-0.09742100000000001,0.10072949,-0.2154251,0.0036693378000000002,-0.15672593,0.11096049,0.22395789999999996,-0.110226385,0.57840383,0.14870977,-0.14538635,-0.16053233,0.27520204,0.03248834,-0.4039439,0.19841284,0.09611521,0.21087815,-0.34932640000000004,-0.28723732,0.23456322,0.35772073,-0.37715963,-0.17700876,0.13356400000000002,0.2273038,-0.46785408,0.58834827,0.13018548,0.39776078,0.06733705,-0.021049672999999998,-0.10065909,-0.5070336,-0.079118155,-0.038557414,-0.20124005,-0.05988993,-0.22129709,0.0018277459,-0.12941723,-0.2934275,0.37400046,0.06570703,0.3268321,0.22772248,-0.16269271,0.28346938,0.56037855,0.08650275,0.3433044,0.044350185,0.25578848,-0.15861312,0.3237297,0.034111273,-0.22692369,0.74037355,-0.110336326,0.02336853,-0.23236975,0.30130202,0.26654232,-0.17539659,0.05975981,-0.61333746,0.11740754,-0.01041413,-0.11943427,0.5807513000000001,0.06683615,-0.20347011,-0.30263759999999995,0.3714913,0.11145871,-0.27045506,-0.20056726,-0.039648548,-0.19876096,0.24884735,-0.48051602,-0.11481725,-0.006490121,-0.45398355,-0.032192312,0.21243134,0.15193649,-0.09480983,0.2943861,-0.026540115,0.33349073,0.2636844,-0.14117557,-0.04418956,0.10655841,-0.00640794,0.25370410000000004,0.08575847,-0.30739146,0.1104875,-0.4719044,0.31316045,-0.49340427,-0.014323525,-0.021887286000000002,0.43621415,-0.23290798,-0.17050283,0.17454298,0.43075415,0.22315906,-0.20481749,-0.543133,-0.0036711136,0.15933640000000002,-0.19312571,-0.42608994,0.50873625,-0.17183551,0.023905909,0.09465815,-0.4576014,-0.3149267,-0.030881615,-0.015916772,0.09497556,0.32811794,0.037414834,0.40409127,0.104907215,0.23283248,-0.19577108,-0.07515309,0.03685951,-0.27732270000000003,-0.2936163,-0.57699794,0.017829046,-0.16608748,0.1482787,-0.69347346,-0.056478098,-0.1723876,-0.13720664,0.043699067,0.33431917,0.10776654,-0.06415652,0.21891584,-0.27923736,-0.54371333,-0.23612818,-0.08471125,0.36294293,0.2604958,0.078418896,0.07149834,0.04274909,0.6644554,0.14505379,0.09247743,0.30592559999999996,0.036479927999999995,-0.14531338,-0.063908145,0.28273147,0.5724099,-0.3253915,0.562998,0.17423372,-0.18635125,0.35848546,0.0039462363,-0.40030822,-0.060010900000000006,-0.09444313,-0.2934786,-0.3067491,-0.19662158,0.5268954,-0.043939773,-0.04765289,0.20122054,0.08610438,0.115759835,-0.35963053,-0.13157322,0.37851104,0.28091606,0.20728958,0.26913157,-0.01245441,-0.39391574,-4.082416,-0.22397260000000002,0.13185804,-0.23704499,0.20715207,0.16962448,0.15438445,-0.07772187,-0.5146453,-0.1954984,-0.17184183,-0.07508144,0.080050625,0.068481304,0.26073107,0.32603303,0.21301384,-0.20339166,0.0031820996999999997,0.5816886,0.035949238,-0.56108785,0.030922137000000002,-0.08193612,0.32086015,0.17096892,-0.016927456,-0.16286358,-0.1428323,-0.14603898,0.077940255,0.013697837,0.23614539,-0.09306721,0.19851659,-0.19932412,-0.049504384000000005,-0.48398405,0.044359222000000004,-0.37419906,0.22468217,-0.21835348,-0.36708203,-0.14475971,0.63245225,-0.18116163,-0.30216706,0.15066285,0.009944273,0.34926820000000003,0.023415104,0.35997072,-0.2735464,-0.65615606,-0.31230244,0.29734895,0.2852913,0.1774493,-0.10135457,-0.22399168,0.051857084000000005,-0.11358662,-0.58876336,0.16109028,0.14770174,-0.37997633,-0.29596259999999996,-0.5341826,0.20399329,-0.12888959,-0.017310347,0.5617852,-0.18236008,-0.8520846,-0.18797645,0.026408004,0.12071764,-0.08147867,0.33387044,-0.3433257,-0.17671070000000003,-0.08414046,0.15878195,0.18931231,0.021231132000000003,-0.23087461,0.32756484,0.23752274,-0.38732612,-0.47443107,0.033494458,0.14402576,0.35422444,0.34295390000000003,0.19870073,-0.061354976,0.43918198,0.044709373,0.022247553,-0.30730358,0.17286970000000002,0.259857,0.18710466,0.06172673,-0.020086592,0.11029647,-0.25874424,-0.192323,0.21184742,0.09492196,0.5154496000000001,-0.27766743,0.2420179,-0.09247383,-0.25454736,-0.4287838,0.18743446,0.3818395,-0.072191514,-0.2690861,0.12739876,0.2974348,-0.36684036,-0.17085278,-0.96739835,-0.112459935,-0.20830859,0.17793769,-0.4215098,-0.01920723,-0.08457936,-0.18092477,-0.49188760000000004,0.18909457,0.016269008,0.05782824,0.35586524,-0.30330375,-0.30321968,0.118628435,0.42709040000000004,0.57878816,-0.11494647,0.12300188,-0.606904,0.3768936,-0.25459647,0.0017324912,-0.20491092,0.33820137,-0.044058375,-0.15310036,-0.11028611,-0.37431368,0.112640835,0.14801365,0.29686478,0.14355145,-0.025971007999999997,-0.63150334,0.054230064,0.21699518,-0.02640581,0.20628029,0.31489033,0.75514054,0.13791862,-0.21113724,-0.122548416,0.013290476,-0.33199084,0.17210771,-0.052589353,-0.67528874,0.06325109999999999,0.38834137,-0.198217,0.03899396,0.064056195,-0.13837783,0.020510875,-0.19864623,-0.42785898,0.059298683,0.17647113,-0.12643124,0.102645166,-0.42755592,0.04853027,0.19853507,-0.47366408,0.4141793,0.06355364,-0.07954158,-0.1381592,-0.04368377,0.09477403,-0.51792526,-0.08744569,0.32618004,0.23569705,-0.050001595,-0.3659895,-0.07314549,-0.29605284,-0.08319985,0.1168172,0.35299507,-0.30014458,0.3830033,-0.30730948,-0.27508649999999996,-0.46921787,0.1745139,0.29488796,-0.3795679,0.20064133,0.016670188,-0.4109394,0.31071097,0.07391927,-0.42981082,0.05091655,0.14294094,-0.40501344,0.04183225,-0.18716624,0.40143737,-0.19514708,-0.28513667,-0.18089375,-0.7235446,0.1370141,0.23324363,-0.19947149,0.25563645,-0.20696503,-0.24948965,0.024368027,-0.4306947,-0.22926481,-0.079212844,-0.041891742,-0.5582328000000001,-0.11665018,0.4057118,-0.17570189,0.09548621,-0.17652582,0.4343437,-0.25593899999999997,-0.002307801,-0.33885106,-0.38117793,-0.08383837,-0.43454528,-0.23961128,-0.21237759999999997,-0.53264606,-0.15064459,-0.055048957,-0.42083544,0.11880202,0.07342694,-0.041060727000000005,0.18802153,-0.10104961,-0.0033231513,-0.18118562,-0.5537719,-0.025280245,0.231016,-0.16334508,-0.34664422,0.04672287,0.20586112,0.123830274,-0.5512614,0.15486279,-0.42347807,-0.07801404,-0.18251611,0.081846975,-0.10718153400000001,0.09441399,-0.40089145,-0.44667765,0.13945076,-0.41588646,0.07237908,-0.03266752,0.114614286,-0.12804782,0.13025314,0.23325929,0.18995613,0.51652557,-0.42157772,0.11802342,0.38581288,0.21827489,0.26029527,0.44494468,0.16744784,-0.16760896,0.5201112,0.15637356,-0.5926289,0.29357259999999996,0.47511688,-0.31991428,-0.119412735,0.29757136,0.57132393,-0.56048214,-0.25017518,-0.042838812000000004,-0.46310475,0.003141872,0.013839893,0.21031687,-0.0698627,0.7007894,-0.40020967,-0.09384731,0.21467176,-0.17548713,-0.100501515,-0.04482537,0.3018902,-0.15808424,0.286694,-0.39587772,0.37627372,-0.3387562,-0.023158988,-0.051051565,0.035881836,-0.0005005682499999999,0.23065695,0.13690418,0.028932195,0.5359826,0.29074535,0.21157727,0.16979027,-0.07505844,0.2652187,0.5063331,0.3796738,0.36845654,0.07223485,-0.08654902,-0.106243216,0.15137766,0.33727282,0.073902085,0.27306268,0.04741835,0.66646206,0.35902870000000003,0.19793227,0.7153347,-0.39051703,-0.08172866,-0.16829875,0.19536977,-0.07746239,-0.13221064,0.32721364,-0.082578875,0.18407698,-0.1739696,-0.05068271,-0.30339327,0.48292002,0.0865173,-0.28487292,-0.12023160599999999,0.082858495,0.031166002,0.18267561,-0.66789466,-0.27187790000000006,0.07367931,-0.5061604000000001,-0.31910363,-0.08663045,0.201311,-0.28774026,0.10805684,0.050016295,0.107668914,-0.069932126,0.25397962,-0.04972894,0.6095169,0.36775949999999996,0.2266725,0.25697514,0.534284,-0.16001461,0.16519144,0.27539790000000003,0.18677804,-0.037879076,-0.19569202,0.06804511,-0.30097562,-0.48343998,-0.038844615,0.3621447,-0.68398875,0.2938685,-0.39642152,0.04183605,0.12580541,0.04335904,-0.22207883,0.0009802119,-0.25010255,-0.15307651,-0.04298207,0.07077084,-0.059862334,0.013630086999999999,0.23599629,0.3803548,-0.23358661,0.11277993,0.15609239,-0.25594437,0.3506759,-0.2681845,-0.21728086,-0.5763409,-0.42860815,0.0029083653,-0.14536472,-0.34228390000000003,0.18464704,0.32710066,0.3171986,-0.23638554,0.36725559999999996,-0.53732926,-0.050560452,-0.17461774,-0.23650579,-0.1538029,-0.15463209,0.036863368,0.26513308,0.06723734,0.19150046,-0.07733948,-0.056966305,-0.44329179999999996,0.56431025,-0.13907656
10,6,-0.23601441,0.14753667,0.5283839,-0.042239215,0.3334531,-0.22752798,0.03402311,0.40710032,0.06844932599999999,-0.6274346,0.28159629999999997,-0.37308270000000004,0.28296459999999996,0.5652598000000001,0.29760749999999997,0.5628476,0.056356274000000005,0.14273377,-0.04268289,0.22368614,-0.047084235,-0.45989996,0.20646013,0.9159940999999999,0.46012774,-0.03289796,-0.060778825999999994,0.012118396000000002,-0.24346867,-0.0860809,0.5121844,0.065884635,-0.29390097,-0.42595103,0.20292406,0.22672272,-0.48002556,-0.42828804,-0.28927782,0.19005479999999997,-0.7205246999999999,-0.16589005,0.055989135,0.14293227,-0.33323523,-0.50341684,-0.279834,-0.20486403,0.21893956,0.11892319,-0.41271028,-0.07490587,-0.24559554,-0.44387698,0.13599321,0.7446655,0.05235637,-0.41029269999999995,-0.52714324,-0.40952918,0.10676896599999999,-0.13871762,-0.11294348,-0.488209,0.13984267,0.11081055599999999,0.09223585599999999,0.44515407,-0.9349252,-0.20635128,-0.22162005,-0.028223812999999997,-0.19673236,0.20271151,-0.51398015,-0.11000584,-0.42489773,0.3074157,-0.00914895,-0.16532046,-0.19307639,0.23471689,-0.48277244,0.53045833,-0.010873005,0.46948832,0.36654413,0.32670125,-0.17447019,0.7597058000000001,0.20332623,-0.39165455,0.27161729999999995,0.092091925,0.30873814,-0.07323027,0.24743332,-0.009932886,-0.44897196,0.59149045,0.32448962,-0.12596565,-0.10048562,-0.35553533,0.095488645,-0.03959093,0.17098829999999998,0.068191744,-0.11696559999999999,0.16750479999999998,0.031450715,-0.15205272,-0.28004012,-0.33520209999999995,-0.09808634,0.068148635,-0.047181834000000006,0.16877024,0.10902383,0.021482456,0.21894683,0.14033365,-0.011977173999999998,1.0391576999999999,-0.061109595,-0.25781956,-0.38446525,0.21288319,0.04882276,-0.24310212,-0.04012629,0.04118394,-0.20024316,-0.41450640000000005,-0.15548734,0.29703870000000004,0.11011722,-0.30271283,-0.21337686,0.048125718,0.06581545,-0.36030436,0.61604935,-0.22603855,0.10022542,-0.069868505,0.27933693,-0.0913612,-0.19672679999999998,0.022972577999999997,0.08143298,-0.14240645,-0.21761122,-0.25583526,-0.04648772599999999,-0.16847698,-0.28121033,0.29489157,-0.12959106,0.0215361,0.09171236,0.057680957000000005,0.030446641,0.07736401,-0.19455516,0.050135765,0.09933877,0.33135888,-0.22135468,0.25225990000000004,0.1642031,-0.028334137000000002,0.5129941,-0.13422057,0.33371946,-0.13493370000000002,0.21915792,0.160304,-0.09105531,0.21040888,-0.59945065,0.16561675,-0.08028414,-0.29769588,0.30084756,-0.06724768,0.09927604,-0.05703587,0.229892,0.055277854,-0.39619002,-0.04890308,-0.2712049,-0.14586066,0.13017689,-0.6179788,-0.07124297,0.37166503,-0.53228354,-0.26164699999999996,-0.063220054,0.4056126,-0.03484126,0.13753659,-0.22044714,-0.50056326,-0.0074130413,-0.31332752,-0.11511797,0.09965328,-0.1456405,0.18658805,0.11225519,-0.04471855,0.055781968,-0.039105162,-0.09650617,-0.038928945,-0.28413817,-0.025556626000000002,0.3048612,0.021316792999999997,-0.12705642,0.28156713,-0.03182778,0.63328487,-0.05956901,-0.9156238999999999,0.29793227,0.3719821,0.048009265,-0.42513394,0.5559784000000001,-0.25119389999999997,-0.16845633,0.08071208,-0.6159281999999999,-0.294213,0.12530002,-0.3999045,-0.19979842,0.30516863,-0.020728357,0.17887373,0.567714,-0.32157984,-0.25932062,-0.03841551,-0.18871129999999997,-0.30119348,-0.6436470000000001,-0.36843064,-0.10715757,-0.18018986,0.06653722,-0.47003147,-0.062002104,-0.23671195,-0.08729450000000001,-0.18167242,0.51574075,0.119181626,0.020804108999999998,0.13389431,-0.01946396,-0.55993396,-0.19548143,0.1426024,0.26495949999999996,0.07969997,0.0681064,0.13452008,0.06237423,0.5962454,-0.11834039,-0.22767532,0.31854679999999996,0.11192724,-0.07335207,-0.033630382,0.36167043,0.17076702,-0.23806033,-0.05093652,-0.03046954,-0.0049887425,0.32764935,-0.013674137,-0.31413776,0.054655325,0.024021419,-0.024835042999999998,-0.5241401,-0.22545046,0.37419179999999996,0.08201609,0.06922986,0.31156957,0.024297793999999998,-0.045171685999999996,-0.34799734,-0.14370091,0.29972243,0.16585019,-0.19727705,0.15831403,0.14094922,-0.4515093,-3.6681902,-0.073525645,-0.024325334,-0.17255935,0.2618571,-0.16452211,0.12686147,-0.085527815,-0.37094447,0.03553925,0.15312985,-0.02816561,0.18099172,0.0014272664,-0.013864313999999999,0.32577002,0.17731114,-0.062692635,0.07700296,0.35263103,-0.106487945,-0.93942046,0.1894757,-0.13899693,0.13569324,0.17031226,-0.43950316,-0.103109375,-0.3690288,-0.30557525,0.18943143,-0.3028595,0.04579977,0.076946974,0.08079138400000001,-0.14917463,-0.07432488,-0.19836396,-0.16029200000000002,-0.58341086,0.1768043,-0.503039,-0.14423354,-0.059026733,0.71781784,-0.41498682,0.05541157,0.35649186,0.08968715,0.11723554,0.22623736,-0.08203393,-0.24919035,-0.27151668,-0.26487422,-0.1705233,0.42143792,0.391507,-0.14005634,0.014074921,0.27371407,-0.11785409599999999,-0.77299,0.102313474,0.03741979,-0.14609148,-0.755834,-0.28076926,-0.04520644,-0.16904575,0.06790405,0.45363525,-0.06985133,-0.52505136,-0.06643436,-0.47930577,0.35666722,-0.13005550000000002,0.15943898,-0.32872567,-0.2078493,-0.25972268,0.19638552,0.020245772,0.09385231,-0.19637997,0.16476008,-0.08739491,-0.3035992,-0.54506105,0.26278147,0.07435699,0.38400018,0.23698519,0.03965583,-0.28926498,0.088133655,0.34386402,-0.26744908,-0.20871824,0.07478288,0.0006655109,0.3390381,-0.008503715,0.021967277,0.09952304,-0.19168046,-0.17670853,0.33157673,-0.23908839,0.31056887,-0.0038680034,0.330406,-0.18899074,-0.08636671,0.041152336,-0.07602374,0.5344507,0.101523556,-0.45339358,0.108875185,0.6270621,-0.09452709599999999,0.19430438,-0.45550280000000004,0.010929929,-0.31027314,0.48464477,-0.15770763,-0.37272087,-0.12257544,-0.43466059999999995,-0.24731891,0.42633972,0.051003154,0.010602134,-0.10258818,-0.26269034,-0.23432089999999997,0.23008801,0.26408590000000004,0.68238324,0.28753498,-0.20701797,-0.040588938,0.27686059999999996,-0.2669006,0.25565124,-0.35724187,0.38297212,-0.49988109999999997,-0.32846144,-0.22743918,-0.48676759999999997,0.28859606,0.52490765,0.30556732,-0.036638338,0.15116008,-0.45314407,0.06587587,0.42876264,0.15176307,0.117955886,-0.12347986,0.8086466999999999,-0.1253375,-0.32404720000000004,-0.103251606,0.13438149,-0.30302182,-0.011002459,-0.15397888,-0.7208839,0.09102286,0.36426625,0.24545734,-0.23097153,-0.112404354,0.23504446,0.08005815,-0.14899744,-0.34739986,0.19070867,0.53932565,0.14361301,0.20974669,-0.5260781,0.10698555,-0.044821612999999996,0.039826334,0.5151388,-0.07482297,0.06113343,-0.37289527,-0.0966824,0.24336433,-0.3113527,0.014225226,0.06265019999999999,0.18509507,-0.021335998999999998,0.13594198,0.18254579999999998,-0.05325926,-0.3129317,0.027259175,0.2502087,-0.1679348,0.20826261,-0.39649603,-0.42185402,-0.04553078,0.3554449,0.13315333,-0.3006469,0.10646211,-0.14571129,-0.46318465,0.42575969999999996,0.07972433,-0.29266495,0.38854638,0.12780993,-0.41830546,-0.06344229,-0.16045833,0.46630920000000003,-0.057587865999999995,-0.17102797,-0.31307435,-0.8735252,0.07455392,-0.04220658,-0.085935496,0.49729243,-0.18021761,-0.5271908000000001,0.2093716,-0.30122507,-0.33111826,0.067412116,-0.15039122,-0.48177737,-0.026975606000000003,0.10372560000000002,0.0038598094,0.5215774999999999,-0.17955239,0.49443626,-0.30460018,-0.03804989,0.06943718,-0.34662729999999997,0.47402418,-0.15641165,-0.31939942,-0.29481313,-0.7034634,-0.32576679999999997,-0.11860333,-0.30994883,-0.13776174,0.22295241,0.34171996,0.13249859,0.060243722,-0.108017005,0.06903567,-0.4860978,0.014079742,0.060374536,0.05468154,-0.19144101,0.17668128,0.09089529,0.35169035,-0.64907104,0.2730965,-0.35269670000000003,-0.2793801,-0.43577259999999995,0.21923202,-0.018608037,0.47475663,-0.32334968,-0.3356075,0.15834732,0.23228654,-0.07825080000000001,0.2757972,-0.3017163,-0.08591497,0.20846495,-0.18603928,0.32743603,0.8103424,-0.11993938,0.26822653,0.36600864,0.11651660000000001,0.41974106,0.32852653,-0.062023666,-0.21707931,0.36808077,0.09557105,-0.33787249999999996,-0.06929119,-0.09242208,-0.14901695,-0.4660026,0.7104815999999999,0.34478459999999994,-0.18993098,0.05282405,-0.34941256,-0.20010568,0.14382519,-0.04820991,-0.05065658,0.15002356,0.48369409999999996,-0.3360936,0.2042003,0.611189,-0.3030702,-0.35547513,-0.015354878999999998,0.41742426,-0.11031094,0.27561373,-0.32174504,0.5449039999999999,0.033543177,0.095795244,-0.13430186,0.13595253,0.10786273,0.07550558,0.28673047,0.16584753,0.61517483,0.3873264,0.27195367,0.25939855,0.2949349,0.27568227,0.3773404,0.42109334,0.36021248,0.08519289,-0.052037112,0.1317066,0.2347917,0.08025288,0.27894348,0.46753678,0.08045103,0.8878946,0.010584296000000002,0.2595755,0.66026723,-0.81169933,-0.20298001,-0.17296037,0.56011397,-0.30726075,-0.068034425,0.25056168,-0.15047996,0.2794841,-0.4432432,-0.46204072,0.082085066,0.31962890000000005,-0.20838214,-0.36587566,-0.036891673,0.44644815,-0.09067074,0.057892043,-0.51723087,-0.107089475,-0.16246566,-0.012760345,-0.12221965,-0.029127392999999998,-0.27148520000000004,-0.36671716,0.011891268,-0.07033434,0.40557006,0.0071826107,-0.01342449,-0.009055158,0.56705034,0.22405055,0.48237056,0.29482183,0.051139135,-0.2753281,-0.16552149,0.25219223,0.3177672,0.058939226,-0.16209210000000002,0.019589376000000002,-0.12873618,-0.18128316,0.26130855,0.30538213,-0.49336620000000003,-3.4711741999999997e-05,-0.040724576,0.010612446999999999,-0.004476834,0.29989076,-0.21510734,0.020696461,-0.041403495,-0.31703553,0.308138,-0.30681905,-0.5007552,-0.15252443,0.27116582,0.27877468,-0.037285406,0.13608138,-0.23552461,0.20127013,0.12856887,-0.0036249240000000003,-0.21687646,-0.47401154,-0.41224957,0.065495476,0.029030364,0.1671974,0.14385138,0.5147988,0.23295034,-0.15756057,0.70702726,-0.29776973,-0.3374203,-0.26026618,-0.12244398,-0.22147524,-0.15346573,0.06733061,0.16608252,-0.22277753,0.08573942,-0.31097773,0.043517713,-0.36151505,0.053425605999999994,-0.47978687
11,6,-0.14454098,0.31033182,0.3351643,-0.24279265,0.0051894904999999995,-0.4473929,0.059537757000000004,0.68684596,-0.053331132999999996,-0.38223863,0.24994496,-0.5041378,0.25503036,0.5172836,0.027463716000000003,0.537621,-0.07579979,0.13566762,-0.06669929,0.18079476,0.18721683,-0.44690064,0.22746168,0.79407394,0.49403298,0.15020745,-0.13583276,-0.052664943,-0.16124658,-0.05255105,0.5908671,0.1800632,-0.27892545,-0.18913364,0.033899892,0.040934846000000004,-0.25258600000000003,0.015716611999999998,-0.23652893,0.12716891,-0.8514149,-0.20721370000000003,0.15631545,0.1647429,-0.24395968,-0.7034375,0.42831385,-0.20435837,0.3065429,0.058992672999999995,-0.45671555,-0.0129095055,-0.41014585,-0.2266249,0.13332982,0.58631116,-0.3413085,-0.49117494,-0.8426323,-0.26025679999999995,0.28984863,-0.23022442,-0.07380924400000001,-0.5466743000000001,0.34065178,0.20144604,0.074240334,0.38944173,-0.7687626000000001,-0.11392406,-0.25881493,-0.039922446,-0.049852863,-0.07562677599999999,-0.33378497,0.008147747,-0.28845438,0.43219444,-0.06319905,-0.22521038,-0.3112178,0.44519782,-0.54163253,0.7932418000000001,-0.012223262,0.45680034,-0.00041525782,-0.08968888,-0.3482763,0.5357604,0.37993583,-0.43731153,0.018993145,-0.22584793,0.22028579999999998,-0.37086812,0.42525437,0.009535033,-0.45369697,0.47045287,0.38219002,-0.21821603,-0.044673252999999996,-0.39196435,-0.07523294,0.0751396,0.12573111,0.20492376,0.23075943,0.25213847,0.041705966000000004,-0.16834223,-0.30734193,-0.31038466,-0.2854365,0.029805055,0.17037083,-0.10047909599999999,-0.057777833,0.057293095,0.16348644,-0.03550278,-0.047746316,0.93860555,-0.010043028,-0.12519257,-0.33198106,0.36204994,-0.19703136,-0.43899047,0.33096963,0.005364155400000001,0.12961894,-0.52363783,-0.526551,0.47468638,-0.12419350400000001,-0.38980308,-0.6441939,0.27011108,0.12050409599999999,-0.34586018,0.69715804,0.0003455639,0.034779057,0.078255564,0.021511521000000002,-0.35187054,-0.32098588,0.04071936,0.063720554,-0.31756583,-0.035024036,-0.15488578,-0.102150984,0.050864324,-0.3726993,0.19926035,0.02143867,0.17294961,0.26138234,-0.13156964,0.025491474,0.5388109000000001,0.1693481,0.23870559,0.07829961,0.14055823,-0.35638496,0.09508404,0.028365908,0.13327305,0.77890503,-0.32071292,0.12637901,-0.24762779999999998,0.37570295,0.15123434,-0.098724164,0.27661192,-0.46718132,0.15602154,-0.15218431,0.11620971,0.47913897,-0.3177224,-0.12608624,-0.4747915,0.2505708,0.18107249,-0.40375632,-0.09097965,-0.07809313400000001,-0.0093506845,0.3157109,-0.28758824,0.06517436,-0.1738524,-0.49811733,0.13781857,0.19156352,0.093962155,-0.08554226,0.34704125,-0.25895858,-0.16090551,0.41833875,-0.19625193,0.057351485,0.28696683,-0.011809957,0.5124488,0.14055614,-0.11067861,-0.062080092999999996,0.048536032,0.050359488,-0.14931852,-0.050148748,-0.054855596,0.06798735,0.24318102,-0.3725482,0.35420477,0.18827334,0.8348209999999999,-0.12776869999999999,-0.8870886,0.13078184,0.55046916,0.069693275,-0.524883,0.832364,-0.17326485,-0.21774599,0.09114565,-0.6608705,-0.6876698,0.009314334,-0.24969296,-0.06787086,0.40716222,-0.02560659,0.244427,0.41701245,0.027714387000000004,-0.10318137,0.019913174,0.27422842,-0.21850343,-0.47497132,-0.32700133,0.18168591,-0.33506978,-0.14635487,-0.5366875,-0.169391,-0.21905210000000003,-0.36218512,0.077933766,0.4915709,0.07911393,0.16370024,0.14766112,-0.18858281,-0.45293653,0.027158195,0.033735003,0.2524167,0.11203492400000001,-0.059301306,0.020825677,-0.017915167,0.9025745000000001,-0.025457797999999997,0.10116527,0.123554945,-0.31257358,0.23597474,-0.14060982,0.46953687,0.49423608,-0.46620100000000003,0.08773014,-0.32015082,-0.010425972,-0.10614045,0.32339442,-0.40635148,-0.37834042,-0.13400474,-0.15942337,-0.40126905,-0.073904976,0.64920676,-0.041091222000000004,0.18642336,0.23943675,0.095433176,-0.15509048,-0.31197768,0.03213092,0.19141598,0.20366608,-0.112472266,0.17974606,0.09354999,-0.49165103,-3.5014527,-0.01926394,0.3153547,-0.42822608,0.45593843,0.08014243,0.21213238,-0.21435437,-0.42676899999999995,-0.209329,-0.01649942,0.046987332,0.5588496000000001,0.015060144499999999,0.26878595,0.44453865,0.14867903,-0.28991356,-0.037456814,0.5512632,-0.034647655,-0.39760035,0.11996926,-0.15048257,0.44806817,0.37520954,-0.24158579999999996,-0.16291991,-0.36754903,-0.09119400400000001,0.30638522,-0.4028643,0.09998688,-0.010054500000000001,0.0012789196,-0.09410452,0.19424611,-0.36422309999999997,-0.12558740000000002,-0.44775277,0.21671413,-0.5203267,0.044128905999999996,-0.22655039999999999,0.9880924999999999,-0.26622647,-0.21819243,0.14665806,-0.049194727,0.36828590000000005,-0.014170631000000001,0.06978954400000001,-0.11021159,-0.49089777,-0.15125070000000002,0.14798473,0.29508474,0.64419645,-0.2594947,-0.31497502,0.0747811,-0.11125981,-0.7104615,0.04364808,0.11071177,-0.25184202,-0.18962848,-0.23649201,0.0025811715,-0.111269414,0.31315097,0.3408001,-0.21293324,-0.45213273,0.03995277,-0.0411517,0.23353413,0.0071272864,0.24919958,-0.23105213,-0.18767472,-0.29820287,-0.10963824400000001,-0.15935020000000003,-0.071347214,-0.15704985,0.08592418,-0.23888944,-0.3236735,-0.847902,0.19171837,0.27676642,0.29998797,0.41290104,0.0744587,-0.2834413,0.49631292,0.04015202,0.20104939,-0.29409596,0.20657855,0.47262204,0.50677943,-0.038947232000000005,0.16489473,0.13469239,-0.09037127,-0.18573307,0.07507458,0.11553685,0.38165322,-0.5740263000000001,0.23737247,0.06654939,-0.25310900000000003,-0.26988986,0.12416341,0.45255384,-0.06566662,-0.21057811,-0.012065533,0.4833704000000001,-0.36136523,0.046183243,-0.71575844,-0.17273533,-0.33262905,0.23938024,-0.25776607,-0.154315,-0.12301608,-0.32502583,-0.40263274,0.69704854,0.06877085599999999,0.32106942,0.07693609,-0.7400549,-0.14645302,0.07309642400000001,0.20409039,0.49977672,-0.19777462,-0.09307262,-0.008757491,0.5253106,-0.2172154,0.15733472,-0.18680534,0.035455134,-0.40787080000000003,-0.41193017,-0.22059728,-0.6805111999999999,0.06946171,0.35774794,0.38805434,-0.085210845,0.17915769,-0.55157584,0.047287613,0.3126038,0.061392058,0.46972194,0.09208495,0.55612177,-0.020317793,-0.16803224,-0.022733875,0.21754,-0.5922009,0.30192617,-0.08270235,-0.63211906,-0.16987936,0.68557245,0.021654392,0.0019915623,-0.11425051,0.044688474000000006,-0.010058505,-0.07521330000000001,-0.30603054,0.35513866,0.15880746,-0.04322738,0.09334262,-0.22720186,0.17347437,0.12772807,-0.45725736,0.46085837,0.0017442285999999998,-0.027983615,-0.40599763,-0.08575078,0.33127916,-0.67822164,0.013583171000000002,0.020860823,0.44875032,0.008682332,-0.013990618,0.29231122,-0.37672427,-0.122265846,0.06066654,0.019441318,-0.08574572,0.2641301,-0.049683295,-0.31953245,-0.18179703,0.20134825,0.07635685,-0.46844589999999997,0.11949274,-0.014611496000000002,-0.46484488,0.4389875,-0.25329924,-0.073148735,0.25863305,-0.0025505966000000002,-0.7312569999999999,-0.047042303,0.009442124,0.41237766,-0.17156917,-0.3753999,-0.29982838,-0.9066314,-0.03016964,0.046243172,-0.36329920000000004,0.6378038,0.056145094000000006,-0.34236786,0.2785034,-0.28995407,-0.11965663,0.18746231,-0.028869776,-0.4508138,-0.13019451,0.09498647,0.023842294,0.6369636,-0.20439620000000003,0.47336459999999997,0.14362861,0.24856886,-0.19317953,-0.24017672,0.40654559999999995,-0.35258153,-0.31671370000000004,-0.047819007000000004,-0.43546337,-0.11784244,-0.22718717,-0.17960079,-0.19447879999999998,0.35507342,0.22497207,0.15468878,0.0075977132999999995,0.08389160000000001,0.07329785,-0.72653884,-0.013235611999999999,0.013571518000000001,0.12833017,-0.22383477,-0.11302349,0.079398364,0.05935207,-0.6289238,0.397606,-0.5647097,-0.4194317,0.16175011,0.04209128400000001,-0.30058217,0.18933292,-0.28259984,-0.53886914,0.25272313,-0.16088499,0.028895438,0.15973683,-0.044651665,-0.13512889,0.28248107,0.059296712,-0.051759567,0.71538055,-0.319494,0.07322089400000001,0.49569540000000006,0.041428123,0.145401,0.45440942,0.10956086,-0.25701785,0.38804772,0.0959345,-0.7873868,0.13411224,0.0011513369999999999,-0.4741849,-0.34174479999999996,0.65973383,0.58424634,-0.5650728,-0.30500707,0.07877,-0.40578705,-0.132162,-0.091353826,0.016893613999999998,-0.22943188,0.6674197,-0.14960736,0.223978,0.29297674,-0.3008241,-0.2748977,0.18060368,0.12304480000000001,-0.16879967,0.23940194,-0.73534584,0.5913964,-0.33336857,0.10496221,-0.057712313,-0.08041868,0.11365618,0.14094685,-0.17648937,0.22639151,0.47908786,0.53077286,0.32321388,0.16576469,0.18791239,0.06958707,0.71979314,0.1687766,0.25585803,0.4069,-0.11919360000000001,-0.24645419999999998,-0.04869899,0.30602148,0.23557286,0.36106712,0.14418134,0.83068573,0.10353865,0.14464796,0.7253012,-0.4189683,-0.5243376000000001,-0.12978524,0.2645967,-0.60064226,-0.16590601,0.07438252,-0.2653236,0.14518134,-0.36285493,-0.45123327,-0.44313009999999997,0.3779695,-0.0066482816,-0.17664029,0.140782,0.12635173,-0.10481184,0.053187802,-0.5866106,-0.17942755,0.039242007,-0.71845436,-0.11668540000000001,-0.090495065,-0.12235404,-0.573394,0.019421713,0.18118247,0.17460068,0.0322274,0.18003966,-0.49809116,0.512062,0.2849429,0.44818732,0.2868443,0.03283422,-0.19355278,-0.03456976,0.16134562,0.44934300000000005,0.09564142,-0.12126879,0.24338552,-0.10805115,-0.21169296,-0.03574919,0.5375653,-0.7310641,0.028218186,-0.06217779,-0.029223878,-0.0035736141999999998,0.27212995,-0.10948843,0.24287060000000002,-0.30326807,0.03952414,0.058193024,0.25927943,-0.25686085,0.34632885,0.20750679999999996,0.22091846,-0.25558782,0.17222765,0.13828753,0.18606758,0.17472439,0.04205462,-0.11278913,-0.5296806,-0.34044135,-0.20557736,-0.37080932,0.15330975,0.25782663,0.35742724,0.16876997,-0.42872852,0.79749596,-0.21108920000000003,-0.24330561,-0.29746592,-0.32200432,-0.4326692,-0.1216042,-0.15577911,0.16245192,-0.32101014,-0.0007501572000000001,-0.12449953,-0.12740645,-0.3645584,0.18840306,-0.15741517
12,5,-0.12506431,0.11662741,0.6198255,0.058352698,0.30699307,-0.21975075,0.030605739,0.5140989,-0.09154019999999999,-0.6063105,0.41508649999999997,-0.32780176,0.01781044,0.46137017,0.112036355,0.5171680999999999,0.029497067999999998,0.14494714,-0.09889863,0.13007402,0.076016136,-0.38031662,0.27383226,0.74992245,0.28341323,-0.10325184,-0.1745857,-0.093434684,-0.28720078,-0.12838346,0.6322833000000001,0.072128564,-0.33203712,-0.27705395,0.13929605,0.13129833,-0.23719838,-0.12221420599999999,-0.18419938,0.0941055,-0.77636844,-0.19936174,-0.005568338000000001,0.13308558,-0.31733486,-0.43408743,0.018032577,-0.22854641,0.36085573,0.015868524,-0.3774566,-0.005423201999999999,-0.32934440000000004,-0.35719988,0.1454214,0.70749956,-0.12835152,-0.4435719,-0.6841155,-0.28180897,0.39083523,-0.3222669,-0.15701988,-0.53411424,0.053509887,0.13660863,0.13227087,0.44016635,-0.7017854,-0.058214575,-0.2813137,-0.13803588,-0.04793473,-0.046593267,-0.43525922,0.040332485,-0.34057486,0.35934299999999997,0.003366101,-0.12747954,-0.22941358,0.28267620000000004,-0.52281046,0.5778031,-0.15784971,0.42949665,0.34204182,0.09013293,-0.27211878,0.77495456,0.2008387,-0.52729887,0.24919891,0.09981516,0.24224837,-0.2140636,0.38091215,0.015103607,-0.35102013,0.6508125,0.18394229999999998,-0.24142082,0.04979113,-0.4115004,0.036501672,-0.10294907,0.19748068,0.18448253,-0.029062549,0.13229978,0.07272555,-0.13673335,-0.41602355,-0.2211975,-0.07303164,0.0048437836,0.012491178,-0.02152302,0.09427765,0.12653345,-0.019559935,0.16847135,-0.012567968999999998,0.8288546999999998,0.00013081268,-0.07545198,-0.35052752,0.26676226,0.006799981,-0.3443402,0.03652842,0.021203032,-0.06394679,-0.46286827,-0.07835081,0.24079108,-0.030815696,-0.31846946,-0.39572793,0.15439564,0.17292918,-0.30090138,0.60604656,-0.054060094,-0.0045459946000000005,-0.041574784,0.055278085,-0.19197676,-0.37551838,0.18196057,0.1246559,-0.05985943,-0.06914009,-0.17074135,0.08000736,-0.14783154,-0.5976734,0.3037902,-0.2597932,0.25211698,0.24101667,0.13158573,0.15243798,0.28228042,-0.02833782,0.17795773,0.12094765,0.3365967,-0.29444975,0.17813854,-0.02685809,0.031785566,0.62971777,-0.21562128,0.20509817,-0.102033295,0.32476535,-0.07023782,-0.09247931,0.22945035,-0.5087214,0.15418446,-0.068169534,-0.11461485,0.34507540000000003,-0.23091751,0.19016664,-0.14954633,0.4017301,-0.0404024,-0.22210002,-0.21883687,-0.24565154,-0.13434047,0.25378513,-0.5817217,-0.017772948,0.23305283,-0.47164282,-0.06745391,0.031142296,0.12982325,0.025316311,0.22149113,-0.095515475,-0.31718746,0.17096671,-0.32604036,-0.032968447000000005,0.16650656,0.005778094300000001,0.38790745,0.097432554,-0.041075196,-0.030588765,-0.08429974,0.099019475,-0.19560356,-0.17765970000000003,-0.18853092,0.22614044,0.033277499999999995,-0.17536701,0.35329804,0.07578747,0.64468765,-0.01866653,-1.0722882,0.24563302,0.44646946,-0.012952405,-0.5112215,0.5907165,-0.19620685,-0.038953222,0.12188775,-0.43132916,-0.33462307,-0.07400402,-0.24239996,-0.18348156,0.30963776,0.06584706,0.068056405,0.33314303,-0.20773765,-0.18442143,0.10174249,-0.1641759,-0.3309263,-0.6033376,-0.36935925,0.00997718,-0.30818686,0.05758449400000001,-0.43148613,0.04646767,-0.24711123,-0.13359119,0.030672058,0.46722037,0.16412148,-0.0929432,0.0073268353,0.02202777,-0.74329495,-0.15698391,0.16973531,0.3774505,0.15787032,0.064012684,0.045196407,0.021960277,0.6916840999999999,-0.1126009,-0.0781146,0.27475068,0.059898466,0.053713622999999995,-0.14135392,0.21431027,0.26363838,-0.18387388,0.009580063,0.06019942,-0.16923058,0.16517565,0.24654993,-0.3320448,-0.014724174,-0.07669537,-0.042437397,-0.58211136,-0.3157782,0.45545655,0.015039077,0.07699898,0.20760469,0.073477216,0.13612773,-0.43120876,-0.20791042,0.30789348,0.20029163,-0.136537,0.07585658,-0.05588372,-0.43779564,-3.871547,0.007058318199999999,0.16768058,-0.32843274,0.26616377,-0.15432589,0.09075939,0.002170425,-0.44797683,-0.104646586,0.0004598095,0.025609076,0.37661165,0.24683703,0.14903936,0.2949261,0.23065333,-0.21366082,-0.09922510000000001,0.47797072,0.005064144699999999,-0.7073914000000001,0.11950587,-0.21270941,0.24176225,0.24560891,-0.29998028,-0.060326062,-0.45904642,-0.13179241,0.24539825,-0.097325034,0.18081547,-0.0041595697,0.15942214,-0.029237615,-0.029019786000000002,-0.36613137,-0.33541992,-0.55182457,0.19875009999999999,-0.6803494999999999,-0.13806847,-0.21884318,0.73562026,-0.20748720000000004,-0.024327832999999997,0.20284365,-0.024664507999999998,0.086143725,0.2248096,0.05132839,-0.15580092,-0.38500646,-0.37854138,-0.017465444,0.6019213000000001,0.40628815,-0.26867792,-0.29773128,0.11825055,0.027424023,-0.6813153000000001,0.081508905,-0.0015066728,-0.2926655,-0.48249456,-0.22720565,-0.15934005,-0.18899976,0.01876977,0.5666584,-0.32213694,-0.5487038000000001,-0.112532,-0.42109647,0.30758274,-0.07901132,0.18035924,-0.22953257,-0.0657807,-0.30662268,0.042268578,-0.02637587,-9.322348e-05,-0.18601020000000001,0.13490842,-0.15378152,-0.4759569,-0.64671487,0.28051123,0.11636922,0.27490118,0.30994505,0.3348065,-0.38392067,0.33632416,0.10253191,-0.05746769,-0.27706942,0.18036608,0.23127516,0.42519963,-0.009132833,0.07374212,0.1416591,-0.2766553,-0.0705397,0.28613687,-0.10336859,0.34908290000000003,-0.19559278,0.39283368,-0.10002907,-0.29515573,-0.061622854000000005,0.17018697,0.45044613,-0.038193837,-0.36319320000000005,0.13592966,0.591923,-0.45347077,0.09230612,-0.5725365,-0.056394417,-0.2578712,0.4110922000000001,-0.1551185,-0.17512184,-0.12530132,-0.4624214,-0.39079225,0.48027188,0.07828719,0.19462763,0.036144968,-0.4461031,-0.14105763,0.037331924,0.35100892,0.70848036,0.15516451,-0.09904699,-0.009789676,0.44142440000000005,-0.14638545,0.09857324,-0.36591133,0.1506105,-0.33219677,-0.21246062,-0.30438745,-0.52726245,0.14803678,0.31617823,0.33996263,-0.06924031,0.04908823599999999,-0.639129,0.18195229999999998,0.35402733,0.1375098,0.23213485,-0.050445363,0.8069486,-0.011229682,-0.24064033,-0.05911134,0.08921126,-0.34592518,0.21246172,-0.10849351,-0.6099641,-0.008815878000000001,0.404681,0.14934471,-0.24404836,-0.16173223,0.12200004,0.069601335,-0.023953343,-0.14433385,0.15105376,0.3428766,0.11804633,0.21598275,-0.2860118,0.031862695,0.163156,-0.06259425,0.46969923,-0.19272326,0.077880085,-0.34347059999999996,-0.06708332,0.2416245,-0.51195514,-0.083816744,-0.03168549,0.36170083,0.04271176,-0.080132164,0.17966406,-0.14111146,-0.23354983,0.115793325,0.27518940000000003,-0.062305436,0.30105913,-0.401161,-0.31273538,-0.21831125,0.25137198,0.2293456,-0.4358048,-0.010745018,0.05839145,-0.60796934,0.23992118,0.15688805,-0.23374657,0.29762796,-0.081377774,-0.47413218,-0.114053234,-0.10080483,0.30417758,-0.21996786,-0.3477537,-0.31295794,-0.9173329,0.019244696999999998,0.09490014599999999,-0.3525729,0.39149538,-0.23285061,-0.22860114,0.3013292,-0.21391062,-0.34774312,0.09100547,-0.09737815,-0.35859948,0.01809963,0.2851635,-0.15405926,0.6132287,-0.2035345,0.67206436,-0.23740734,0.09438451,0.12449669,-0.37707457,0.23884054,-0.19451228,-0.30449718,-0.16457982,-0.53790134,-0.14327943,-0.15069547,-0.28612363,-0.14786957,0.21052103,0.29704827,0.2606668,0.05337013,-0.03820073,0.048962843,-0.5303363,0.08574069,0.15317422,-0.10842562,-0.30385175,0.24821448,0.03689878,0.08719697,-0.6203456,0.47809234,-0.26275479999999996,-0.22300757,-0.2956335,0.093951575,-0.045993965,0.30502725,-0.39666447,-0.22466071,0.31456977,0.052960407,-0.04548331,0.21935566,-0.14210191,-0.05552789599999999,0.11677765,-0.09597488,0.10902305,0.8008603,-0.17521448,0.23925644,0.31264755,0.20173754,0.28825715,0.44548535,0.20401269,-0.33131495,0.29525828,0.10403278,-0.55483687,0.14312202,0.1835485,-0.25214326,-0.41973487,0.8411653,0.4898885,-0.33870602,-0.09812649,-0.21756966,-0.17108186,-0.037441123,0.05133175,0.0378162,0.052632708,0.6126835999999999,-0.3292955,0.15561931,0.34163085,-0.24903174,-0.36855924,0.026322803,0.40988627,-0.04823901,0.26009065,-0.38249248,0.38086596,-0.029346125,0.019827086,-0.24629079999999998,0.10062021,0.056963783,0.09640084,0.09995802,0.04227009,0.71149045,0.41295874,0.49836165,0.23552926,0.14751594,0.1568707,0.6975751,0.22521454,0.33297342,0.12231588,-0.010318536,-0.13250442,0.16002807,0.27122158,0.33352894,0.4464816,0.044328865,0.73039436,0.022833707,0.06383688,0.59102285,-0.6257716,-0.29380926,-0.10384536,0.23230389,-0.20180619,-0.13827397,0.14767033,-0.2748965,0.1626463,-0.367562,-0.41807982,-0.15089524,0.40737247,-0.20009506,-0.32794586,0.04606957,0.38905042,0.14331838,0.05301089,-0.4989709,-0.17377427,-0.11544208,-0.18615323,-0.27383396,-0.055782408,-0.21412703,-0.42042902,-0.018012917,0.10424796,0.33864743,-0.12556386,0.09850499,-0.07447945,0.35783496,0.16301367,0.4125835,0.25609374,0.12836976,-0.1724706,-0.09110403,0.21929814,0.19866219,-0.035576925,-0.23261315,0.08345451,-0.05623276,-0.0740464,0.21332967,0.49268115,-0.61565393,0.19902742,-0.10484688,0.019463776000000002,0.12859808,0.31895718,-0.34270698,0.09947931,-0.32326233,-0.24071832,0.23640339,0.056567177,-0.27975717,-0.17021212,0.09325472,0.26749867,-0.19873758,0.15502241,-0.12736091,0.1809552,-0.00860832,-0.1153835,-0.11094939999999999,-0.36452627,-0.46863094,-0.021125767,-0.042080692999999995,0.36713672,0.2518576,0.29063767,0.1988666,-0.24720035,0.79996747,-0.26457506,-0.18112531,-0.27696887,-0.20048712,-0.25403953,-0.29771343,0.025726594,0.17957659,-0.26939932,0.100046225,-0.15478559,-0.1449484,-0.26685990000000004,0.18256652,-0.39100388
13,5,-0.016326316,0.19102404,0.38562283,-0.09458452,0.30522877,-0.34797832,0.17978661,0.66581243,-0.08220163,-0.5200486,0.16173975,-0.5853374,0.26134062,0.58343667,0.052751045999999996,0.37411106,0.13934499,0.19006906,0.0020078134,0.16402023,-0.04765840599999999,-0.34682270000000004,0.37645268,0.6057934,0.47973326,-0.13766325,-0.095044844,-0.017262286,-0.07987238,0.0019886647,0.45637023,0.010819533999999999,-0.30568796,-0.17705579,0.017503742,0.17323406,-0.34645894,-0.08999554,-0.14950453,0.24897422,-0.66941196,-0.3521495,0.104483694,0.04054461,-0.26681715,-0.62491477,-0.16987948,-0.06718523,0.34760159999999996,0.23593529,-0.11825781,0.075537294,-0.49197936,-0.24506481,0.10229953,0.7743709,-0.067665115,-0.30905792,-0.6484359000000001,-0.29413405,0.33178973,-0.26147159999999997,-0.24577248,-0.7459949,0.52760017,0.27292565,0.09038692,0.16467503,-0.7357738,-0.0054480797,-0.20286897,-0.18361825,-0.21828634,0.124704175,-0.42784435,0.050557042999999996,-0.39685115,0.33590242,0.18099876,-0.22401112,-0.3023426,0.37529470000000004,-0.541184,0.5945347,-0.16454117,0.48912117,0.26633513,0.23396526,-0.26311508,0.6305036,0.3116129,-0.37840706,0.22836192,0.026791697000000003,0.15404932,-0.04503067,0.33846813,0.060802333,-0.4558384,0.828462,0.25762042,-0.33434474,0.025226383999999998,-0.21308666,0.10190603,0.03620404,0.23111098,0.30116570000000004,0.033517267999999996,0.16818506,0.03910421,-0.30626667,-0.21852256,-0.24494773,-0.30903155,0.19175494,0.29404655,-0.08755435,0.06783908,-0.00785843,0.019799498999999998,0.006373754000000001,-0.050126627,0.969686,-0.10498326,-0.059991352000000005,-0.5503763,0.48139608,0.15665489999999999,-0.18659309,0.090377,0.29544857,-0.14194952,-0.52018684,-0.08657172,0.07907615,0.15971181,-0.5204143,-0.6574886,0.09313925,0.20345978,-0.21817021,0.6797155,0.2676922,0.085996084,0.09306968,-0.012977708999999999,-0.19915239999999998,-0.20633702,0.058734477,0.004868471,-0.35781804,-0.22815564,-0.12490889999999999,-0.15341079999999999,-0.05971359,-0.6784505999999999,0.16403453,-0.16982383,0.10501322,0.10483553,-0.08696912,-0.06837213,0.42775297,-0.26749524,0.23707911,0.236974,0.39011595,-0.3938198,0.079013996,-0.019181293999999998,0.039109055,0.40804455,-0.2508683,0.044041023,-0.22711816,0.32572466,-0.05092233,-0.28258675,0.32580295,-0.52118254,0.3420907,-0.13042958,0.010456965,0.46918760000000004,-0.079367235,0.20948534,0.04446515,0.18550062,-0.11653572,-0.45349494,-0.19459987,-0.29652855,-0.047040932,0.2856243,-0.65884733,0.066204585,0.05310446,-0.46716443,-0.026596022999999996,0.12936956,0.2653467,-0.10217119,0.27154863,-0.48655283,-0.24354835,0.06866353,-0.19507767,0.052507132000000005,0.013841984,0.05906604,0.47367957,0.31174937,-0.18146671,-0.034028225,-0.10992879400000001,0.1486563,-0.040546282999999995,-0.07529704,-0.12067312,0.21009043,-0.069859095,-0.1880376,0.42849773,0.07655873,0.6075576,-0.11765662,-1.1453813,0.14875513,0.48067376,-0.012691325,-0.49772313,0.8373972,-0.18572618,-0.09827115,0.10326887,-0.2974599,-0.5107442,0.07069986,-0.26197675,-0.3447216,0.24177316,0.07930625,0.042049322,0.5061132,-0.23013555,-0.41704476,-0.06435314,-0.114315525,-0.35632557,-0.43554607,-0.40413540000000003,0.07593923,-0.3190961,-0.031819392,-0.5017837,-0.1449944,-0.27610537,-0.16978678,-0.055049833,0.51348186,0.0028524035999999997,-0.16122507,0.15400162,-0.18238433,-0.6853055,-0.13885535,0.47091627,0.37397566,0.02716052,0.13166782,0.1533975,-0.006719076,0.79581964,0.113744445,-0.28582004,0.17326747,0.4579962,-0.042273242,-0.14111298,0.35052562,0.37714708,-0.13647193,-0.038194835,0.121102646,-0.13406037,-0.032120902,0.20396706,-0.34114864,-0.25666350000000004,-0.101482615,-0.07239694,-0.48184750000000004,-0.39417696,0.44910374,-0.039273582,0.05147039,0.17938033,0.23236474,-0.10228416,-0.23158574,-0.05220437,0.27305278,0.18728173,-0.21332385,0.18199877,0.13274848,-0.32144907,-4.018835500000001,-0.18098252,-0.035048172,-0.0729645,0.22084652,-0.1189005,0.32123888,0.010442044000000001,-0.41065779999999996,-0.07666724,-0.01025141,-0.008931046,0.43247464,0.108200535,-0.14000642,0.5105400999999999,0.36201382,-0.04269543,-0.032817688,0.45579785,0.07617509,-0.7751986999999999,0.15799788,-0.10441544,0.30757740000000006,0.19945142,-0.17789294,0.19010950000000001,-0.30537388,-0.27268124,0.37104568,-0.31346527,0.1441924,0.06584484,0.1048612,-0.17662188,0.15714747,-0.48348328,-0.32104099999999997,-0.51126915,0.005776099399999999,-0.6933538,-0.11675341,-0.11433212,0.84727466,-0.54346657,-0.10577987,0.115005136,-0.109562725,0.0673581,0.22032377,-0.16194591,-0.08077882,-0.47242188,-0.30507478,-0.1375668,0.54825574,0.5789857,-0.24122036,-0.32339588,0.23179519,0.14025015,-0.8840935,-0.08669657,-0.06648573,-0.18005145,-0.5401731,-0.38040173,-0.33709383,-0.057225215999999995,0.068164915,0.53067625,-0.17182645,-0.519417,-0.12882039,-0.2291728,0.291491,0.039253347,0.008198603,-0.09387441,-0.35169387,-0.34114164,-0.0499212,0.07303515,-0.024427356,-0.08339071,0.36448368,-0.041796796000000004,-0.25617182,-0.5028292999999999,0.38162687,0.21671022,0.3608401,0.43807778,0.25707227,-0.19798838,0.26852709999999996,0.12579966,-0.022897703999999998,-0.4282816,0.20257638,0.28020445,0.49820384,-0.14330623,0.01822111,0.124645405,-0.17711529,-0.02921237,0.3505844,-0.05117327,0.38883290000000004,-0.3241179,0.2933665,-0.08890874,-0.11281451599999999,-0.13282679999999997,0.2791004,0.3880077,0.07419366,-0.401188,0.062693425,0.6518786999999999,-0.23084985,-0.049074568,-0.5442545,0.11601044,-0.44817176,0.43970314,-0.28696373,-0.13636489,-0.14455935,-0.16332553,-0.14891407,0.5709335999999999,0.11902815,0.1670109,0.04520397599999999,-0.6314821,-0.19429034,-0.05279514,0.42651459999999997,0.6412895000000001,0.022311492000000002,-0.017303773999999997,0.19197138,0.46540600000000004,-0.22320303,-0.09425955,-0.33056405,0.27809837,-0.36526668,-0.6333015000000001,-0.31478962,-0.45102087,-0.06843385,0.27623135,0.30180013,-0.13514318,0.10376664,-0.65347236,-0.011053739,0.53171104,0.11723339599999999,0.34299943,-0.06027709,0.5935133,0.030804703,-0.3362098,-0.027810027999999997,0.25077626,-0.19888543,0.16954806,-0.20572837,-0.6183386,-0.22056277,0.30244568,0.011623536,-0.24355121,-0.3250701,0.13614567,-0.07020882,-0.02790734,-0.3078917,0.24459560000000002,0.5189736,0.20738725,0.20881683,-0.34722778,0.011492988999999999,0.34618106,-0.26632202,0.39896768,-0.12460281,0.1515372,-0.20975909999999998,-0.04431285,0.28601772,-0.41268,-0.10115174,0.11374117,0.30154526,0.24450824,0.020238193,0.14707378,-0.04516502,-0.40827203,-0.026863217,0.3657384,0.08095286,0.24854943,-0.52128357,-0.24735935,-0.31924093,0.050120375999999994,0.23008418,-0.38021666,0.32277533,-0.012110351,-0.6874861,0.26910300000000004,-0.05579489,-0.26410404,0.29306844,-0.05146041,-0.55005556,-0.3315113,0.05811888,0.43989447,-0.29839495,-0.21832612,-0.32064646,-0.60043293,0.21262588,-0.09134433,-0.19605727,0.5754704,0.012870595,-0.44669244,0.23103034,-0.24434362,-0.6024885,-0.13898405,-0.20400915,-0.55399245,-0.19870004,0.22951570000000002,-0.019828448000000002,0.5862435,-0.22291929,0.5280625,-0.30317940000000004,0.043649334000000005,-0.102335304,-0.41800582,0.1535586,-0.39357966,-0.4559177,-0.041297015,-0.49497232,-0.30217463,-0.13298042,-0.25581408,-0.20846964,0.14938918,0.263112,0.19885868,0.04596711,0.16957349,0.004628376,-0.33351424,0.1047848,0.28761417,-0.14452876,-0.29800186,0.1823695,-0.038477506,-0.059849099999999995,-0.56662625,0.38915926,-0.25147054,-0.27413225,-0.16217135,0.13363178,-0.036908727,0.30527893,-0.3185065,-0.21815562,0.16519035,0.19763531,-0.064302735,0.13872387,-0.11158037,-0.060847905,0.3110703,-0.124009356,0.07086059,0.7829661,-0.19653109,0.2057301,0.31355762,0.09225243,0.3503604,0.30464840000000004,0.11529682,-0.21647832,0.45798615,0.16439241,-0.43505454,0.078229874,0.19227362,-0.30595663,-0.50581163,0.754875,0.54474884,-0.35863575,-0.2674994,-0.3078317,-0.18887834,0.04216315,-0.12767644,-0.08600697,-0.15955059,0.48565617,-0.13956079,0.07407439,0.42307404,-0.51726437,-0.43357286,0.02837331,0.45575010000000005,0.04014579,0.3114792,-0.31213468,0.46832517,-0.04233615,0.27736875,-0.35095279999999995,0.15064405,0.12236169999999999,0.028787807999999998,0.29524666,0.064010166,0.83908623,0.30257803,0.5265207,0.28506306,0.006380539,0.13964333,0.7423947,0.27166852,0.28213242,0.36109713,-0.04026377,-0.14562231,0.36792374,0.091143295,0.13912193,0.45043996,0.12072041,0.9678823000000001,0.12315993,0.080987364,0.39530554,-0.61503476,-0.21894571,0.14231166,0.17339206,-0.4120665,-0.21911089,0.17355211,-0.24961732,-0.109678015,-0.357222,-0.3935652,-0.22369036,0.31203005,-0.18699162,-0.48163614,-0.044838917,0.28684247,0.21170443,0.35287797,-0.42410052,0.045421447999999996,-0.1572645,-0.23187326,-0.27510396,-0.0579726,-0.15684389999999998,-0.47450474,-0.058920614,0.09174179,0.16742894,0.037179093999999996,0.19941823,-0.20863996,0.42188945,0.08098948,0.46376059999999997,0.28249398,0.11727899,-0.41705814,-0.02210363,-0.025234751,0.16077593,-0.053340412999999996,-0.13272132,0.18896863,-0.2182431,-0.36223269,0.13414020000000001,0.6142225,-0.5094059,0.17275822,-0.06691153,0.10899623,0.12034682,0.25945857,-0.37245100000000003,0.12952963,-0.32657820000000004,-0.26756918,0.122447304,-0.11312607,-0.21742804,-0.2425132,0.030646017,0.4311366,-0.053457737000000005,0.09175596400000001,-0.06637604,0.2475926,0.11268966,-0.053073354,-0.30338672,-0.329656,-0.25166243,-0.024037702,-0.07687943400000001,0.058874957,0.1948664,0.3528852,0.14179951,0.0072407764,0.74921405,-0.2595285,-0.27627268,-0.2846835,-0.09850058,-0.33959058,-0.10460092,0.080762,0.24591295,-0.16550854,0.037922934,0.12227494,0.02454456,-0.3870105,0.23627771,-0.42592415
14,5,-0.14486507,0.18594238,0.3828129,-0.12196174,0.30223653,-0.37360218,-0.025154099,0.7743055999999999,-0.19868942,-0.5386883000000001,0.31751257,-0.55155826,0.22833548,0.7367018,0.25060540000000003,0.30744037,0.09448618,0.083852716,-0.014648986999999999,0.2491216,-0.12110321,-0.42714497,0.11211746,0.7187773000000001,0.34035155,0.094775446,-0.28769112,0.099006884,-0.0108889425,0.0122028375,0.52770466,-0.17972024,-0.41757497,-0.31899154,0.1405069,-0.023946567999999998,-0.13325492,-0.031226507999999997,-0.2890554,0.27414299999999997,-0.5934488,-0.16995217,0.12255081,0.16053608,-0.30423698,-0.5999760999999999,0.15800902,-0.09044661,0.4616005,0.21166925,-0.24467328,0.10114905,-0.5132005000000001,-0.29556528,0.29137248,0.6276556,-0.27493685,-0.3647848,-0.68047255,-0.4626117,0.109307505,-0.24493405,-0.050654884000000004,-0.7220017,0.24635565,0.15550403,0.10809559,0.5190475,-0.85948175,0.10474429,-0.12944125,-0.25526658,0.10609694,0.04258663,-0.55785155,0.037392747000000004,-0.39998987,0.43337926,0.090734094,-0.078164816,-0.28733918,0.39499828,-0.4379742999999999,0.71345276,-0.012894748000000001,0.5108034,0.070031404,-0.013121829,-0.25723228,0.62535167,0.07970852,-0.25748146,0.31386447,0.07938094400000001,0.22863184,-0.42265517,0.5050797,-0.21355952,-0.72815186,0.6456395,0.18298931,-0.23359908,-0.051542863,-0.23791601,0.21957228,0.041900136,0.2445485,-0.054645967000000004,0.022760343,0.27285105,-0.16726685,-0.188623,-0.30484042,-0.087286524,-0.15376906,0.30740353,0.1035072,-0.11148371,-0.087366134,-0.21275876,0.044007406,0.13532016,0.058449205,0.7535298,-0.15925744,-0.22514266,-0.36694604,0.32749423,-0.02531254,-0.61435306,0.086524904,0.10698487599999999,0.008052651,-0.45269045,-0.15352945,0.40054524,-0.11014372,-0.4190754,-0.44010472,0.20291598,0.18153968,-0.42787597,0.6045368,-0.0651125,0.14361313,-0.06266367,0.08788037,-0.057723287000000005,-0.41762346,-0.04644485,-0.12382910400000001,-0.18396504,-0.02688285,-0.16984586,0.013415647,-0.07534505400000001,-0.5793125,0.41293758,0.041513983,0.30603102,0.25257877,-0.21440299,0.036661282,0.5395679,-0.43010172,0.4353201,0.23999935,0.07826947,-0.33266490000000004,0.14289477,-0.10064758,0.011342814,0.50920767,-0.3235347,0.24892287,-0.33285993,0.3193703,0.054452553,0.022078585,0.15375899999999998,-0.5626017,0.081174046,0.023660315,-0.07362336,0.44138792,-0.436198,0.15919794,-0.30377638,0.18797816,0.03915552,-0.27773812,-0.31682172,-0.224374,-0.0070875934,0.24098577,-0.41106638,-0.08598477,-0.021763913,-0.2992377,-0.020195644,0.009413034,0.060317817999999995,-0.056704662999999995,0.11294325,-0.33787623,0.06273972,0.23729776,-0.10648516,0.008599546999999999,0.021781867000000003,-0.026845891,0.36964393,-0.15536286,-0.17117259,0.13977644,-0.101599045,-0.10222037,-0.18713418,-0.21491145,-0.06547287,0.18303446,-0.05813623,-0.34464118,0.40355685,0.00946013,0.63268393,-0.25359422,-0.8546838,0.10976789,0.53929055,0.11856549999999999,-0.8734603999999999,0.71941704,-0.18910465,-0.14888349,-0.058488462000000005,-0.62935936,-0.4603271,0.23929149,-0.29097646,-0.26435626,0.47650078,0.0012031732000000002,0.0938393,0.49675244,-0.049099058,-0.17342302,0.06836993,0.107826695,-0.23393284,-0.41269013,-0.48472983,0.16300169,-0.47909665,-0.01896862,-0.66341025,0.025465692999999998,-0.053471025,-0.3332186,-0.1261713,0.47482312,0.10042311,-0.019897493999999998,0.08854962,-0.17920098,-0.7264094,-0.1390368,0.11338039999999999,0.50273854,0.26193473,0.04757603,0.1014369,0.07789167,0.59831774,0.26622385,-0.26720712,-0.046527833,0.23186174,0.0028390072,-0.1621225,0.46215793,0.44581357,-0.37948033,0.19946526,-0.19073352,0.051315747,0.014756583,0.31282740000000003,-0.5268545,-0.21305229,0.13014838,-0.11503161,-0.30172506,-0.26532233,0.3731531,-0.22121897,0.21310059999999997,0.15997715,0.10547846599999999,0.0920909,-0.40761814,0.13713898,0.21814320000000004,-0.05706267,-0.03528155,0.23026922,0.10557794,-0.60857064,-3.8230786,0.037603363,-0.049320333,-0.2640267,0.48636758,-0.07401822,0.23290968,-0.13863885,-0.38177428,-0.16717146,-0.015422782,0.21148939999999997,0.6287524,-0.01927483,-0.015488463000000001,0.36561128,0.22186767,-0.24263039,-0.11031301,0.5248315,0.08825324,-0.5553424,0.046457473,0.069542564,0.31184208,0.49246627,-0.33154958,0.111505896,-0.3572309,-0.058432374,0.3002204,-0.24354304,-0.0071474323,-0.21457039,0.24496514,-0.216815,-0.011722658,-0.34687585,-0.26640508,-0.46518552,0.17836732,-0.7284659000000001,-0.12464675,-0.30125675,0.9087542,-0.22189853,-0.22576445,0.12533383,-0.13274011,0.18845929,0.18681270000000003,-0.038963668,-0.039779056,-0.5187055,-0.27002046,-0.20469572,0.67813414,0.62958664,-0.47692597,-0.32886544,0.24629246,-0.08001958599999999,-0.65305704,0.032744717,-0.11239503,-0.41173694,-0.27136377,-0.350531,-0.15728621,-0.20686479999999996,0.12262949,0.5353309,-0.34996408,-0.660323,0.14338155,-0.30447015,0.3340151,-0.04196938,0.13495985,-0.3447653,-0.109291464,-0.16805771,-0.08418969999999999,0.034796562,0.012994156000000001,-0.23857595,0.22523129,0.09045852,-0.25711653,-0.62242335,0.15997669,0.22728191,0.35275877,0.5509470999999999,0.16992319,-0.35484782,0.06572369,0.35626253,-0.16544877,-0.13387525,0.44803999999999994,0.28681672,0.35284036,-0.124013156,0.0036249484000000004,0.100624464,-0.051841695,-0.08555746,0.32632285,0.04101172,0.46332493,-0.22741279,0.2551412,-0.16127242,-0.12920177,-0.07638094599999999,0.23505941,0.40891433,0.039238762,-0.2590011,0.079287395,0.67625093,-0.3043349,0.27732193,-0.43524262,0.09760122,-0.20328110000000002,0.41570109999999993,-0.14438781,-0.30862979999999995,-0.049364462000000005,-0.13311227,-0.32379050000000004,0.6253741,-0.07560093,0.1849921,-0.006319519599999999,-0.6767654000000001,-0.25292975,0.031519145,0.39294016,0.73648924,-0.040683895,0.044260137000000005,0.023146867999999998,0.51510215,-0.20420201,0.33609885,-0.46658003,0.24319774,-0.32327208,-0.07860409,-0.35193932,-0.7102881999999999,0.24042714,0.32720682,0.40342563,0.030954207999999997,0.2027681,-0.39215457,-0.023272527,0.47765519999999995,-0.1260775,0.35397682,-0.036109127000000005,0.6496001,-0.07379792,-0.18255913,-0.18173026,0.0629888,-0.37705845,0.31156442,-0.16835995,-0.89030766,0.021472863999999998,0.3521146,-0.10056703,0.15535657,-0.022161900000000002,0.13934071,0.12827447,-0.063098654,-0.40136707,0.11278834,0.26211196,0.10308072,0.27866736,-0.21531129999999998,-0.013920845,0.34167364,-0.3086531,0.5518881999999999,-0.27324298,-0.01814396,-0.3643141,-0.12421027,0.320334,-0.6069481,-0.06917111599999999,-0.15972020000000003,0.24657615,0.060847677,-0.10533247,0.32007620000000003,-0.18427227,-0.2732327,-0.016162429,0.23506998,-0.037619364,0.39246538,-0.21616390000000002,-0.18475348,0.050325338,0.1416192,0.25313547,-0.30662385,0.08168209,0.057732824,-0.5575235,0.30397135,-0.29520985,-0.40893996,0.45772544,-0.016397573000000002,-0.42838392,-0.033411656,-0.015431778500000002,0.6434521,-0.12130625,-0.31647703,-0.3070065,-0.6887214,0.32280838,-0.04302478,-0.2567682,0.47484399999999993,-0.098221794,-0.26532546,0.3898982,-0.15023574,-0.27061856,-0.028629405,-0.1612237,-0.31915036,-0.01931812,-0.017645614,-0.20572184,0.6984036,-0.11785697,0.49029870000000003,-0.13813338,0.039744508,-0.06629322,-0.22621256,0.34442037,-0.26426136,-0.09881905,-0.18777056,-0.3460333,-0.33464247,-0.16794018,-0.19442022,-0.14943212,0.5343405,0.16278473,0.11171209,-0.33899775,0.0055206176000000004,0.08812019,-0.66477793,0.078567974,0.29691693,0.07308594,-0.37264103,-0.1749756,0.07478264,0.14057536,-0.63087535,0.27475506,-0.47173542,-0.5247751,-0.09360424,0.08485197,-0.25367776,0.27030814,-0.38196668,-0.5606403,0.18448137,-0.20093445,-0.10043424,-0.053264078,-0.11876392,-0.08011584,0.3644518,-0.11947001,-0.020072216,0.9855156999999999,-0.43263572,0.12919566,0.49843267,-0.03925221,0.2611845,0.28617918,0.24062862,-0.29325402,0.1887659,0.13007103,-0.47666574,0.116295174,0.11289996,-0.3890107,-0.5600531,0.5139375,0.5435175,-0.36789855,-0.22971864,-0.11532555,-0.20695184,0.06748565,-0.0843502,-0.20699282,-0.25645667,0.59484285,-0.038982827000000005,0.32323474,0.43786952,-0.28443545,-0.22393714,0.1455523,0.13769479,-0.19076332,0.28331277,-0.42559144,0.36305422,-0.26213354,0.18474758,-0.13847816,0.101058856,-0.005392711600000001,0.17999310000000002,0.15978852,-0.07998706,0.58200586,0.53607416,0.43759745,0.1993593,-0.073637865,0.29567188,0.7875835,0.37867776,0.18617669,0.027547464,0.053133346,-0.11919536,0.18305644,0.14912134,0.35691094,0.31025136,0.14255406,0.7732760999999999,-0.06429723,-0.13301670000000002,0.73402876,-0.6938464,-0.20592852,0.008610744,0.33210036,-0.5041,-0.24670008,0.17578755,-0.20665613,0.062503114,-0.31512237,-0.3111136,-0.12418605,0.2327377,0.0031293153000000002,-0.21942888,0.18997617,0.3045671,0.28570315,0.23564021,-0.36427987,-0.11686888,0.06456469999999999,-0.41677929999999996,-0.19695027,-0.08457618,0.05663828,-0.47839376,0.14825596,0.1970245,0.05288912,0.3060837,0.35471374,-0.38704512,0.45592532,0.25363782,0.46016753,0.3817704,-0.06368596,-0.24691571,-0.038595397000000004,0.36486834,0.23558038,-0.12602271,-0.25051206,0.009278907,-0.3684365,-0.37735578,0.04714082,0.6145217,-0.59869754,0.21402995,-0.06920796,0.1776814,0.12075699999999999,0.0886271,-0.23022613,0.09328881,-0.09552782,-0.15217589,0.07474611,0.23913415,-0.28818005,-0.05974083400000001,-0.008482149,0.26183626,-0.09261492,0.094468035,-0.16826464,0.15699393,0.17868923,-0.08828224,0.014659182,-0.44157029999999997,-0.23487805,-0.13857265,-0.15905105,0.07938852,0.22763437,0.41053572,0.2318353,-0.44692823,0.5964319,-0.14334948,-0.26003152,-0.49534842,-0.14890178,-0.33571646,-0.17787208,0.07538500000000001,0.24985446,-0.29313144,0.119336836,-0.20956723,-0.020192845,-0.09387491,0.39875367,-0.26924783
15,5,-0.027757173,0.009232101999999999,0.26784134,-0.1283664,0.06347891,-0.59520596,-0.028831702,0.90023994,-0.16933598,-0.59758,0.19247572,-0.44519222,0.12644506,0.547532,-0.007309738499999999,0.22781179999999998,0.014889241999999999,0.05525946599999999,0.33962598,0.43407896,-0.1468078,-0.2485663,0.010384314,0.64119995,0.35319787,-0.058704282999999996,-0.08369532,0.11318563,-0.35754463,-0.31084436,0.43447277,-0.18634476,-0.050971705,-0.086059995,0.21728091,0.14711383,-0.22775131,-0.125111,-0.31248742,0.20049076,-0.53445476,-0.13338687,0.23927256,-0.14154813,-0.05160003,-0.7205045,0.04749318,-0.1351066,0.48624143,-0.13992174,-0.42701444,0.30391473,-0.1923246,-0.017342076,0.31162947,0.5156406,-0.35689363,-0.29621820000000004,-0.75071067,-0.30554864,0.3551426,-0.49710009,-0.119606555,-0.57897276,0.065089226,0.23822945,0.25489986,0.17506269,-0.6588486,-0.27731849999999997,-0.25731015,-0.069664024,-0.06700611,0.19071572,-0.36284807,-0.06250875,-0.5076349,0.27659079999999997,0.022202311000000002,-0.25621682,-0.1948086,0.47565606,-0.4039046,0.34042904,-0.12999521,0.44740668,0.05806695,0.02971849,-0.42734477,0.9104302,0.106400795,-0.35332578,-0.015894813,0.080318525,0.26726842,-0.38156609999999996,0.36258557,0.045341045,-0.31261638,0.59080356,0.36004612,-0.3794078,-0.25589192,-0.036276832,0.13857353,-0.12075112,0.08642372,0.11044964,-0.004978153,-0.009433934,0.02089788,0.026251039,-0.26918559999999997,-0.18293887,-0.12973474,0.16680817,0.12339956,-0.13876086,-0.115278326,-0.15413377,0.04095115,0.21490827,-0.048280798,0.75416315,-0.18750994,-0.13499707,-0.22025655,0.35038528,0.025358713999999997,-0.38517022,0.09747187,0.13483484,0.13705017,-0.42441046,-0.06452897,0.14804289,0.23395368,-0.061280653,-0.5393169,0.1156484,0.18915375,-0.09113752,0.76180387,0.062390457999999996,0.04531872,0.06170245,-0.02190945,-0.07099447,-0.5002338,0.0036422818,-0.102747224,-0.20090544,-0.24968837,-0.23943219,-0.13346137,-0.056114505999999995,-0.35788223,0.3869238,-0.14540754,0.46267456,0.30954844,-0.055382952,-0.07211533,0.38782954,-0.111114696,0.45797026,0.2743551,0.19109303,-0.13826977,0.24463604,-0.110680155,0.004744995,0.34974492,-0.16714482,-0.13503638,-0.21972361,0.39495525,-0.0052666073,-0.18773854,0.013695013,-0.7172196999999999,0.30057862,-0.02252303,-0.13561752,0.31853390000000004,-0.33007157,0.15013665,-0.38081184,0.31555435,0.030559178,-0.24120362,0.004605644,0.092652075,-0.390502,0.44448644,-0.33122942,-0.17475331,-0.110208124,-0.40148926,0.011113055,0.20265824,0.11287679,0.11276726,0.22345749,-0.28958598,0.029595927999999997,0.16483398,0.04310487599999999,-0.038485855,0.07012435,-0.17499286,0.48300037,0.052503426,-0.38118616,0.13984786,-0.107944615,-0.00048661182999999996,-0.3003416,-0.22548257,-0.10263917,0.24325608,-0.12821566,-0.48409915,0.55398506,0.120448224,0.40919855,-0.24338375,-0.47185649999999996,0.17774507,0.5686254,0.1425385,-0.61873543,0.59977615,0.006612966999999999,-0.13940626,0.3184852,-0.5443973000000001,-0.3975538,0.19220512,-0.09210381,0.06257246,0.21354197,0.00630347,0.27333179999999996,0.046199605,0.08044012,-0.07117530000000001,-0.031529635,0.17693862,-0.29026230000000003,-0.30083922,-0.50630313,0.032958582,-0.4281882000000001,0.07124642,-0.34244186,-0.053659864,-0.19219379,-0.39805229999999997,-0.060143307,0.6832832,-0.0042348920000000005,-0.03357331,0.23333013,-0.19076411,-0.50815666,0.061108917,0.27096403,0.15812854,0.30902186,-0.033799905,-0.043079822999999996,-0.16309273,0.41423103,0.07798243,0.02266843,0.16748971,0.41639742,-0.17051116,-0.13905399999999998,0.20520770000000002,0.23277384,-0.12794819999999998,0.22021453,-0.013388918999999999,-0.25020325,0.037078656,-0.038165327,-0.1648093,-0.29169429999999996,-0.52167124,-0.42492953,-0.41311857,-0.32413387,0.35914120000000005,-0.24371998,0.09276918,0.13927384,-0.010593616,0.18037856,-0.15604307,-0.08439115,0.15897375,0.10537814,-0.21794996,0.46816128,-0.06144459,-0.38078829999999997,-4.199656,0.090307675,0.005376095,-0.16104044,0.16530999999999998,0.022743156,0.13510408,-0.1870735,-0.46847823,-0.23477504,-0.24595734,-0.084790796,0.41139242,0.03969126,0.07603051,0.17047001,0.54958254,-0.21761826,-0.045274384,0.46438393,0.12254437,-0.5492406999999999,0.034860893999999996,-0.07622871,0.504129,0.47624659999999996,-0.26793072,-0.10952308,-0.11733151,0.15747698,0.28951535,-0.21026284,0.0908781,-0.0037883303999999996,0.00068270677,0.034271795,-0.07867007,-0.3200068,-0.25153000000000003,-0.2849238,0.12941782,-0.42208642,-0.21888824,-0.26140979999999997,0.88472027,-0.22065666,-0.035389822,0.028665068,-0.35106358,0.48605406,0.10817028599999999,-0.022581631,-0.12575506,-0.21259610000000004,-0.14629781,0.0128492275,0.46029228,0.46971062,-0.07348423,-0.39069596,0.13434267,-0.24411783,-0.51317734,0.30292162,-0.13135011,-0.25025263,-0.021888067999999997,-0.46858442,0.27522808,-0.11880046,0.27226245,0.5111209,-0.37774935,-0.73555267,-0.053776957,-0.02518752,0.15485907,-0.13534647,0.25772032,-0.17438447,-0.14821358,-0.5729647,0.1111951,0.13488604,-0.066549934,-0.09039031,0.42657146,0.14518324,-0.5554452,-0.50514585,0.38123152,-0.005620188000000001,0.0899683,0.41299424,0.291042,-0.36815742,0.41762957,0.01142259,-0.34803623,-0.33312967,0.17331757,0.18471633,0.08405138599999999,-0.017939616000000002,-0.1398531,-0.05807613,-0.12508419999999998,0.05969154,0.3116649,0.18460284,0.42428488,-0.26350597,0.56258804,0.0009464962599999998,0.040962572999999995,-0.10274533,0.17767360000000001,0.29403165,-0.17742683,-0.15987627,0.18838768,0.4820892,-0.32648265,0.19548772,-0.3587348,-0.16233328,-0.23407078,0.25688252,-0.10588549,-0.13990772,0.002866591,0.022766037000000003,-0.6389509,0.52648836,-0.12119491,0.28884155,0.0489656,-0.69789374,-0.19979492,0.086565636,0.25024647,0.8633042999999999,-0.26526484,0.20491149999999997,-0.38152096,0.48868490000000003,-0.26617602,0.06406766,-0.39193353,0.11755743,-0.007753348,-0.13601270000000001,-0.18295752,-0.48565197,0.05375598,0.43412563,0.40950328,0.04645688,-0.004157528,-0.25294203,0.19874877,0.33656842,-0.00046521233,0.36342025,0.10519554,0.88753873,-0.06214216400000001,-0.26656872,-0.04186904,0.10156972,-0.43627417,0.33162140000000007,-0.10825297,-0.61184275,0.027962917,0.19707969,-0.20895174,-0.1718099,0.026613672999999997,0.03146549,0.038676318,-0.24622452,-0.23886745,0.04137373,-0.013475435,0.07654772,0.27012956,-0.45599989999999996,0.08052039999999999,0.1304707,-0.371219,0.34669408,-0.07330438,0.066903405,-0.4521394,-0.32919940000000003,0.23509946,-0.48335528,-0.08464630000000001,0.18643333,0.38505890000000004,-0.1359388,-0.009700430999999999,0.09790309,-0.022174357000000002,-0.10442605,0.2761874,0.23746468,0.07187952,0.13833602,-0.28344968,-0.35613975,-0.2017018,0.014269634,0.2888565,-0.41793159999999996,0.019381756,-0.17232709999999998,-0.30131704,0.32257600000000003,-0.1372859,-0.22332564,0.43104795,-0.063289024,-0.3305532,-0.20758754,-0.17590465,0.18181615,-0.33005017,-0.24379246,-0.11548246,-0.67413867,0.05770835,0.08322003,-0.39201665,0.5000355,-0.3045286,-0.25363782,0.28345832,-0.25337616,-0.37836567,-0.12380324,0.07980045,-0.3444046,-0.12582587,-0.11382414,-0.13069767,0.6327085,0.13407089,0.54266894,-0.1721417,0.22577152,-0.14567544,-0.26687104,0.096982524,-0.6290062,-0.14994013,0.003974089,-0.27251709999999996,-0.21966822,-0.121835224,-0.30120215,-0.15300204,0.18545541,0.12105679,0.1652063,-0.1799791,0.08628725,0.06930045,-0.7185964,-0.17311475,0.38091865,0.07819780000000001,-0.09307339999999999,-0.009516129,0.08986893,0.07273529,-0.6264755999999999,0.013404919,-0.14107327,-0.09913349,0.18195674,0.01629949,0.019077495,0.32015654,-0.43982038,-0.25286856,0.31196788,0.098943084,-0.19061714,-0.09822581,0.12048618,-0.267646,0.24830161,0.13302876,0.15451613,0.9544676,-0.10283535,0.022892397000000002,0.49917135,0.15661341,0.31078485,0.13228247,0.16117367,-0.43937597,0.22912158,0.14255115,-0.19419003,0.30840713,0.5152190999999999,-0.2512891,-0.29403594,0.28052350000000004,0.6071941,-0.38835302,-0.12922446,-0.20896593,-0.22689672,-0.19228342,0.051582317999999995,0.21431124,-0.22296323,0.41916645,-0.09408664,0.16321923,0.07819082,-0.26884440000000004,-0.22021598,0.104466945,0.50775987,-0.08057252,-0.037565738,-0.1337816,0.33341578,-0.28248128,-0.107611015,-0.17617865,-0.0785877,-0.13386373,0.1284137,-0.071592644,0.07691899,0.60810965,0.31360158,0.7074577,-0.100865394,-0.15314259,0.20981671,0.54133093,0.3155966,0.22038983,-0.038978986,-0.02596542,-0.22436732,0.25738025,0.15412548,0.13304837,0.12829591,0.07840488,0.77247554,0.24056189,-0.017490821,0.70089525,-0.5779368,-0.21265389999999998,0.009325874,0.23018321,0.011564698,-0.07567974,0.10292654,0.0744589,0.13311353,-0.09639925,-0.18787663,-0.09088469,0.5466175999999999,0.07068583,-0.36289153,0.03633179,-0.023422476,0.063206345,0.21567933,-0.5331199000000001,-0.27776787,-0.0738473,-0.45053616,-0.057278365,-0.111461535,0.07860011,-0.6237537,0.13742974,-0.1095645,-0.008558154,-0.15122692,0.44178197,-0.09247605,0.52694774,0.18010105,0.5298563000000001,0.40793425,0.23355494,-0.18087961,0.24611051,0.27339774,0.32594162,0.009182566,-0.1297971,0.10798021,-0.40624520000000003,-0.5009017,0.22857484,0.71768844,-0.64166343,0.22523871,-0.020757321000000002,-0.040952776,-0.080565035,0.24169937,-0.3418977,0.046421765999999996,-0.25373366,-0.31351605,-0.11331343,0.38902804,-0.22654592,-0.35003525,-0.015871208,0.24594238,-0.16405994,-0.016039984,0.036157302999999995,0.07269508400000001,0.19209118,0.10668154,-0.023057971,-0.46818486,-0.22285911,-0.041237865,-0.1763783,0.05918245,0.19477671,0.37102282,0.43791620000000003,-0.32446256,0.4268982,-0.36357507,0.06188393,-0.21038063,-0.27216327,-0.31888813,-0.18892798,0.041320103999999996,0.091884874,-0.18628934,0.08842557,-0.17437172,0.09090844,-0.23578651,0.42176718,-0.14078423
16,5,0.064481564,0.19112277,0.30285472,-0.00048528498,-0.08905546,-0.44897863,0.32581174,0.8115276,0.17883202,-0.5205133,0.03177101,-0.20706151,-0.31328663,0.56196225,-0.2874394,0.20090589,-0.21895312,-0.05734580000000001,0.09792895,-0.008674965,0.19957861,-0.48036343,0.20710567,0.61570066,0.34722233,-0.22116860000000002,-0.3738611,-0.22337478,-0.16693732,-0.17995335,0.45523435,0.10747321,-0.2923574,0.11559117599999999,-0.07556168,0.23468345,0.16972399,-0.11246534,-0.51433873,0.43897974,-0.79993117,-0.3997908,0.19170365,0.12637188,-0.47437721,-0.3373795,0.09853949,-0.094688825,0.0026980042,-0.043760937,-0.57470185,0.088144705,-0.45992342,0.12695079,-0.055552527000000004,0.6980043,-0.060190793,-0.89245915,-0.96755177,0.043267973,0.21249154,-0.09851424,-0.088453844,0.0973086,0.41790673,-0.054857172,0.03556922,0.78001696,-0.8633006,-0.3054509,-0.68357027,-0.059517182,-0.27323709999999996,0.1600383,0.016148262,-0.2517894,-0.43365023,0.34775898,0.05818461,0.00088809547,-0.02885245,0.37804854,-0.46593815,0.5844550999999999,0.09436499,0.25363338,0.04382791,-0.0978705,-0.24366556,0.5172714,0.5494638000000001,-0.5112654999999999,0.023221957,-0.31996953,0.32122058,-0.2954312,0.16774379,0.15643135,-0.26056072,0.6946185,0.46790870000000007,-0.59858835,-0.23612593,-0.2723272,0.093325615,0.08662494,0.25140205,0.3648619,0.48360187,0.07380576400000001,0.06742083,-0.08854189999999999,-0.29410985,-0.5609765999999999,-0.19022344,-0.19173743,0.35944372,-0.35976824,0.19177034,0.59430474,-0.11231241,0.0006692593,-0.031089957999999997,0.8066828,0.14123654,0.063650005,-0.20872062,0.48622146,-0.19117035,-0.14246495,-0.06876175,0.32862422,0.54514813,-0.5591436,-0.42834944,0.425745,-0.039637025,-0.39849234,-0.56292117,0.07831026,-0.16405298,-0.18060075,-0.106579594,-0.11680283,0.47113407,0.3751949,-0.3080702,-0.131293,0.33784400000000003,0.37942094,-0.008992126,-0.2861405,0.27209872,-0.04176074,-0.19035213,-0.13768512,-0.49205467,-0.06630687,-0.032443024,0.5244906,0.35582048,-0.1621112,-0.07863347,0.274952,0.21855593,0.01936713,0.21036765,0.31593102,0.21755566,0.29022238,-0.42266116,-0.26762035,0.94709265,-0.17732593,0.2109201,-0.39722773,0.092053875,0.19343418,-0.084892355,-0.29502767,-0.9966285,0.33560565,-0.4769398,-0.100226834,0.3111642,-0.18548396,0.26536697,-0.21537270000000003,-0.050595972999999995,0.19858804,-0.47726014,0.03370968,-0.10754215,-0.03537045,0.31294477,-0.6195279,-0.591313,-0.38856605,-0.52883077,0.24651995,0.47010356,-0.19505706,0.41557902,-0.0092336815,-0.45359750000000004,0.12765372,0.26491082,-0.07374389,-0.005594378299999999,0.7605861,-0.37757540000000006,0.7920275999999999,-0.298547,-0.09517562,-0.103946716,-0.10097849,0.2963147,-0.52626085,-0.03163024,0.13755924,0.0143652465,-0.12024915,-0.4223471,0.45037797,-0.011641135,0.42781842,0.1093638,-0.34565017,-0.080419354,0.4137611,-0.07537582,-0.21566814,0.5742411999999999,0.44416746,0.026516836000000002,0.23794843,-0.25823623,-0.12865832,-0.28346350000000003,-0.1954827,0.20134942,0.09376303,0.47648937,0.22763929,0.13959493,0.30562586,-0.27841634,-0.23394603,0.21819899999999998,-0.13759369,0.012588983,-0.74843115,0.058898862,-0.9311502,-0.11674988,-0.29395077,-0.28101295,-0.27590463,-0.17781872,0.17357546,0.11232429,0.22457686,0.3225923,0.25743797,-0.7347263,-0.35313436,-0.24951652,0.35489723,-0.23961500000000002,0.11237262,0.14842294,-0.28914398,-0.18470486,0.4216504,-0.24702056,0.24075498,0.3914807,0.063881345,-0.14860374,-0.18595720000000002,0.53478783,0.36084673,-0.07381242,0.07425284,0.06650849,-0.36519495,-0.09581227,0.023142512999999997,-0.31688783,-0.5353631,-0.10714318,-0.21548845,-0.24159463,-0.024749411000000002,0.2950958,-0.42115694,0.14996189999999998,0.28099135,0.27800104,-0.31760308,-0.14783223,0.08062487,0.12774435,0.13212487,-0.53648514,-0.09500496,0.23310035,-0.54529667,-3.1499345,-0.25824454,0.26790735,-0.64554524,0.39382106,0.008667441,0.0800707,-0.35035133,-0.55346614,-0.37730888,0.057252653,-0.24079436,0.23196974,0.15691227,0.75133616,0.23579846,0.31187874,-0.35494453,-0.44339025,0.74389064,-0.16089371,-0.43183357,0.13951905,-0.19937184,0.17174485,0.6145984,0.056416467000000005,0.05490911,-0.53997093,0.016819311,0.060286567,-0.3350841,0.16509825,-0.17098674,0.12899087,0.13764313,0.09852667,-0.09388785,0.14317225,-0.48252870000000003,0.17940146,-0.45389098,0.25435203,-0.32386667,0.5983136,-0.4054001,-0.26007947,-0.41759887,-0.3110599,0.43596265,0.14596684,-0.24109099999999997,-0.11829281,-0.26999650000000003,-0.2177431,0.28669387,0.16507618,0.5663036,-0.32791007,-0.43381423,0.18568274,-0.34635353,-0.4372904,0.062883504,-0.12365748,0.024298707000000003,-0.14142639999999998,-0.18943048,0.0066741565,0.43517563,0.15318857,0.10616048,-0.16612045,-1.06408,-0.46608225,0.0289142,-0.10258368400000001,-0.07629102,0.471103,-0.1900046,-0.05651311,0.0033282866,-0.055985197,-0.20573948,-0.08286311,-0.28860956,0.21288694,-0.35163033,-0.05638751,-0.5329055,0.18955065,0.14835376,-0.06413861,0.42326877,-0.053149607,0.1892431,0.5539803000000001,-0.38021186,0.24324116,-0.13987681,0.019413431999999998,0.28846315,0.34317179999999997,-0.25873196,0.32865384,0.06505119999999999,-0.27957719999999997,-0.070785575,-0.38398713,0.36050934,0.36410233,-0.7748116999999999,0.24279888,-0.1143447,-0.77921414,0.049042903,0.28060058,0.6759897,0.19630986,-0.15755843,0.1312372,0.5386970999999999,-0.42629350000000005,-0.4716113,-1.0144395,-0.48194529999999997,-0.29160416,0.23777350000000003,-0.6278954000000001,0.32241553,-0.07694185,-0.37837827,0.11342455,0.23987749,-0.39639363,0.12693241,0.28640145,-0.17718545,0.015010701000000001,0.0322885,0.089504,0.34954578,-0.38653436,-0.08731899,0.30991617,0.33670637,-0.5148436,0.08366327,0.08721534,-0.06875838,-0.5254022,-0.6760633,0.33014047,-0.41128305,0.062378272,0.2878521,0.21947278,-0.1573302,-0.075313434,-0.33314487,-0.08479677,0.2352491,0.045238074,0.71666825,0.11242007,0.7514693,-0.022172487999999997,-0.24409468,-0.06128641,0.00033810160000000004,-0.30298045,-0.0932511,-0.42548147,0.04673803,-0.28518259999999995,0.7201885,-0.09708001,-0.15462747,-0.019208316,0.31966278,-0.2388123,-0.16875544,-0.32375634,-0.0018692670000000002,0.38988215,0.25864124,-0.14759792,-0.36553675,0.08543856400000001,0.30870917,-0.71605736,0.71331304,-0.5746606,-0.16217723,-0.19871013,-0.038309775,0.54703546,-0.2240479,0.37730592,0.45023137,0.5664823,0.2626068,-0.17308368,0.39616922,-0.06625727,-0.28419626,0.10031401,-0.095467806,-0.23883523,-0.13552648,0.017006142,-0.20670319,-0.19049938,-0.02545653,0.01208564,-0.47012103,0.17044482,0.037122406000000004,-0.29378378,0.15039009,-0.070086524,-0.17189686,-0.16128808,0.18712974,-0.43557534,-0.29232007,0.255708,0.27665552,0.058923915,-0.26951376,-0.21721365,-0.48230833,0.24145411,0.39414543,0.11272715,0.35527232,-0.2998593,0.19047588,-0.12186069,0.037874904,-0.31815016,0.15180561,-0.015760839,-0.45063737,-0.071483865,0.29589109999999996,-0.06870869,0.42395353,-0.12416734,0.694826,0.43537918,0.13713004,0.2026585,-0.012065886000000001,0.10936132,-0.32154238,-0.12658219999999998,0.3081455,-0.15861179,0.09972489999999999,0.078979984,0.31980768,-0.12280611,0.56017804,0.25382444,0.48122242,0.56560296,0.18520115,-0.13839102,-0.19050573,-0.012817451,0.035274897,0.24021417,-0.27720535,-0.26293322,-0.18731305,-0.3702498,-0.7350816,0.62428284,-0.21504974,0.09279144,0.12198039,0.22905742,-0.16196743,0.22050753,-0.3421614,-0.18830384,0.06164735,-0.29320577,-0.19075137,0.44601712,0.16289732,-0.0857328,0.2782828,0.2552808,0.53916794,0.14867085,0.16394648,0.045276683,0.36636454,0.13930652,-0.027449828,-0.057913865999999994,0.6150199000000001,-0.6063135000000001,0.2963171,0.40352038,-0.47029907,0.29742715,0.29602078,-0.47528964,-0.33519214,0.692538,0.40172800000000003,-0.5080935000000001,-0.13503939,-0.108643696,-0.32506993,-0.39076063,0.042642854,-0.019157665,-0.30977643,0.55641437,-0.14862232,0.48784092,0.43753666,-0.6383864,-0.039030135,0.30767086,0.5087435,0.12501279,0.040301755,-0.5317484,0.73166054,-0.2074911,-0.20519327,0.09134404,0.09960067,0.19565701,-0.36633068,0.028112408,0.2608894,0.5898154999999999,0.44048697,0.21763967,0.24473064,-0.029453922,-0.23142542,0.7372820999999999,0.40792912,-0.086116426,0.9495328000000002,-0.32094452,-0.120919935,0.22545141,0.21934210000000004,0.043851074000000004,0.17029014,-0.5452454999999999,0.4507398,-0.09348510000000002,-0.118999206,0.25986618,-0.113360874,-0.39444178,0.0092884945,0.031543035,-0.7133970000000001,-0.31200823,-0.041199032000000003,-0.13525869,0.45570790000000005,-0.098030336,0.0029162443,-0.5338094,0.3426108,0.049311876,-0.32628208,-0.07586486,0.09910333,-0.19564359,-0.021238443,-0.48145613,-0.33205712,0.111844465,-1.06409,-0.555438,0.2794913,0.35323384,-0.62218165,0.4969314,-0.16328934,-0.053410683,-0.22708763,0.11315347,-0.3559235,0.5814581,-0.048725255,0.5927507,0.42797209999999997,-0.039231855,-0.29522592,-0.11427716,-0.20623000000000002,0.21173102,-0.09223822,-0.03937745,0.17225674,0.076845415,-0.05266615,-0.15867089,0.2982237,-1.0650749,0.0691788,0.10193329,0.05355793,0.34800180000000003,0.18511207,0.07497481,0.21647453,-0.76271,-0.10148795,-0.121441334,0.46272594,-0.017029721,-0.14313467,-0.43493944,0.72568667,0.34426114,0.12681153,0.21636914,0.015395213999999999,0.20757411,-0.50152105,0.39880335,-0.085935965,-0.2186139,0.08892635,-0.51580125,-0.28839055,0.48087925,0.21524566,0.0011536983,0.11677683,-0.019047191,-0.3851845,-0.13395962,-0.40513808,0.032162584,-0.27514794,0.42450005,-0.102863416,0.13047016,-0.37321335,0.029092927,-0.32653573,0.06691016,0.014638824,0.3358994,0.059676400000000004
17,6,-0.120865665,0.1814043,0.3675319,-0.07402063,0.036631763,-0.24482992,0.1660988,0.513083,0.012926664,-0.5625398,0.24905387,-0.35690734,0.22285729999999998,0.39759240000000007,0.098378405,0.42565024,-0.020648753,-0.0069381148,0.15408912,0.28518844,0.08857806,-0.13962482,0.30024475,0.68584573,0.5039406,-0.10265161,-0.012979026000000001,-0.10185893,-0.2622651,-0.02063391,0.48320523,0.00048465377999999996,-0.23319878,-0.22866170000000002,0.08958724,0.10053987,-0.122352295,-0.16377816,-0.08632401,0.12916936,-0.6409434,-0.33267623,0.21817870000000003,-0.017910363000000002,-0.27718303,-0.46865085,-0.11532663,-0.16347437,0.29145703,0.07532186,-0.46475008,0.13566746,-0.17806868,-0.31244227,0.021075739,0.68701774,-0.13319644,-0.3612486,-0.55008936,-0.29960287,0.25751176,-0.18203977,-0.07042193,-0.4300041,0.20499973,0.20579398,0.12575185,0.45776042,-0.745658,-0.0033124038,-0.4176794,-0.05900452,-0.08763987599999999,0.094000496,-0.42723432,0.08740991,-0.25234705,0.3336257,-0.064113766,-0.1084297,-0.2249571,0.43087056,-0.5892066,0.3758118,-0.044246223,0.44333845,0.27441257,0.12879552,-0.28378826,0.87523216,-0.006598936,-0.45536909999999997,0.18451846,0.11522431,0.28953746,-0.31892455,0.3352622,0.10385555,-0.3292489,0.53022444,0.16454023,-0.28236059999999996,0.09064122,-0.19785870000000003,0.046338286,-0.055317525,0.113136455,0.0028020001000000003,-0.15940563,-0.00535348,0.054200492999999995,-0.17385542,-0.4901084,-0.15110764,-0.034893874,0.098088846,0.21217792,-0.029807799,0.063661546,0.12178172,-0.03075267,0.08890133,-0.00932997,0.686336,-0.014546076000000002,-0.09017513,-0.25411880000000003,0.32723245,-0.082989804,-0.33945233,0.13810249,0.14268811,-0.05629676,-0.5348885999999999,-0.18040812,0.15369008,0.18674313,-0.26625025,-0.2931281,0.12528059,0.21322758,-0.4200374,0.69261116,-0.113639645,0.14276224,-0.116372265,0.058919865999999994,-0.12968451,-0.46367195,0.11452159,0.08808761,-0.08393629,-0.15504746,-0.2050161,-0.018458176,-0.17036529,-0.5357297,0.36692926,-0.24661063,0.22477038,0.29188296,-0.0954638,-0.08490004400000001,0.44671676,0.017438553,0.15746579,0.14168136,0.1269015,-0.26381135,0.077682,0.13022022,0.11695803,0.44111769999999995,-0.026656074,0.19923854,0.026957145,0.2564471,0.12792177,-0.12271239,0.15654618,-0.41335922,0.069599226,-0.18512213,-0.22490533,0.3203081,-0.16413891,-0.08025259,-0.06504575,0.15917362,-0.01649295,-0.34508643,-0.2890727,-0.093322635,-0.20414206,0.2736257,-0.50512755,-0.17455016,0.1986345,-0.3833743,-0.025550766000000003,0.053749017,0.16916129,0.12957935,0.22633019,-0.16863741,-0.1447719,0.14421095,-0.22949436,-0.076963924,0.10227547599999999,-0.2152212,0.30398116,0.091496475,-0.027071783,-0.049057823,-0.03979701,0.08108311,-0.27727836,-0.16721192,-0.22533572,0.09823714,0.012150558,-0.16504931,0.18664649,-0.04388291,0.4323737,-0.07213677,-0.9585395,0.30657047,0.38901457,-0.08358061,-0.6612267,0.46838,-0.14414915,-0.085823655,0.21861345,-0.45502144,-0.32313797,-0.02940683,-0.25578649999999997,-0.049180135,0.32792005,-0.10346984,0.14613646,0.29826298,-0.19358642,-0.10200844,0.015829043,-0.13816436,-0.19659157,-0.54989004,-0.34764063,0.09344053,-0.35416240000000004,-0.093827076,-0.5075662000000001,-0.15955995,-0.50674194,-0.048198685,-0.009302801999999999,0.57474667,0.1081,-0.08460138,0.13234884,-0.017566383,-0.55706763,-0.075126655,0.10246871,0.34817934,0.1779422,0.06334944,-0.00013917138999999999,0.20574695,0.7483108,-0.027357846,-0.14164168,0.26751664,0.14616285,-0.051711608,-0.030290216000000002,0.1397702,0.2512498,-0.27457434,0.1020637,0.18472345,-0.10427074,0.31165838,0.17273045,-0.33543449999999997,-0.067980014,0.06650977,-0.077825285,-0.5686563,-0.30951664,0.49443279999999995,0.1333451,0.011564679,0.09249585,-0.0076999519999999995,0.09570627,-0.2670818,-0.16697937,0.17608939,0.23456873,-0.07652929,0.24516965,-0.10439621,-0.44358456,-4.1349974000000005,-0.14772218,0.051609088,-0.31035809999999997,0.07390266,-0.0024104286,-0.12349727,-0.1419838,-0.16395691,-0.13663493,-0.09595995,0.020012699,0.22292025,0.093127236,0.01062205,0.30556953,0.35144246,-0.26495516,-0.08296624,0.54783523,-0.05723155,-0.5180362000000001,0.031424318,-0.13025892,0.3724451,0.25203760000000003,-0.41197097,-0.029798089,-0.2672503,-0.20306766,0.27834052,-0.16553512,0.04152112,0.08093153,0.14895353,-0.05138309,0.11668345,-0.6217852,-0.19066505,-0.51071006,0.09925392,-0.58791775,-0.18298349,-0.18277341,0.8153304,-0.28642333,0.004069019,-0.023718517,-0.044460002,0.11932669,-0.05650659,0.115282215,-0.24252686,-0.5764164,-0.19532259,-0.08600692,0.6140308000000001,0.18348864,-0.23715384,-0.280213,0.19084157,-0.060519118,-0.5305455,0.1932148,0.034138157999999995,-0.3273718,-0.59014195,-0.14004086,-0.3172738,-0.14772333,-0.036828954,0.65131587,-0.31624547,-0.5243706,-0.04587132,-0.30324388,0.25195482,-0.18925792,0.12103478599999999,-0.12513678,-0.15921769,-0.2840302,-0.023115356,0.08514337,-0.12833957,-0.06178489,0.29879236,-0.11301374,-0.38255525,-0.5358891,0.21459316,0.14444275,0.2237695,0.22989146,0.18556042,-0.21351528,0.39160356,0.0063958140000000005,-0.038695265,-0.3693132,0.24454533,0.2143905,0.38254666,0.0004928525,0.06371142,0.040933187999999995,-0.20125343,-0.10926843,0.32913935,-0.06486262,0.32425144,0.102638125,0.09775328,-0.09872514,-0.18816191,0.036955762999999996,0.10752772,0.44675204,-0.008815515,-0.36859977,0.13941683,0.34938186,-0.18608432,0.15967207,-0.5351139,-0.112477355,-0.22988491,0.43056986,-0.23382492,-0.21783152,-0.030894866,-0.2733089,-0.11266641,0.36247070000000003,0.098490626,-0.01494906,0.10613663,-0.63369346,-0.18622659,0.13316485,0.36712956,0.6492823,0.03535264,-0.12924728,-0.12906647,0.46169162,-0.28581622,0.033930212,-0.31079233,0.2749236,-0.29463273,-0.22289275,-0.35198179999999996,-0.6382479999999999,0.1897444,0.34362709999999996,0.4302661,-0.15440491,0.23520567,-0.5853225999999999,0.14182863,0.35289395,0.16621697,0.19291049,-0.062798746,0.6333319000000001,-0.013904917,-0.3337502,0.05169652,-0.058248035999999996,-0.3807296,0.07323124,-0.08041246,-0.72918516,0.09329691,0.26768628,0.19127120000000003,-0.23897175,-0.015411701000000002,0.2540659,-0.035690695,-0.035240076,-0.08625229400000001,0.23026253,0.3833895,0.21772625,0.10027130000000001,-0.28410992,-0.06552713,0.21279143,-0.15029843,0.35662663,-0.051024962,0.1967254,-0.37657788,0.013356661,0.2880623,-0.38733193,-0.108888894,-0.08231925,0.15026368,-0.06750536,-0.074898615,0.26128,0.11959959,-0.03830014,0.018260347,0.311098,-0.10160174,0.25260229999999995,-0.18969317,-0.2973723,-0.13460532,0.15215158,0.41944528,-0.5479944999999999,-0.10451289999999999,-0.10783092,-0.43767518,0.246625,0.14387836,-0.2800887,0.17123967,-0.015801014,-0.26170197,-0.14560632,-0.122238666,0.3282425,-0.19902904,-0.35447142,-0.10190541,-0.8205716999999999,0.28428677,0.10327873,-0.33203965,0.28099543,-0.15239565,-0.28177409999999997,0.3046767,-0.21497259,-0.19077827,0.10813313,-0.0017511413,-0.39180654,0.013193238999999999,-0.10536298,-0.14948682,0.59209675,-0.13896770000000003,0.5324719,-0.29372415,0.04415941599999999,0.034947127,-0.46057618,0.44335482,-0.2859177,-0.4201184,-0.09508299,-0.48645228,-0.33113986,-0.12946694,-0.21449317,-0.2170935,0.27192990000000006,0.051764384000000004,0.10589573,0.04548088,0.041776303,0.015605503,-0.50050193,-0.13597521,0.17810079999999998,-0.120985895,-0.042805657000000004,0.2731009,0.09216191,0.14086218,-0.5079773,0.24981098,-0.33994755,-0.30143523,-0.27413985,0.11691579,0.002524922,0.47313687,-0.26743686,-0.1830384,0.33172354,0.16765425,0.006086154399999999,0.16163585,-0.21519059,-0.13099228,0.2770163,-0.1813428,0.17811184,0.77058035,-0.11527707,0.20771326,0.51142263,0.108429044,0.14862192,0.24409658,0.0023820295,-0.36293286,0.18050091,0.13979441,-0.4591505,0.14765596,0.23367843,-0.14648946,-0.3216175,0.6697929,0.41179135,-0.3780443,-0.1230423,-0.15858771,-0.2668926,-0.08821932,0.05562453,-0.089451306,0.19138554,0.5541378,-0.27781895,0.08921885,0.42458352,-0.23252611,-0.34691915,-0.0677019,0.309863,-0.14494409,0.46469533,-0.3798472,0.4612884,-0.07081096,0.063859634,0.101645686,0.06893625,0.20483884,0.13428044,0.13355409,0.17552035,0.6570555,0.30560794,0.31869802,0.26811326,0.22585085,0.14128464,0.48702118,0.32160845,0.32531607,0.080240496,-0.063724235,-0.15957232,0.38892509999999997,0.18388522,0.047902747999999995,0.44145477,0.10857625,0.75918585,0.12056806,0.23845822,0.61781764,-0.7199956999999999,-0.44982743,-0.039798807,0.37243015,-0.07465583,-0.022234477000000002,0.05249680599999999,-0.12672912,0.22237459,-0.3188141,-0.3405553,-0.19887218,0.41554266,-0.18424384,-0.29669416,-0.16498943,0.42189056,0.25702763,-0.023268697999999997,-0.44115776,-0.07144524,-0.21841177,0.0053897523,-0.048362657,0.10655069,-0.21763048,-0.53772527,-0.111729495,-0.14133897,0.24992102,-0.030351877000000003,0.105306834,0.06796738,0.30378762,0.20401213,0.39612925,0.14437333,-0.0045478772,-0.11908514,-0.16380769,0.2967421,0.3720967,0.015088138999999999,-0.28480896,0.03983634,-0.076332554,-0.047811747,0.06684304,0.21044421,-0.6166603,0.19644904,-0.2739795,0.06046251,0.18111569,0.24772367,-0.23148327,-0.023533374,-0.2697715,-0.1333934,0.12985684,0.021200987999999997,-0.28184977,-0.08104114,0.06104207,0.19251971,-0.09203885,0.011974963,-0.0627105,0.18100087,-0.04361604,-0.040208562999999996,-0.07920825,-0.40758920000000004,-0.37307670000000004,-0.004654928,0.094149716,0.30310857,0.31748813,0.44662043,0.28390053,-0.10959554,0.5356181,-0.24710831,-0.07523552,-0.08123521,-0.24832663,-0.197399,-0.262535,0.051270265,0.11945305,-0.24387856,0.20681527,-0.18346737,-0.07743547,-0.14083220000000002,0.22716537,-0.30753908
18,6,-0.09082758,0.18690173,0.47173175,-0.0013966997,0.27684309999999995,-0.20022364,0.14037456,0.44873998,-0.036637142000000004,-0.63854206,0.27829883,-0.38608474,0.036610626,0.46008667,0.23848382,0.55836326,0.22558157,0.12842433,-0.106987424,0.2809207,-0.11561509,-0.2978987,0.226897,0.7330884,0.29936174,-0.13423797,-0.24456768,-0.16816159,-0.23308626,-0.13599594,0.6502486999999999,0.14863724,-0.2618213,-0.25776353,0.10232495,0.20489861,-0.24836615,-0.113953955,-0.099811904,0.1831058,-0.6349873,-0.33335876,-0.11120223,0.01525316,-0.42997923,-0.5961854999999999,-0.03812059,-0.17419417,0.20109825,0.12590142,-0.46342447,-0.05651261,-0.28124052,-0.19303013,0.09628251,0.6911173,-0.030349366000000003,-0.33780214,-0.6791279,-0.23850982,0.2693472,-0.23257525,-0.17604105,-0.62342316,0.11346858,0.19285049,0.14232142,0.42337668,-0.53963333,-0.21572617,-0.37610814,-0.2429165,-0.21527134,0.12740205,-0.45910248,-0.04244312,-0.33579695,0.3052588,0.048730455,-0.15276866,-0.26293582,0.4000413,-0.40812862,0.6731566999999999,-0.032967172999999995,0.41371474,0.26902497,0.44348618,-0.32097155,0.6504269,0.33548868,-0.5282908000000001,0.15641169,0.21106209,0.22967027,-0.030794723,0.3252855,0.01643054,-0.24928968,0.67162627,0.30613676,-0.27667567,0.08207682,-0.29703864,0.107209794,-0.19655824,0.30421466,0.1731933,-0.039256547,0.07419529999999999,0.044758413,-0.25225592,-0.39643604,-0.24812240000000002,-0.10095011400000001,0.008453305999999999,0.0654592,-0.2809468,-0.036332086,0.09791527,0.18213804,-0.012263517,0.12275474,0.8989958,-0.13821138,-0.05804442,-0.33737287,0.3092856,0.091138564,-0.10605597,0.17386277,0.23800257,-0.11955234,-0.5206417,-0.083536975,0.1673174,-0.045931555,-0.33896786,-0.32483986,0.19820237,0.19376029,-0.07376492,0.56788176,0.016189368,0.08763656,-0.07639753,0.06426494599999999,-0.153552,-0.05858208,-0.011625544,0.21564560000000002,-0.2065621,-0.14967656,-0.26375082,-0.14687084,-0.085864,-0.6099168,0.20699722,-0.14585103,0.1806781,0.17254537,0.12343263,0.05744345,0.21751137,-0.09609131,0.16564003,0.07839789999999999,0.5095279,-0.17778824,0.2879882,-0.10816379,0.10138876,0.62760055,-0.040980943,0.13118316,-0.11667103,0.2584342,0.04817369,-0.06759014,0.08172926,-0.6380064999999999,0.3165941,-0.0517247,-0.16907363,0.5134441,-0.2925997,0.21910988,-0.02612815,0.41744608,-0.21957766,-0.39574316,-0.14785013,-0.15849872,-0.1678493,0.14001943,-0.56204575,0.025090763,0.068649456,-0.47117493,-0.15639426,0.08483319,0.21233974,0.047058474,0.3728008,-0.15746155,-0.59865654,0.12083538,-0.48962957,-0.053821083,0.19522253,-0.080782585,0.28663594,0.08999966,-0.06169523,-0.030809378,-0.01726798,0.07058001,-0.07175938,-0.23560999999999999,-0.111354075,0.16871701,-0.008297438,-0.25997689999999996,0.41206786,0.13422604,0.46359345,0.06918717,-1.019195,0.14284682,0.42916220000000005,0.04318626,-0.30994126,0.5079114,-0.20754033,-0.11783052,0.1270747,-0.4466023,-0.29683316,-0.15074378,-0.30280155,-0.25294897,0.27456963,0.18262161,0.04920999,0.265786,-0.19035114,-0.34214684,-0.15243967,-0.16155711,-0.32605663,-0.58597946,-0.41125235,0.00658572,-0.040082794,-0.030543732,-0.43138263,0.03437456,-0.19015083,0.0030707684000000003,-0.016744744,0.51869094,0.030627506000000002,-0.09443091,0.12446321,0.009461735,-0.70968,-0.12741777,0.21749285,0.14530288,0.17375867,0.18507939999999998,-0.02669684,0.06307557,0.68782055,-0.2042737,-0.24942867,0.30703098,0.33672598,-0.007249607,-0.22049232,0.21950786,0.25769627,-0.16548745,-0.099994175,0.18121600000000002,-0.33581495,0.14754276,0.06810482,-0.31226137,-0.0412051,-0.13786696,0.027732875,-0.4771565,-0.39954767,0.43903983,-0.00174575,0.016417388,0.22121184,0.24408658,-0.004262244,-0.34363520000000003,-0.30820787,0.46533328,0.093910076,-0.27810723,0.11161062,0.12132147,-0.3685191,-3.647294,-0.09720568,0.26615652,-0.21763533,0.23517126,-0.1619521,0.06597455,-0.0018963667,-0.34986624,-0.034490812999999995,-0.08861653,-0.019010654,0.34286124,0.21835808,0.014035358999999999,0.27546164,0.39036742,0.056821487999999996,-0.07455437,0.41659656,-0.06213144599999999,-0.7178477,0.25114042,-0.101073526,0.34815836,0.1846519,-0.26936516,-0.17220797,-0.30947379999999997,-0.24737849999999997,0.10432566,-0.07849019,0.24408379999999996,0.056296434000000006,0.19918965,-0.08753615,-0.06123246,-0.3383422,-0.26958245,-0.7673504,0.062124774,-0.6112659,-0.080036886,-0.24623643,0.76955223,-0.37418517,0.0055675735,0.21025752,-0.01105871,0.054999497,0.33510685,-0.050992403,-0.27955183,-0.42132413,-0.34950674,-0.12176555,0.48065028,0.39148802,-0.10867331,-0.43124047,0.15863642,0.06379985,-0.7363788,0.050321113,0.052131314000000005,-0.19898681,-0.60130733,-0.28330967,-0.15121706,0.03916141,-0.11151333,0.6308113000000001,-0.26877508,-0.47117078,-0.28046814,-0.58599335,0.2787139,-0.21602367,0.21689557,-0.12922023,-0.19644044,-0.20348202,0.08381943,0.06623511,0.13452302,-0.14670928,0.19403432,0.02279592,-0.31470472,-0.36819044,0.29172033,0.12400725,0.25162929999999994,0.36083215,0.40799109999999994,-0.21525264,0.3566141,0.033128227999999996,-0.070364065,-0.26649296,0.16723310000000002,0.11882508,0.59995025,-0.039784047999999995,0.123064406,0.14049153,-0.30111540000000003,0.011414522,0.3244437,-0.21664128,0.27590603,-0.31462064,0.41047156,-0.17196473,-0.18417852,-0.07450127599999999,0.24639560000000002,0.4804744000000001,0.05618355,-0.30778876,0.13272520000000002,0.5056916,-0.22281623,-0.104183055,-0.5527196999999999,0.20653255,-0.26267922,0.35155103,-0.24550499,0.024521094,-0.08761936,-0.42211944,-0.23340827,0.46846750000000004,0.119944364,0.17438772,0.21348792,-0.2520896,0.0035711832,0.18861644,0.41886327,0.6347451999999999,0.0913391,-0.326367,-0.005014722,0.3831998,-0.1772435,0.04346736,-0.21744122,0.3465561,-0.44140619999999997,-0.3887211,-0.41123086,-0.3515855,0.25805792,0.37766367,0.18799253,-0.22817938,-0.12372935,-0.5782748999999999,0.06910548,0.4017752,0.13455518,0.16351847,-0.13363798,0.7654779,0.10394755,-0.34307575,-0.07361366,0.20891744,-0.108079635,0.014788068,-0.2517913,-0.45729035,-0.10661568,0.37133378,0.21278325,-0.18447414,-0.29669344,0.15121937,-0.054671686,0.055726415999999994,-0.33529282,-0.096160494,0.2289495,0.024708109,0.20438097,-0.42795342,0.09277737,0.21173644,0.15601066,0.5419123,-0.07745830000000001,-0.0053190286,-0.27146563,-0.050939545,0.26553990000000005,-0.2647573,-0.045506183,0.29793832,0.3218966,0.12374807,0.08627236,0.17856124,-0.17600383,-0.40879506,0.037898436,0.4941023,-0.029774277000000002,0.23908967,-0.42702159999999995,-0.15325849,-0.34981576,0.29809996,0.15196466,-0.39291459999999995,-0.086806215,-0.03854034,-0.6019882,0.28740275,0.050997134000000006,-0.37058243,0.15144685,-0.017181376,-0.36776596,-0.19980708,-0.18626589999999998,0.17714843,-0.42620572,-0.30046209999999995,-0.084203005,-0.7732981,0.1260841,0.03880312,-0.33968827,0.5744734,-0.14959855,-0.42088398,0.23446089,-0.26543096,-0.5940840999999999,-0.025136309,-0.32447159999999997,-0.6139899999999999,-0.0327024,0.39484802,-0.07348858,0.46286276,-0.22500895,0.7164278000000001,-0.25308916,-0.0067570168000000005,0.11857817,-0.3920435,0.08858989,-0.36914486,-0.44753543,-0.06122921,-0.48422143,-0.37019998,-0.12252476,-0.40295032,-0.23149679999999997,0.13537349999999998,0.43275884,0.25772277,0.030300116000000002,0.05763066,0.074032284,-0.5308005,0.06591337,0.071015485,-0.07882143,-0.36133805,0.41441396,0.050461,0.08848098,-0.53375524,0.39008886,-0.24075972,-0.27006036,-0.31840235,0.09931127,-0.08346332,0.34044346,-0.44470173,-0.23373248,0.33901325,0.08408355,-0.12190981,0.2449396,-0.2868243,0.032086425,0.16598006,-0.099138714,0.42784859999999997,0.68506604,-0.009743247,0.18888612,0.03598269,0.06802174,0.29811409999999994,0.23118371,0.22264816,-0.3594556,0.39739382,0.09804814,-0.42913216,-0.0046087084000000006,0.16853115,-0.25359303,-0.45549735,0.7984924,0.49901494,-0.37421033,-0.08926603,-0.4761939,-0.18522137,0.037366055,0.13639966,0.055218212,0.11485154,0.59455186,-0.23182935,0.05114715,0.49776095,-0.30688795,-0.28538167,-0.06313031,0.38167408,-0.18351096,0.32199255,-0.32864904,0.38928935,0.10441943,0.009506138,-0.29533392,0.056639854,0.2010782,0.05159167,0.22699718,0.15447134,0.80611765,0.294105,0.41792345,0.29450592,0.11315639,0.044003766,0.58749044,0.24989992,0.27974656,0.16303477,-0.02845546,-0.08602617,0.32162696,0.20739534,0.23029491,0.34095064,0.14867471,0.81846297,0.12710859,0.0668117,0.47288054,-0.6405498000000001,-0.14881343,0.0074109808,0.22415431,-0.34510356,-0.11427663,0.19854972,-0.09721678,0.11230410000000002,-0.3968377,-0.37675253,0.09213963,0.51007026,-0.10753013,-0.4873576,-0.20724927,0.2693747,0.06393134,0.057364378,-0.28270966,-0.33821443,-0.19611900000000002,-0.12432191,-0.26003578,-0.18067004,-0.098255396,-0.39943287,0.13173510000000002,0.025296053,0.27307087,-0.16019727,0.006757312,-0.1840805,0.35623664,0.10764646,0.46436456,0.07527149,0.12400908,-0.29701534,-0.13656472,0.052775227,0.046950225,-0.12264898,-0.08513545,0.13530377,-0.029895766,-0.13780847,0.2304299,0.3383508,-0.54008293,0.13463216,-0.13974757,0.09730697,0.04728513,0.29402807,-0.43204162,0.08771668,-0.2414279,-0.27874938,0.23258979999999996,-0.17710684,-0.1767736,-0.278988,0.1146066,0.3938163,-0.07555328,0.043663282000000005,-0.2769412,0.32874724,-0.07140566,-0.10686569,-0.15295905,-0.30985162,-0.34302342,0.12722529999999999,-0.024780048,0.14654006,0.20180526,0.40889147,0.3088745,-0.08813831,0.8447178,-0.22328220000000001,-0.30782655,-0.24141589,-0.072424054,-0.26581877,-0.13174564,-0.05317560599999999,0.22568263,-0.22721854,0.029706633,-0.093398675,0.11389126,-0.25567353,0.108390234,-0.30796799999999996
19,6,-0.049905486,0.18766424,0.53238475,0.12396677,0.28761509999999996,-0.23388036,0.16711648,0.5556599,-0.06681871,-0.5848759,0.20368251,-0.45724670000000006,0.12853707,0.44976392,0.38098654,0.40283212,0.19652325,0.14056277,-0.006925387,0.03135443,-0.18696128,-0.46829626,0.15802471,0.8506921999999999,0.41164258,0.026091872000000002,-0.19793339999999998,0.13631439,-0.15149061,-0.17428803,0.4207861,-0.19135113,-0.32805583,-0.38484305,0.028135147000000003,0.44039124,-0.51873857,-0.23968843,-0.16809297,0.18315184,-0.72894627,-0.38481018,0.04368875,0.26727656,-0.263411,-0.4472316,-0.082683824,0.031262442,0.1490105,0.17711475,-0.26755345,0.17811719,-0.3378222,-0.31018898,0.1992618,0.6459593000000001,0.11343231,-0.521837,-0.5367069,-0.33454922,-0.03322134,-0.101791404,-0.12212164,-0.58808804,0.40915048,0.26169872,0.17720112,0.5224141,-0.54689634,-0.122187294,-0.08766528,-0.053700387,-0.09188358,0.38737962,-0.65111053,-0.22240393,-0.6271053000000001,0.18883891,0.2764061,-0.047183855999999996,-0.26203334,0.36269104,-0.3192104,0.42542088,0.092414655,0.6490985,0.20822145,0.27111778,-0.3238761,0.62625766,0.011207263,-0.20439388,0.07287007,0.42190972,0.24669968,-0.097637475,0.33742234,-0.20485088,-0.40721434,0.7432395,0.42917234,-0.49659124,-0.037914097,-0.042111985,0.21236344,-0.1060746,0.26137143,-0.09684552,-0.22970033,0.16337903,-0.04259918,-0.27250567,-0.20596078,-0.21975419999999998,-0.025250874,0.28304735,0.047305837,-0.04092259,-0.02459629,-0.20184086,0.028213442999999998,0.062340207,0.15477477,0.98815936,-0.13882713,-0.11857603,-0.3663499,0.32327282,0.34414244,0.0060449069999999995,0.22020507,0.059900537000000004,0.07897162,-0.79339015,-0.118034594,0.1454125,0.15320973,-0.22684714,-0.30541924,0.14349328,0.06322008,-0.19177397,0.67792684,0.05369469,0.16440903,0.15208916,0.13435864,-0.0062144819999999995,-0.066362955,-0.11394423,0.02421681,0.043307415999999994,-0.23246044,-0.11347989,-0.16262116,-0.0962414,-0.5813514,0.22303592,0.09762008,0.07083941,-0.07140412,0.11985534,0.036358695,-0.17575869,-0.4978959,0.035680935,-0.00014554725,0.38672638,-0.18491417,0.46257812,-0.10551739,-0.14608122,0.20120743,-0.030333864,0.34764870000000003,-0.39361873,0.06502174599999999,0.00027201243,-0.13809702,0.24099712,-0.7477465,0.41082415,0.13953911,-0.43008587,0.24901956,-0.21216677,0.44994032,-0.041043334,0.18316494,-0.060720667,-0.34686467,-0.22460756,-0.10864795,0.028356796,0.04630295,-0.67550594,-0.06849691,0.20759428,-0.47490388,-0.43814147,-0.0090131285,0.21811318,0.0039321105,0.03723419,-0.6146458,-0.2932181,-0.11192485,-0.24844088,-0.24031474,-0.13513501,-0.19035405,0.024364808999999998,0.034177099999999995,-0.15131584,0.15686153,-0.32012993,-0.11048492,0.18324402,-0.5751470999999999,-0.18844369,0.5786606,-0.20931627,-0.14714156,0.4711055,-0.07808981,0.57198894,0.22596383,-0.61550117,0.28054386,0.37973553,0.09738323,-0.17495726,0.5684943,-0.5482516,-0.26041776,0.11807519999999999,-0.61602026,-0.07320876400000001,0.2505916,-0.36672422,-0.41554589999999997,0.18186519,0.16898671,0.030754609,0.3959527,-0.3501241,-0.25933579999999995,-0.13532911,-0.21927039999999998,-0.17757942,-0.45736903,-0.6754366,-0.27321312,-0.29216883,0.13099426,-0.3472614,-0.017237073000000002,-0.053199212999999995,-0.36559024,-0.19154495,0.25647306,0.097362064,-0.07461348,0.0918432,0.09490275,-0.6993533000000001,-0.18473598,0.12184633,0.2503494,0.03589825,0.18638517,0.12968519999999997,0.20763439,0.36855346,-0.11570223,-0.3411488,0.15827009,0.5610546999999999,-0.23326391,0.010006695999999999,0.43193462,0.16946277,-0.18298246,-0.22363019,-0.055114258,0.08648512,0.28952104,0.058742665,-0.31116337,0.006081515500000001,-0.015302723999999998,-0.02241045,-0.20309032,-0.25425944,0.24113755,-0.18652448,0.07482627,0.24138008,0.10278754,-0.08753711,-0.11241589,-0.0984755,0.26905847,-0.028302602000000003,-0.24851814,0.19445623,0.07925552,-0.43004692,-3.7919462,0.003962609000000001,-0.045362823,0.018201612,0.43591386,-0.1573909,0.49478320000000003,0.034798745,-0.60069895,0.17884721,-0.044321742000000004,-0.17021014,0.38910747,-0.12967062,-0.16941571,0.30217764,0.30476815,-0.17244647,-0.08363327,0.34004024,0.115007296,-0.89512914,0.16428589999999998,-0.031272955,0.18850970000000003,0.1042673,-0.47748253,0.100033656,-0.44740096,-0.29073533,0.44958457,-0.34212917,-0.0031552752,0.18979897,0.14487211,-0.15532745,-0.17482702,0.05082566,-0.20314227,-0.541542,-0.013275152,-0.2838687,-0.19641122,-0.23707043,0.6691475,-0.5694979,0.22882229,0.27298233,-0.13788761,-0.07668799,0.34897307,-0.13612638,-0.066293746,-0.27547705,-0.30194154,-0.37465024,0.40543556,0.67130834,-0.13077475,-0.22931862,0.41698053,9.541777e-05,-0.9396475000000001,-0.0024769187,0.0008741558,0.013091203999999999,-0.81147367,-0.55416286,-0.06269337,0.04569753,0.002099465,0.33318126,-0.17630309,-0.63719535,0.032005385,-0.63657886,0.6019399000000001,-0.024459337999999997,0.19821414,-0.15246484,-0.2712895,-0.31403965,0.17026584,-0.026973572999999997,0.018318601,-0.17662439,0.10805167,0.13314381,-0.052305937000000004,-0.14126132,0.2510152,0.094996095,0.51222265,0.36287767,0.11441175,-0.0797313,0.05549318,0.49133846,-0.27330329999999997,-0.16895744,-0.023040243999999998,-0.129797,0.36453557,-0.017055743999999998,-0.15411702,0.07778115,-0.14648029,0.0056879,0.38514602,-0.32552907,0.33374986,-0.26666278,0.39073318,-0.23060341,0.13349785,-0.041448735,0.2004629,0.5699168000000001,0.13241117,-0.22037229,0.21924369,0.84919703,0.003336305,0.23480820000000002,-0.30199873,0.21536851,-0.38754976,0.1894128,-0.06206101,-0.23733672,-0.055788614,-0.27847895,-0.013238475,0.48092508,-0.0020222724,0.13151659,-0.18483725,-0.14085579,-0.45767102,0.38021147,0.26250342,0.7549111999999999,0.064161085,-0.1809218,0.28622139,0.058541775,-0.33976308,0.33313814,-0.10447055,0.46007420000000004,-0.33752623,-0.49845317,-0.27957642,-0.33963412,0.06565074,0.41010025,0.29329807,-0.25100520000000004,0.2033152,-0.18661116,-0.14686258,0.5908588,-0.13117158,0.21641128,-0.075613245,0.7146259,0.04048208,-0.21624705,-0.10782879599999999,0.24803859,0.117113724,0.067165025,-0.053253178,-0.4175215,-0.14079805,0.113487616,0.14623664,-0.09294287,-0.17267507,0.45217624,0.02443968,-0.0892415,-0.5322732,0.04752538,0.31270349999999997,0.112797745,0.20546372,-0.44906577,0.13610704,0.22377299,0.13976026,0.29309627,-0.23610927,-0.04630202,-0.49544263,-0.25099679999999996,0.14479467,-0.28099525,0.16518186,0.24587896,0.16132532,0.06431281,0.10526138,0.09323572,-0.07914103,-0.6776466999999999,-0.08276965,0.20131317,0.066144355,0.05685117,-0.44133726,-0.22774947,-0.18497452,0.33515412,0.30986914,-0.35449898,0.15886272,-0.38142473,-0.6219536,0.20110749,-0.133207,-0.36289296,0.40398829999999997,0.26153636,-0.34445015,-0.29856122,-0.34293166,0.45151090000000005,-0.38800558,-0.15156692,-0.5794883000000001,-0.66581017,0.15386209,0.07928242,0.08006323,0.37066337,-0.07561492,-0.45346302,0.022735704,-0.24598484,-0.48413199999999995,-0.18512715,-0.19874564,-0.5491401,0.06407989,0.16533794,0.039261132000000004,0.47217196,-0.0051933625,0.21306455,-0.35753190000000007,-0.34857702,-0.1277235,-0.4984982,0.30973592,-0.23749515,-0.13358,-0.45331994,-0.5456845,-0.32601222,-0.29856414,-0.35643715,0.28876296,0.28922197,0.21242936,-0.087621905,0.08547640599999999,-0.08818242,-0.038401492,-0.5451263000000001,-0.017498802,0.0013468941,0.109359965,-0.34809506,-0.04138358,-0.035893135,0.30296308,-0.41945687,0.2909723,-0.24624210000000002,-0.20652108,-0.27770332,-0.05558140599999999,0.08571927,0.21918625,-0.36328936,-0.24697831,0.19061755,0.27397109999999997,-0.11493026,0.16024363,-0.16216496,-0.09109894,0.36481085,-0.0778545,0.46438667,0.61573756,0.12425407,0.39547074,0.27466372,-0.10002806,0.5269362,0.20974486,0.021794748,-0.17388766,0.44681612,0.23254470000000002,-0.20007756,-0.07613493,0.06701109,-0.060768854000000004,-0.45571798,0.7171564,0.31717670000000003,-0.48469302,-0.121908195,-0.41480829999999996,-0.056658192999999996,0.12312063599999999,-0.05471218,-0.31675133,0.047839765,0.23275010000000002,0.019399457,0.23865479,0.6485958000000001,-0.292185,-0.37798247,0.08558978,0.7431677,-0.034208294,0.19231942,0.006356554,0.32126597,-0.068061806,0.15969278,-0.27562734,0.2343321,0.048854414000000006,-0.08948039,0.22980992,0.113445885,0.5450093,0.45172754,0.12382303,0.17356074,-0.12780823,0.22815548,0.35159466,0.47404759999999996,0.4755851,0.033639393999999996,0.08621042,0.17979513,0.35004407,-0.11570353,0.19946955,0.40567628,-0.021468737999999998,0.800656,0.1192171,0.012201888999999999,0.5989545000000001,-0.8111583,-0.15342891,-0.012517751,0.39561522,-0.28415352,0.029987423,0.11834046,-0.15215263,0.33776079999999997,-0.38007617,-0.08995874,0.04953156400000001,0.121386185,-0.19938387,-0.63034093,0.08511309,0.23416053,0.0059354976,0.06960098,-0.24204308,-0.14721526,-0.27606624,0.028896952000000004,-0.33834565,-0.025081417,0.14137451,-0.32376003,0.17505544,0.034743972000000005,0.3839055,0.14363147,0.24586034,-0.059253212,0.41917488,0.08568289999999999,0.47772917,0.24449520000000002,0.25666192,-0.17627618,-0.034446243,0.051596917,0.07802615,-0.10898879,0.019812152,-0.01950929,0.044655725,-0.35547945,0.24533263,0.49505916,-0.5622835,0.17261145,-0.2108596,0.15612711,0.20951772,0.27513844,-0.101593375,0.16648173,-0.10808410000000002,-0.31271595,0.23468596,-0.47070765,-0.24788052,-0.27962065,0.24158321,0.47656783,-0.06926935,0.300327,-0.20290682,0.11643713,-0.044654623,-0.05059471,-0.15374069,-0.21338408,-0.4833884,0.012688777,-0.23633279,-0.08613232,0.015353505,0.30504078,0.24968600000000002,0.057828202999999995,0.62259567,-0.44463238,-0.339479,-0.17936105,0.032877486000000004,-0.09664401,-0.13872333,0.09392583,0.23750053,-0.36328566,0.017653385,-0.15538323,0.15453029,-0.22368458,0.17044869,-0.49455675
20,6,-0.13590434,0.102848396,0.35619059999999997,-0.19146957,0.18081029,-0.21199788,0.21675596,0.48491156,-0.032872103,-0.39385890000000007,0.23501679999999997,-0.24176113,-0.059435497999999996,0.36874905,0.31687617,0.68741626,0.114694975,-0.13642846,0.006253664399999999,0.50427645,0.16338035,-0.23448522,0.34205616,0.7111149,0.51230425,-0.10673661,-0.064828336,-0.07179675,-0.057068408,-0.10410775,0.60143524,-0.022569861,-0.12566780000000002,-0.34057950000000003,0.29504487,0.03949696,-0.25363988,-0.07992852,-0.10031637,0.23485552,-0.69543236,-0.14128815,0.14122704,-0.06001029,-0.035960607,-0.37470788,-0.02916355,-0.14886126,0.39983743,0.057690675999999996,-0.5537930999999999,0.117971055,-0.18095668,-0.37424466,0.20333046,0.6675575,-0.25636926,-0.43622133,-0.7402076,-0.14757520000000002,0.16053684,-0.27998376,-0.023999938999999998,-0.42909136,0.2529101,0.18518975,0.121384755,0.546067,-0.786582,0.018067945,-0.22141439,0.021119462000000002,-0.29988456,0.0787848,-0.30663148,0.007949899,-0.10089537,0.33286265,-0.11129502,-0.20182817,-0.18982875,0.52078986,-0.60937995,0.36397886,0.13103136,0.32702816,0.31672972,0.11910707,-0.34745404,0.74388844,-0.013741161000000002,-0.3945995,0.08400767,0.082085244,0.39815348,-0.36474103,0.45204809999999995,0.14082675,-0.3759591,0.42417234,0.28815496,-0.07742761,0.06093049,-0.16605492,0.1733369,-0.06965342,0.09916454,0.09006039,-0.09659566,0.19412021,-0.0044545513,-0.41723487,-0.38677424,-0.3641789,-0.16139579,0.20085493,0.11315270000000001,0.07357472,-0.0014860848000000002,0.09261391,-0.23907414,0.12865454,0.0012677823,0.73511654,-0.11877811,-0.019640932,-0.33382112,0.15297070000000001,0.038085386,-0.30629238,0.064457074,0.20778143,0.037404068,-0.5739496000000001,-0.26007256,0.17125319,0.14590609,-0.27018544,-0.26724324,0.32282814,0.25359818,-0.40243614,0.7526221,-0.04824457,0.17484958,0.06126846,0.024430266000000003,-0.205326,-0.20610619,0.14086063,0.03403356,0.19860435,-0.17757742,-0.061710943,-0.22957098,-0.08952391,-0.60562027,0.35749337,-0.4149985,0.012534855,0.51880634,-0.03220995,0.18569039,0.53290844,-0.008772726,0.3096781,-0.08937395,0.31246522,-0.18910329,0.03753706,-0.17264844,-0.12594736,0.5649128999999999,-0.19475820000000002,0.25878796,0.02627159,0.3134088,0.26189244,-0.11765855,0.041268099999999995,-0.5426085,0.105140045,0.076973155,-0.2010086,0.23878667,-0.20141123,0.14909056,-0.055704884,0.13308258,0.019297056,-0.26683035,-0.35139707,-0.027514042000000002,0.0028130983,0.22251582,-0.52480435,-0.11283039,0.21002559999999998,-0.47855514,-0.16156618,0.13848978,0.16587284,0.16582274,0.19309644,-0.34595287,-0.18006593,0.011034753999999999,-0.33465916,-0.08502727,0.16527443,-0.25607985,0.31694365,0.0433196,0.012531803999999999,0.32736096,-0.15674335,0.016671898,0.0031451695,-0.1069664,-0.27833807,0.14417298,-0.17289922,-0.47766942,0.43749157,0.11253581,0.5265901,0.028751472,-0.7273063,0.4229771,0.30072802,0.051196225,-0.35813340000000005,0.6873342,-0.17772828,0.03143094,0.24316669,-0.62420785,-0.19960892,-0.0600408,-0.46282905,-0.17642532,0.22835948,0.143055,0.09007195,0.46289759999999996,-0.24145903,0.03450088,-0.029214451000000002,-0.30923772,0.02613603,-0.49586618,-0.42788509999999996,0.15210529,-0.46447879999999997,-0.38884154,-0.25711918,-0.18355997,-0.3724166,-0.14785413,0.055258837000000005,0.34648994,0.29410926,-0.34799334,0.09844031,-0.17196223,-0.7244983,-0.06686354,0.22586145,0.2760371,0.07158065,-0.003959395,-0.15073399999999998,0.03512734,0.5677949000000001,-0.04854467,-0.26244947,0.44375947,0.31170434,0.14482333,0.018893043999999998,0.165608,0.30471146,-0.27447796,0.15245648,0.07576428,-0.22005448,0.30577654,0.12941252,-0.36164656,0.029108272999999997,-0.018924743,0.06592856,-0.5429568,-0.3447462,0.4091281,0.046846855,-0.04286447,0.25287193,0.13902989999999998,-0.19364917,-0.05019707599999999,-0.2523785,0.18525697,0.24108581,-0.09122117,0.25074023,-0.12985367,-0.40988705,-3.815597,-0.11234985,-0.10437489,-0.41270155,0.24009307,-0.11051631,-0.026540225,-0.22346838,-0.35140675,-0.30922905,0.04341158,-0.15563409,0.34781805,0.030046875,0.082423,0.19747317,0.13244972,-0.21484287,0.10004066,0.5585616,-0.13820282,-0.6559571,0.109035075,-0.24178562,0.07070601,0.34906948,-0.6203035,0.11776869999999999,-0.23127796,-0.1957639,0.28543198,-0.19444092,-0.08171232,-0.03816452,0.013245668,-0.021265142,-0.22471885,-0.39000666,-0.2678813,-0.34454270000000004,0.040307783,-0.6731865,-0.19764161,-0.17128666,0.8067181,-0.27727747,0.14731953,-0.077565946,-0.027724257000000002,0.21886665,0.07022063,-0.07343403,-0.10945356,-0.50823367,-0.10033895,-0.018472593,0.49272668,0.33475494,-0.17161472,-0.4189933,0.08020723,-0.17717458,-0.63584775,0.049975495999999994,0.022428775,-0.31131217,-0.33268633,-0.29649648,-0.22942707,-0.22200763,-0.14355554,0.5449424,-0.38202256,-0.5270566999999999,-0.19175532,-0.12648785,0.3773627,0.0015517524,0.12882274,-0.22920151,-0.39485496,-0.33438070000000003,0.027620105,-0.051677424000000007,-0.0148149645,-0.03443723,0.3130987,-0.07008064,-0.5268676999999999,-0.45309561,0.10598441,0.07226349,0.24398765,0.12772024,0.28789225,-0.20524248,0.109386064,-0.0735324,-0.07260528,-0.31167185,0.40760958,0.0684541,0.5740715999999999,-0.09307643,0.117759734,0.088881806,-0.26615775,-0.06908156,0.42629933,-0.07938223,0.31245786,-0.12636462,0.40268895,-0.121468134,-0.09823233,-0.058598936,0.097631365,0.5061388,0.13305101,-0.27624196,-0.27693605,0.5540733,-0.13140732,0.03261529,-0.71123433,-0.061958257,-0.21110801,0.19601333,0.0928163,-0.05724309,-0.055006158,-0.28705952,-0.13362321,0.40243829999999997,0.18495946,-0.12265611400000001,0.06672988,-0.40811756,-0.22446394,0.14845456,0.13689971,0.55815667,-0.06157697400000001,-0.02657148,-0.29627448,0.34872678,-0.23437415,0.18562178,-0.38731370000000004,0.19005474,-0.31797498,-0.09333586,-0.25776434,-0.48987857,0.13873163,0.39769736,0.52002364,-0.13917622,0.2559268,-0.50361186,-0.119625226,0.46243906,0.21793711,0.21920788,-0.229477,0.56510067,-0.10401181,-0.38295250000000003,0.119208254,-0.11221498,-0.23282664,0.03690995,-0.15183373,-0.55687535,0.020749051,0.285419,-0.026420765,-0.5180207,-0.16000699,0.38865852,-0.07373064,-0.41784972,-0.23999819,0.08410553,0.26722834,0.28702846,0.25041604,-0.3869557,0.10292034,0.123774625,-0.10261628,0.40517536,-0.30695102,0.1269798,-0.4688590999999999,-0.043205895,0.27920556,-0.27280268,0.15187407,0.10951785,0.12650618,0.085050054,-0.06939106,0.21450761,0.036684892999999996,-0.13902754,0.133542,0.15586431,-0.053913604000000004,0.16759932,-0.35994422,-0.39467874,-0.38399637,0.15014360000000002,0.28611952,-0.5584233000000001,-0.31434209999999996,-0.15338653,-0.31064970000000003,0.35198832,0.087939225,-0.17901315,0.36073554,-0.023718387,-0.22196376,-0.052207522,0.031798836000000004,0.20886797,-0.3769079,-0.12172346,-0.27710995,-0.7825964,0.33426565,0.06900657,-0.21269263,0.19601272,-0.27507716,-0.32605264,0.24924380000000002,-0.19928086,-0.30300390000000005,0.023328517000000003,-0.02486295,-0.28432640000000003,0.17077115,-0.006149145,-0.15438004,0.40853074,-0.29472703,0.5645834,-0.17399687,-0.029933626,0.010225899,-0.5288095,0.3755383,-0.14587386,-0.25261998,-0.17322847,-0.44753084,-0.17777866,-0.07047561599999999,-0.2714626,-0.18126649,0.23921199999999998,0.32029825,0.09353509,0.019358346000000002,-0.18039362,-0.013216811,-0.51207876,0.028160672999999997,0.09649259,0.09357644,-0.2655993,-0.092179395,0.18966886,0.12581669,-0.6344006999999999,0.22395173,-0.20066741,-0.3017371,-0.22495520000000002,0.031581952999999996,-0.092264056,0.47203532,-0.32773647,-0.38968936,0.275161,0.11531023,-0.07481209,0.29357103,-0.15519395,-0.21139228,0.1661525,-0.02442835,0.3442861,0.65070456,-0.053891182,0.18599798,0.42832524,0.10886489999999999,0.43091875,0.4696349,0.12279861,-0.19091737,0.2316401,0.095932394,-0.43873729999999994,0.1838631,0.25411215,-0.03346893,-0.24444896,0.63621986,0.5162219,-0.342523,-0.25824339999999996,-0.21675107,-0.27250250000000004,-0.07507065,-0.018042588999999998,-0.04582033,0.18595049,0.52399933,-0.09676716,-0.06958362,0.42941359999999995,-0.24165028,-0.31373963,-0.06988724,0.48849106,-0.1423632,0.5813923000000001,-0.26343083,0.5261404000000001,-0.23256417,-0.06711328,0.14712495,0.016611865,0.25100112,0.06541548,0.021084517,0.18724124,0.47888228,0.33604297,0.40670459999999997,0.13025555,0.20764485,0.06947778,0.4654247,0.28482579999999996,0.3885612,0.1405194,-0.11404549,-0.038232143999999996,0.38948512,0.49739890000000003,0.4292276,0.32220329999999997,0.069718085,0.69222045,0.24556525,0.06529033,0.47322970000000003,-0.68768954,-0.28634295,0.050641097,0.32401255,-0.20446029999999998,-0.11563352,0.08729994,-0.16880211,0.1537019,-0.5006933,-0.37543836,-0.09026462,0.38996795,-0.13353145,-0.20051779,0.08096666,0.3440415,0.10185003,-0.11078525,-0.3688073,-0.313704,-0.23092467,-0.16439821,0.06515102,0.002489153,-0.0031567276,-0.39874837,-0.2539413,-0.076288916,0.31153938,-0.15630935,0.18918617,-0.06048483,0.24908179999999996,0.3227671,0.45058078,0.030139037999999996,-0.14501067,-0.30444703,-0.13958135,0.33239803,0.42660913,0.13881941,-0.039434966,0.17742473,-0.30233294,-0.01567321,0.26089045,0.45640257,-0.7292696,0.062184393,0.10881099999999999,0.13157213,0.2037359,0.20621075,-0.21122470000000004,0.015805084,-0.08827258,-0.33462915,0.20788796,0.06322242,-0.39328495,-0.01636562,0.19695227,0.25913516,-0.027332764,0.063190274,-0.09999799,-0.0052215816,0.043198314,-0.17675664,-0.17214291,-0.36839107,-0.3659232,0.112923115,-0.02117601,0.14262326,0.15270402,0.28277776,0.16125967,0.07154617,0.48808566,-0.30841777,-0.14401777,-0.07192704,-0.28797767,-0.2845375,-0.06355753,0.08842488400000001,-0.13154979,-0.32573265,0.22204217,-0.12339799,-0.16413541,-0.20344292,0.13643827,-0.19316953
21,6,-0.24524154,0.20806384,0.49490863,-0.15113667,0.050897066,-0.12276275,0.09680207,0.45453835,0.05686319,-0.39367140000000006,0.39930820000000006,-0.1697025,0.3330038,0.5200796,0.48666728,0.52006847,0.052246917000000004,-0.06593425,-0.04285044,0.041534714,0.021292477999999997,-0.28265333,0.19096646,0.64528173,0.30280359999999995,0.057945743,0.06168585,0.018318417,-0.18429123,-0.08816285,0.67608005,-0.09035308,-0.17616946,-0.45536509999999997,0.08659547,0.3508473,-0.15062116,-0.18253942,-0.044353500000000004,-0.029066323999999998,-0.6526209,0.0026993074,0.11481812,0.027131254,-0.10273557,-0.23652782,-0.25973433,-0.2805078,0.12948361,-0.026905017000000003,-0.58918583,0.11692113400000001,-0.1846126,-0.30496752,0.12881713,0.6168503000000001,-0.14452933,-0.3881775,-0.63425934,-0.11500394,0.15070127,0.02165849,-0.16258678,-0.32832292,0.15565181,0.20321204,0.17255808,0.5339621999999999,-0.9173043,-0.0018592734,-0.02233939,-0.04417688,-0.025931347,0.24215525,-0.57399327,-0.22971727,-0.49248055,0.3403259,0.09335029,-0.30574009999999996,0.10860343,0.2533557,-0.5826045999999999,0.5893888,0.036383625,0.5382289000000001,0.3631634,0.06518294,-0.22130132,0.7978281,0.03334757,-0.50751185,0.016676987,0.14938664,0.43566588,-0.09803178,0.32625344,0.14290503,-0.47208282,0.52822715,0.3695762,-0.17419873,-0.06654987,-0.31592990000000004,0.17321154,-0.10993581,0.15715365,0.08352702,-0.24058925,-0.032779798,0.04036328,-0.30370048,-0.34173352,-0.20431913,-0.04085685,-0.0686952,0.06559278,0.20595823,-0.10332672,0.04945502400000001,0.0693276,0.07172807,0.10935642599999999,0.9692575999999999,-0.09479659,-0.11071949,-0.4549916,0.18844629999999998,-0.026446642000000003,-0.32223959999999996,0.09958591,0.041536357,0.018220218,-0.45786235,-0.14457953,0.2259658,0.11740172,-0.051313117000000005,-0.39165604,0.31856078,0.09072333,-0.025876128999999998,0.384155,-0.21194267,0.23903647,0.14226067,0.11764574,-0.06911582,-0.15013047,0.033496704,0.065374315,0.087361574,-0.38436067,-0.1413394,-0.2905178,0.01250391,-0.40042445,0.528837,-0.29964048,0.0058161197,0.286013,-0.07123942,0.13554674,0.30728320000000003,-0.08375231,0.20639426,0.1161715,0.19203986,-0.33228552,0.42241725,-0.16007926,-0.2111516,0.56424916,-0.20310749,0.13395347,-0.2650498,0.2155973,0.30123776,-0.06929184,0.08113335,-0.56573606,0.19244437,-0.080600195,-0.5667121,0.4448532,-0.4000715,0.13757688,-0.17354253,0.084595345,0.13413094,-0.19971901,-0.30971715,-0.04744998,-0.1566504,0.097468585,-0.6390581999999999,-0.20643035,0.17239498,-0.2677952,-0.13458191,0.0635078,0.23703744,-0.17750505,0.18076204,-0.41934693,-0.17471172,0.11801297,-0.31519976,-0.12900871,0.17761707,-0.22773792,0.30013692,0.06648405,-0.27985853,0.14865774,-0.10421209,0.030502953,-0.13600877,-0.45383245,-0.15502194,0.32395402,-0.13201305,-0.085824735,0.38113365,0.052926097000000005,0.7649925,0.05671084,-0.6517996,0.20128731,0.36468095,-0.013479669,-0.17681485,0.7653045,-0.16987754,-0.18162967,0.025369672000000003,-0.73735064,-0.15508455,0.13572684,-0.36944655,-0.20885424,0.23478356,0.027580442,0.29453623,0.40246564,-0.16537738,-0.16875033,-0.13613962,-0.26620224,-0.22447315,-0.5219463,-0.7230969,-0.068485886,-0.10851418,-0.029729908,-0.37886038,-0.04208684,-0.21327418,-0.21170627,0.04062278,0.5387339,0.22779407,-0.05802041,-0.044999573,0.031590607,-0.5431395,-0.28633738,0.0023631074,0.11804023,0.13047218,-0.09005509,-0.06375335,0.20444703,0.36885062,-0.110554345,-0.16459656,0.39021456,0.086897604,0.04079691,-0.20568325,0.22900134,0.24916783,0.034009483,-0.008293303,-0.10021348,0.102653526,0.47144890000000006,-0.048687699999999993,-0.25057828,0.08306872,0.14182724,0.3121033,-0.47566235,-0.32345050000000003,0.29131103,0.045069599999999994,0.0021810964999999997,0.33375052,0.07551679,-0.23433056,-0.04188308,0.29816976,0.07757610000000001,0.13663487,-0.24867271,0.27879268,-0.18304437,-0.35585132,-4.194641000000001,-0.19108509,-0.03688601,-0.31565037,0.30592343,-0.17083941,0.10914581,-0.18681535,-0.48280559999999995,-0.20001656,0.038699165,-0.11656606,0.3308973,0.117254965,0.19325852,0.32440713,0.0034368844,-0.14518169,0.09943393,0.42614192,-0.06997885,-0.6352544,0.17131408,-0.32557005,-0.09539402,0.27200755,-0.39122936,-0.13201217,-0.36738113,-0.30409986,0.2596133,-0.14420585,0.11553603,0.22387825,0.15806669,-0.24643616,0.027051419,-0.32055223,-0.08013058,-0.45038825,0.20604831,-0.35088393,0.06421884,-0.25603077,0.83109385,-0.5659595000000001,0.54663056,0.20656809,0.12257865,0.050589487,0.067409866,-0.0067059826,-0.17780228,-0.27652353,-0.2578953,0.0070429663,0.33524287,0.34737524,-0.05158603,-0.19344182,-0.045341625999999996,-0.13127270000000002,-0.6796701,0.1596038,-0.15116677,-0.17864276,-0.42152116,-0.16223188,0.051911924000000005,-0.1671768,0.10372448,-0.12891117,-0.31304827,-0.7288481,-0.11763008,-0.268752,0.45654390000000006,-0.053382635,0.24677728,-0.16952799999999998,-0.30900863,-0.3750407,0.19482575,-0.0010574778,-0.0050150934,-0.11844686,0.17444167,0.0066848174,-0.22387646,-0.38014624,-0.0948029,0.19997185,0.29518226,0.43589237,-0.0042283246000000005,-0.056214772,0.010383225,0.06553607,0.017051792,-0.10647492,0.07861243,-0.085626386,0.22799525,0.10635536,-0.02760219,0.03329818,-0.13888168,-0.14337538,0.29048896,-0.14774121,0.6097214,-0.4112955,0.30271748,-0.15633674,-0.17176968,-0.02022028,-0.1224057,0.41282043,0.08942279,-0.26412573,-0.010606148999999999,0.56032413,-0.27712488,0.12350568,-0.5459915,-0.102205634,-0.16912319,0.03747313,-0.26996154,-0.13274981,-0.20286837,-0.341447,-0.168713,0.49346873,0.0951695,0.07431079,-0.04253958,0.15592466,-0.09398704,0.18151411,0.15974549999999998,0.6477773,0.15280120000000003,-0.030475171000000002,0.13597538,0.19194035,-0.22789818,0.21456842,-0.17687076,0.21522585,-0.32682765,-0.17572083,-0.26815140000000004,-0.51914716,0.11917636,0.3042317,0.06912857,-0.102204226,0.07062319,-0.3027458,-0.04591222,0.36512128,0.070881814,0.12933005,-0.16531120000000002,0.7655036999999999,-0.022269584,-0.22803946,0.09733935,0.112291574,-0.20366311,-0.10407916,-0.14249289999999998,-0.41004276,-0.12785684,0.43067014,0.08806684599999999,-0.35141718,-0.042680245,0.48469523,-0.11127846,-0.13695222,-0.2561755,0.19180049,0.41805628,0.34982222,0.21371603,-0.43742570000000003,0.28856656,0.23213285,0.06750658,0.56646985,-0.032100655,-0.14927301,-0.69994825,-0.2160047,0.13614535,-0.22916605,0.14256732,0.043500707,0.024260443,0.08490131,0.23982877,0.24255039,-0.17120728,-0.41689584,0.09844653,0.30464396,-0.23803353,0.1753779,-0.18801807,-0.44471863,-0.18169470000000001,0.45505342,0.029917727999999998,-0.46970272,-0.016441898,-0.15579389,-0.19915457,0.40337049999999997,-0.08693907,-0.24276638,0.37557948,0.03061576,-0.43876743,-0.09752976,0.01587647,0.08183884,-0.21819162,-0.048751462,-0.2572525,-0.59619355,0.12841739,0.15801206,-0.16571438,0.25672826,-0.14178585,-0.18928270000000003,0.10191152,-0.32740706,-0.2533342,-0.048478007000000004,-0.0038215965,-0.40622517,-0.017971601,0.08169076,-0.0011426792,0.5326411999999999,-0.24237156,0.47644168,-0.11912257,-0.23669411,0.20151535,-0.5276187,0.4577853,0.046973504000000006,-0.039593756,-0.31315887,-0.46882012,-0.09778452,-0.15270699999999998,-0.24255748,0.0029795346999999996,0.20824890000000001,0.29219458,0.22184172,0.22003001,-0.33714408,0.06606654,-0.35302922,-0.039750084,0.17060512,-0.0575547,-0.13486613,0.2211389,-0.0329351,0.119619854,-0.66961056,0.13089557,-0.08401522,-0.3288848,-0.27834523,0.019643642,-0.06972692,0.20447493,-0.30879095,-0.46110266,0.18318444,0.14932264,-0.11150312,0.31660408,-0.21135403,-0.066284515,0.15767863,0.02325529,0.39577675,0.47160167,-0.14045618,0.09609482,0.38023436,0.032681207999999996,0.29821974,0.06011797,-0.0033178667,-0.35987140000000006,0.42205623,0.10315995,-0.2994795,0.18116413,0.045810397999999995,-0.10780353,-0.39365968,0.6796687,0.37091273,-0.3424554,-0.13607652,-0.13610233,-0.38297036,-0.0032075420000000003,0.030875158,-0.064876564,0.0561222,0.51671255,-0.13280486,-0.017871447,0.33957756,-0.37999,-0.32216766,0.04240204400000001,0.55027866,-0.1029022,0.32975873,-0.34427658,0.68648034,-0.18310784,-0.15288952,0.070981525,0.009114264,0.22017260000000002,-0.0072825532,-0.024826132,0.12760578,0.56098133,0.3785018,0.24248983,0.04387729,0.16786833,0.17822438,0.35848427,0.4057226,0.43584403,0.023495995,-0.053765547000000004,-0.13746902,0.0005907437,0.43172398,0.39941190000000004,0.42879722,-0.12667388,0.9425589,0.115555525,-0.008828856,0.43840390000000007,-0.73864275,-0.3316719,-0.21734767,0.5143725,-0.17871064,-0.14795436,0.19596373,-0.09300674,0.19476113,-0.35956705,-0.23437873,0.050994612,0.30631903,-0.08676788,-0.36091605,0.22691974,0.5053501,0.05758139,-0.13278498,-0.43681553,-0.20377062,-0.19550768,-0.3561318,-0.05055893,0.07849078599999999,-0.037139997,-0.23968369,-0.052215036,-0.004649815,0.38412377,-0.28498238,0.09659271,-0.27978015,0.31310785,0.15327585,0.27373576,-0.05652249,-0.092439145,-0.10562203,-0.18772481,0.15398,0.19965991,0.20011984,-0.039557893,0.07839838,-0.008432872,-0.12204885,0.32916388,0.37848368,-0.6933687,0.1457204,-0.05738555,0.055384014,0.0872288,0.17593253,-0.054642703,0.09679995,-0.16208464,-0.059754048,0.49926993,-0.11137429,-0.47773525,-0.04294466,0.05930835,0.5149154,-0.16566059,0.037181128,0.08154831,0.015960185,0.053528715,-0.17366849,-0.050758258,-0.41249686,-0.56196254,-0.09407502,-0.111706585,0.109992355,0.012679362,0.31693190000000004,0.36609456,-0.06164084400000001,0.50810474,-0.14453049,-0.2220261,-0.11467326,-0.030084062,-0.41972053,-0.022404851,0.14429034,0.015792709,-0.29851020000000006,0.21870142,-0.28613594,-0.008543275,-0.19073373,0.1992938,-0.3946623
22,6,-0.44793436,0.051425165999999994,0.30045497,-0.15793563,0.43364840000000004,0.04927255,0.07851011,0.33510563,0.07601787,-0.41808313,0.16683596,-0.19051188,0.11527434,0.2151478,0.39691526,0.68451184,0.12638253,0.03857935,-0.048287723,0.0044706220000000005,0.01494935,-0.3741465,0.14989333,0.6442859999999999,0.18778922,0.04568143,-0.11402831,0.063116394,-0.014297775,-0.28177246,0.51052105,-0.05089594,-0.44431978,-0.56791174,0.1487625,0.31110367,-0.19677223,0.23435451,-0.12749748,-0.034752026,-0.7825416999999999,-0.17849874,0.050550199999999997,-0.2093939,-0.2752427,-0.35818025,-0.031757135,-0.19702058,0.53093076,-0.055884153,-0.23056695,0.087910816,-0.16132659,-0.21533932,0.14050265,0.6069234,-0.06801966,-0.3435061,-0.5759159,0.024777489,0.17531970000000002,-0.09973257,0.10010039,-0.35855925,0.28478906,0.112162545,0.039525405,0.32591709999999996,-0.5054417,0.06117469,-0.2503681,0.108118676,0.09917942,0.09875619,-0.39753273,0.0048568407,-0.30327263,0.27294755,-0.098545715,-0.074031204,-0.2925256,0.19746481,-0.40516946,0.40261635,0.16029061,0.24213073,0.44278428,0.26486552,-0.26250428,0.75904053,0.40332237,-0.23783644,0.06307033,-0.044282902,0.115177885,-0.20533936,0.21117324,0.1887001,-0.38380444,0.38294604,0.3173348,-0.024498634,0.03807938,-0.37603727,0.057426005999999995,-0.031992203999999996,0.24688579,0.19523862,-0.28724697,0.20801146,-0.01479261,-0.25443506,-0.40282798,-0.2731985,0.04160532,0.047391015999999994,-0.016535142,-0.009795406,0.15712063,0.10081361,-0.02113754,0.27324718,0.17646357,0.8520893,-0.1937824,-0.09453272,-0.13634032,0.11340749,0.07497356,-0.0037338382000000002,0.06341403,0.23332705,0.012873913999999998,-0.49358982,-0.22389391,0.33300307,-0.05759569,-0.013273307,-0.075845785,0.20919576,0.24580756,-0.37588984,0.5312060000000001,0.022644257,0.099710055,-0.07825167,0.10449331,-0.06047055,-0.1745513,0.23072036,0.076330386,0.15383479,-0.16650754,-0.19714087,-0.33176059999999996,-0.10041549999999999,-0.380847,0.24531013,-0.44715008,-0.022307752,0.47891940000000005,0.10377928,0.023555528,0.33060884,-0.30860928,0.031088004,0.04514045,0.38409334,-0.14180428,0.15333094,-0.17788292,-0.27798617,0.45600212,-0.04176362,0.30338135,-0.21242195,0.40066257,-0.01328574,-0.10469837,0.040104073,-0.5082857,0.446784,-0.09495445,-0.17190002,0.33490378,-0.40600368,0.44611046,0.12467393,0.12643912,-0.054286975,-0.123595946,-0.31624237,-0.11347994,-0.024974082,0.12838903,-0.5496032,-0.10209636,0.37101665,-0.28354502,-0.20176846,0.26382047,0.16726258,-0.058094442,-0.025900087999999998,-0.42046213,-0.31061357,-0.12591329,-0.41899040000000004,-0.18833661,0.19540603,-0.22605373,0.058199852999999996,-0.058785208,-0.25002375,0.25956059,-0.14959946,0.06054834,0.21821855,-0.14391032,-0.1290045,0.31110007,0.04513581,-0.17684138,0.38658538,-0.17636459999999998,0.53182966,1.0905469000000001e-05,-0.7532343,0.36718625,0.31777346,-0.14086424,-0.39132464,0.4824713,-0.19177625,0.014295819,0.049163215,-0.48237170000000007,-0.099770606,0.02124419,-0.31812729999999995,-0.19374366,0.42177257,-0.07742713,0.093982734,0.26155522,-0.15614142,-0.23344868,-0.07405009,-0.28303957,-0.05176459,-0.61635387,-0.42317563,-0.19264048,-0.22746533,0.04026053,-0.46377796,0.08640797,-0.0704197,-0.30392656,0.012442833,0.20323323,0.22436705,0.09260045,0.059325863,0.027962663999999998,-0.62318385,-0.13191368,0.03029774,0.1530471,0.29594454,0.059595075,0.10705423,0.0045171464,0.38866174,-0.16167128,-0.41638178,0.3426908,0.41850272,-0.049880672,-0.08742543,0.2920658,0.070427194,-0.12092364,-0.01345372,0.11416019,-0.04576686,0.2478415,0.0792788,-0.41858765,-0.043279488,-0.027922900000000004,0.010310274,-0.46077925,-0.35317895,0.1568908,-0.16304933,0.17195147,0.3978127,0.040983,-0.013278438,0.03109923,-0.07662493,0.2517917,0.14533688,-0.29286778,-0.038686194,-0.040271997000000004,-0.42990553,-4.4350867,-0.20619301,0.09448201,-0.2934173,0.32408524,-0.02883341,0.20306329999999997,0.06784883,-0.38063684,-0.0030784374,-0.15329055,-0.07719703,0.26923590000000003,-0.08607085,0.06690053,0.12544824,0.03128899,-0.06347471,0.09771498,0.40664795,-0.0024461069,-0.96807295,-0.04067858,-0.1213031,-0.13122927,0.14718753,-0.33055216,-0.031043904,-0.67640465,-0.25613776,0.28087908,-0.23308428,0.049301844000000004,0.3098652,0.07192889599999999,-0.22614455,-0.033584684,-0.11678065,-0.11848973,-0.6156326999999999,0.17594583,-0.5889141999999999,-0.12853225,-0.26357192,0.45764533,-0.32155624,0.41655433,0.13143219,0.08759487,0.042160187,0.10573166,0.021107772,-0.07692124,-0.14944983,-0.054253902,-0.059209116,0.30756977,0.41986599999999996,-0.33039448,-0.15228951,0.2488565,-0.09870141,-0.8618351999999999,-0.04830037400000001,-0.27447435,-0.07183852,-0.49615884,-0.2578742,-0.09890249,0.14769207,0.009190126,0.23483174,-0.4808812,-0.5512759,-0.10695505,-0.35566822,0.4303831,-0.1267569,0.12162584,-0.27492258,-0.61137617,-0.21401575,0.28111774,0.07393295,0.031504784,-0.043405056,-0.008833325500000001,0.019979654,-0.38874388,-0.24776462,0.25786528,0.07204917,0.24886389,0.31446072,0.0026704026,-0.26895222,0.26539359999999995,0.24241693,0.18073985,-0.18676946,0.24126329999999999,-0.10679707,0.42032441,-0.17138855,-0.3327952,0.10634325,-0.40886804,-0.2039464,0.47080564,-0.26488346,0.1512815,-0.25169876,0.51778233,-0.32569525,0.026039926,-0.08330328,-0.041981142,0.5106933,0.24702635,-0.21327338,-0.16529058,0.4362015,-0.30219612,0.25109404,-0.24731824,0.059789024,-0.019369203999999998,0.46432436,-0.11819952,-0.43349332,-0.19597,-0.26841729999999997,-0.06398744,0.38460004,0.10046078,-0.00535483,0.065058194,0.023002371,-0.05994864,0.27145007,0.12854394,0.47520158,0.20068759,-0.16898349,-0.043155834000000004,0.18733239999999998,-0.2181658,0.03124097,-0.18702099,0.16052996,-0.26766646,-0.18104929,-0.2539918,-0.4069492,0.18778136,0.6019061,0.0829572,-0.320872,0.11271636,-0.30982918,0.10846473,0.13025968,0.10411949999999999,0.0021134685,-0.24683897,0.6661858,-0.0973924,-0.23188826,-0.0010439826,0.012123637,-0.17059822,-0.11148237,0.04929016,-0.28607237,0.029221452999999998,0.3526289,0.15829149,-0.104995355,-0.13984905,0.42619514,-0.060603254,-0.11784915,-0.20122333,0.11854848,0.15921651,-0.12872884,0.099261746,-0.39842513,0.008192518000000001,0.22827329999999998,0.16586503,0.43089122,-0.21674898,-0.19656916,-0.27053320000000003,-0.10026026,0.17753273,0.24474347,0.0019837895000000003,0.25217527,0.21488123,0.009834479,-0.07704304,0.10070019,-0.08509873,-0.27852508,-0.08410914,0.40469983,0.020113055,0.19305060000000002,-0.36233565,-0.32762232,-0.31292307,0.15885472,0.028611748,-0.2578931,-0.27084783,-0.2747004,-0.21402103,0.29343885,0.07897113,-0.0977351,0.27811962,0.089411855,-0.17730618,-0.07102108,-0.06211917,-0.09767949,-0.382694,-0.009640560500000001,-0.23540704,-0.8814905999999999,0.105510235,0.11568402,-0.30619183,0.044499196,-0.18449274,-0.4311155,0.010764623999999999,-0.096924186,-0.33367315,0.043260854,-0.14143969,-0.20701607,-0.100311846,0.2085388,0.07495022,0.28636646,-0.014107982,0.60817754,-0.101295575,-0.16572885,0.16038036,-0.5512869,0.20396622,0.12899655,-0.10645208,-0.19968663,-0.2563849,0.08287929,-0.14987229,-0.078351885,-0.21192262,0.10724534,0.51984805,0.20124361,-0.011054479499999999,-0.2750782,0.09822288,-0.38260546,0.22390826,-0.17779583,-0.034918327,-0.45115390000000005,0.20498185,-0.12332118,0.29270613,-0.38073847,0.41373163,-0.27071795,-0.30063462,-0.15802576,0.1874555,0.142503,0.23427865,-0.39232296,-0.35368285,0.030900832000000003,0.059927087000000004,-0.011528716999999999,0.58174163,-0.24660692,-0.13916185,0.18664578,-0.23838739,0.5684965999999999,0.6510060999999999,0.2207125,0.07721917,0.13859996,-0.11949085400000001,0.38808492,0.443263,0.12288262,-0.23695615,0.48424828,0.1712628,-0.34880704,-0.10186826,-0.26476079999999996,-0.0060632997,-0.36734235,0.774191,0.21244454,-0.5916321,-0.15969975,-0.43464259999999993,-0.05375374,-0.0072073005,-0.084802635,-0.028037298,0.09791432,0.37224293,-0.08572043,-0.20902775,0.40474045,-0.21552898,-0.19341928,0.13713606,0.5133017,0.16401567,0.41575474,-0.016279388,0.43455172,-0.15972738,0.04373898,-0.13486107,-0.1050962,-0.11745077,0.049919397000000004,0.095953904,0.1168018,0.51021445,0.4533624,0.4029934,0.15977232,0.40776187,0.03656257,0.47276652,0.41797298,0.20203137,-0.15750337,0.03217232,-0.017225368,-0.018740887,0.39502138,0.39190292,0.38354093,-0.17085557,0.5956084,0.064601615,-0.10721153,0.3718507,-0.5412055,-0.31517866,-0.12923978,0.266573,-0.36411129999999997,0.07729391,0.32542852,-0.03924625,0.20203963,-0.48210335,-0.25296682,0.027636373,0.021518400000000003,-0.24255686,-0.25325817,-0.06770244,0.16945297,0.09894508,-0.09557705,-0.23377684,-0.15609257,-0.309802,0.080264,-0.18708465,-0.013420352,0.20574802,-0.23989458,0.07478195,0.20544139,0.28994834,-0.23859552,0.082071185,0.019274402,0.22096087,-0.17006506,0.4003182,-0.059307553,0.064268194,0.07872538,-0.07399508,0.25465116,0.28921979999999997,0.26312009,-0.04549059,0.20882307,-0.17144868,-0.18528362,0.3486527,0.40339604,-0.36140373,0.11141428,0.07450791,-0.025123227,0.004319899,0.061563335,-0.055196878,-0.020764995,-0.105906405,-0.29290109999999997,0.27484575,-0.10113695,-0.526622,-0.25633913,0.48290792,0.45193943,0.02051591,0.20149612,-0.099065945,0.16660529999999998,-0.033495072,-0.0635905,-0.043055747000000005,-0.058385633,-0.30716109999999996,0.27563184,0.052893315,0.14074735,-0.0797319,0.37900624,0.15513994,0.21150231,0.47172552,-0.42173710000000003,-0.21453537,-0.36894790000000005,-0.22895303,-0.142492,-0.043427117,-0.061692399999999994,0.21411946,-0.336518,-0.030211117000000003,-0.15246843,-0.06212991,-0.22042849999999997,-0.01599803,-0.075286165
23,6,-0.09972872599999999,-0.0023213746,0.29077467,-0.10642470000000001,0.10461253,-0.2662387,0.014167981000000001,0.33876687,-0.048740137,-0.46245649999999994,0.13972574,-0.530384,0.03594409,0.5563971,0.09795032,0.6057296,-0.06451622,0.06245163,-0.15081802,0.28792384,0.1050414,-0.4301829000000001,0.18117067,0.73715216,0.31597814,-0.09490085,-0.167677,0.012833013,-0.28956544,-0.23461922,0.6574850999999999,0.04588978,-0.16541916,-0.35942715,0.075170785,0.24642575,-0.22481203,-0.28200772,-0.038270365,0.27375522,-0.7696930000000001,-0.22403964,-0.047080223,0.16568826,-0.10580899999999999,-0.37002456,0.18214272,-0.14840217,0.258461,0.07742484,-0.47972152,0.019658385,-0.23397766,-0.32535776,0.09780998,0.6382350999999999,-0.016110627,-0.37661287,-0.6945808000000001,-0.25693289999999996,0.31969643,-0.1697953,-0.0635315,-0.49234563,0.2845296,0.19572869,0.0075859535,0.34680679999999997,-0.7996696999999999,-0.1519416,-0.27555382,-0.010199249,-0.06342864,0.20102458,-0.09642811,-0.09383514,-0.21882391,0.2660608,0.16234238,-0.17700271,-0.30199462,0.21010083,-0.49108019999999997,0.38435665,0.077093355,0.40399832,0.15689188,0.22153416,-0.2756364,0.7594489999999999,0.22415775,-0.32787102,0.21193102,-0.008755455,0.28460398,-0.16420679,0.46913420000000006,0.05825344,-0.282605,0.41934399999999994,0.18290459,-0.07282764,0.17876597,-0.13667257,0.11675806,-0.11846912,0.22809306,0.2077214,-0.02940664,0.14650546,0.23647924,-0.23850483,-0.31399715,-0.41415470000000004,-0.16152707,0.24066472,0.016685907,0.0195706,0.20691204,-0.082515664,-0.00054332305,0.14970976,0.048467542999999995,1.0276564000000001,-0.17798713,-0.020017736,-0.28913867,0.33989793,0.07438510000000001,-0.014782132,0.18269925,0.15520878,-0.105362386,-0.6394871,-0.11537867,0.22244807,-0.1532051,-0.21792620000000001,-0.015963232,0.069734514,0.23359428,-0.32265958,0.47992229999999997,0.008889439499999999,0.105075635,0.06606891,-0.10580138,-0.15167464,-0.08029766,0.32961609999999997,-0.03284248,-0.01900483,-0.036519192,-0.1543729,-0.16922082,-0.23485628,-0.3209816,0.19930166,-0.059627753,0.11107108,0.37102646,0.026087921,0.04438138,0.2812578,-0.053754874,-0.07162568,0.12751764,0.08539772,-0.34370264,0.20233233,-0.21634811,-0.25814143,0.6015720999999999,-0.35320055,0.34651473,-0.057484653,0.21589218,0.006178021,0.111910075,0.17597952,-0.5745023,0.2837866,0.08871649,-0.056229383,0.3928156,-0.16951226,0.16865484,-0.0053313946999999995,0.34543478,-0.06280991,-0.23515047,-0.29204842,-0.20660743,0.08756748,0.202493,-0.44570842,-0.038207427,0.20827745,-0.34668530000000003,-0.20188724,-0.020072138,0.3929546,0.23970453,0.022094281,-0.38606432,-0.102066666,0.015079883,-0.33537796,-0.13679329,0.09961159,0.012270821999999999,0.23722051,0.14438577,-0.20839770000000002,0.054650273,-0.029217029,-0.037412144,0.17918383,-0.12239491,-0.19251499,0.19141378,-0.004128988,-0.23598437,0.40579242,0.05787932,0.69656265,-0.085619606,-0.8460475000000001,0.28430033,0.46058914,-0.017770393,-0.34405023,0.7134698,-0.36221194,-0.11999318,0.12681004,-0.57649606,-0.2754384,0.17554669,-0.19617508,-0.34874406,0.48205274,0.005048316,0.12205419,0.29867965,-0.3281564,-0.19723143,-0.19818982,-0.2237866,-0.16072060000000002,-0.57634354,-0.33210126,-0.13340610000000003,-0.30655092,-0.08752115,-0.32766464,-0.016646163999999998,-0.42828940000000004,-0.120738894,-0.030854302000000004,0.22206534,0.42094007,0.027940147000000002,0.042638484000000004,-0.11497324,-0.5981616,-0.11060421,0.21336356,0.30838972,0.0790292,0.21424158,0.33905903,-0.058594454000000004,0.421217,-0.00912279,-0.27063105,0.3695948,0.46865168,-0.032159183,-0.17578653,0.15872924,0.09356234,-0.074824,0.04077235,-0.037302192000000005,-0.08800066,0.17488499,0.16187444,-0.37310824,-0.05164042,-0.123099275,0.0011555305,-0.35935727,-0.117955945,0.2690801,-0.014727252,0.027837722999999998,0.10409646,0.19034934,-0.12429243,-0.26851374,-0.05425956,0.12570582,0.13220267,-0.21209973,0.08445895,0.12797898,-0.39832306,-3.802536,-0.12316266,-0.050672285,-0.32948887,0.27639952,-0.18124217,0.053820074,-0.05782748,-0.39083895,0.026267381,0.10132037,-0.045767947999999996,0.46324575,-0.077640645,0.23830049,0.17771505,0.33244178,-0.25497946,0.004051235,0.29389879999999996,-0.031147607,-0.66002244,0.20602429,-0.0758586,0.035520393,0.26892990000000006,-0.35760236,0.051376265,-0.23482993,-0.30760157,0.4198121,-0.17078793,0.09459072,0.11590369,0.15431952,-0.0744036,-0.11781055,-0.33867220000000003,-0.36284038,-0.36098470000000005,0.13625447,-0.6635357,-0.0020971491,-0.29805166,0.70260483,-0.31297156,0.07259812,0.16959202,-0.0043700375,0.091203496,0.25379050000000003,-0.06317913,-0.24768433,-0.18926062,-0.040461242,-0.04814063,0.35642675,0.5422104,-0.28874266,-0.16991689999999998,0.10242725,-0.0217907,-0.6419291,0.012071923,-0.04244571,-0.26622605,-0.5120213,-0.10645728,0.08704239,-0.21005888,-0.04674212,0.5120667,-0.30042762,-0.48469907,-0.1676763,-0.19640122,0.35525692,-0.057423916,0.08968099,-0.31272185,-0.24545963,-0.40175570000000005,0.04565568,0.011426344,0.0021282876999999998,-0.36682487,0.14676008,-0.23317978,-0.26236117,-0.4636112,0.21742724,0.07614201,0.24038829999999997,0.20053379,0.12167051,-0.18554729,0.22648229,0.16680281,0.0072032213,-0.0820434,0.46431056,0.03022691,0.54514796,-0.30594468,-0.008897398,0.0574485,-0.30210158,-0.0021082814999999998,0.3300218,-0.22582485,0.33601245,-0.15917997,0.42649895,-0.28626272,-0.0896164,0.045307375,0.018146524,0.53293896,0.09872267,-0.36341804,0.065676935,0.48229557,-0.15496805,-0.21692409,-0.5126015,-0.0055750795,-0.30548948,0.32935977,-0.10118592,-0.10047506,-0.08303576,-0.13028441,-0.23648544,0.41737735,0.056891567999999997,-0.11796153,0.014911559,-0.061914437,-0.34173858,0.17637797,0.11462784,0.36374083,0.098532096,0.019691603000000002,-0.1871214,0.34970070000000003,-0.22309335,0.047559563,-0.23165768,0.13638815,-0.3569047,-0.27062315,-0.18013586,-0.27489759999999996,0.2197944,0.46589792,0.37229165,-0.09925169,0.03959661,-0.60593617,-0.027721798,0.29599893,0.23238121,0.13203159,-0.18593943,0.5307215999999999,0.018953728,-0.33841428,0.022394307000000002,-0.04056119,-0.23269662,0.056803595,-0.12992007,-0.44968015,0.024733317999999997,0.44782877,0.07063435,-0.3539418,-0.1560435,0.5463646,0.15571126,0.025654137,-0.21749553,0.15885541,0.22734173,0.025123239,0.25452724,-0.37018588,-0.117469534,0.17176077,-0.14449966,0.27155298,-0.029009994,-0.05312674,-0.22932080000000002,0.0046475859999999996,0.20316526,-0.24818493,-0.012595108999999998,-0.0037259527,0.3280126,0.08895641,-0.08261210000000001,0.12947159,-0.046649378,-0.45252815,0.017676203,0.3728813,0.0032539559999999997,0.22442386,-0.42891803,-0.29004544,-0.26235068,0.14623427,0.26203343,-0.38441324,-0.09109831,-0.21405412,-0.31415516,0.34013343,0.017035812,-0.21497860000000002,0.33500168,-0.0086112935,-0.31849120000000003,0.0020841856,-0.05833328,0.2252815,-0.30970487,-0.1831629,-0.20158413,-0.8577573000000001,0.008541156999999999,0.027819615,0.06706601,0.31044918,0.08703593,-0.44571978,0.05950269,-0.07683367,-0.22402884,0.11074623,-0.2846091,-0.39385036,0.11125637599999999,0.12619489999999997,-0.1080088,0.33521187,-0.29735506,0.52949363,-0.18817076,-0.1072208,0.03528722,-0.41501653,0.34251592,-0.24476187,-0.33474213,-0.22394636,-0.5551059,-0.2825535,-0.17463910000000002,-0.1748055,0.018899972,0.26727486,0.32739344,-0.0008951894,-0.059906355999999994,-0.010761914,0.10664604,-0.54633296,0.07679598,-0.0873988,0.15137947,-0.25590187,-0.031313907,0.09110545,0.13531248,-0.55168533,0.3807807,-0.35721144,-0.3067087,-0.28224499999999997,0.19000979,-0.09510317,0.49120092,-0.30778417,-0.19417329,0.17117395,0.20435148,-0.10649115,0.28354445,-0.17677243,-0.11798458,0.08364973,-0.332815,0.3319712,0.53866506,-0.07520226,0.1608046,0.25049827,-0.16165794,0.16828512,0.2264237,0.18359365,-0.26298785,0.31211945,0.09715591,-0.31504938,0.043540955,-0.020001533999999998,-0.13599569,-0.45248187,0.67081773,0.56407744,-0.47171497,-0.08367847,-0.25349548,-0.028627582000000002,-0.09677316,-0.16335344,-0.18394960000000002,0.2558719,0.5099617999999999,-0.21297976,0.124971285,0.26369625,-0.17422117,-0.18293135,-0.13647118,0.40517136,0.07223259,0.3674927,-0.18440291,0.55382794,-0.12828691,0.14665508,-0.022965284,-0.12696235,0.12285043,0.14535342,0.116195865,-0.008953903000000001,0.4988535,0.40646872,0.37846494,0.20580247,0.2656725,0.056288578,0.5814395,0.40852459999999996,0.31402194,0.14054549,-0.014644605,-0.03959605,0.13605586,0.34542057,0.21052107,0.31552726,-0.0010809741,0.7426841,0.06866588400000001,-0.07944376,0.4413003,-0.62380815,-0.25891733,-0.037691287999999996,0.28344572,-0.46150753,-0.048750802999999995,0.047816995999999994,-0.07849696,0.045367385999999996,-0.371797,-0.25360668,0.004796154,0.34043747,-0.19291487,-0.25293455,0.050947905,0.19538198,-0.08290538,-0.047545187,-0.41656566,-0.10614535,-0.38447922,-0.13674559,-0.08383371,0.041875302999999996,-0.14569627,-0.30203316,-0.039113216,0.14837414,0.37433103,-0.18860699,0.008543738,-0.12437260000000001,0.5178639,-0.05441791,0.27118704,0.15841529,0.07446669,-0.32519388,-0.039345756,0.16927525,0.30423057,0.055160205999999996,-0.08470021,0.20953605,-0.17625411,-0.14363506,0.1955348,0.34069267,-0.5439476,0.20914678,-0.017767351,-0.050713204000000005,0.043117005,0.17639974,-0.2720637,-0.08613879,-0.1834542,-0.32136962,0.09276905,-0.16796155,-0.36990476,-0.054564428,0.31412444,0.4117295999999999,0.016283369,0.19364977,-0.20162934,0.28901884,-0.014153172,-0.18452887,-0.04803444,-0.47898918,-0.2566432,0.18644162,-0.14677425,0.25183967,0.24375962,0.33586752,0.036244173,-0.20583348,0.71674806,-0.24879608,-0.14513391,-0.36183482,-0.1285394,-0.36621216,-0.28997666,0.032817673,0.12234836,-0.21091683,0.17001477,-0.018992912,-0.08273358,-0.15112324,-0.0014912114999999998,-0.19387245
24,6,-0.26812524,0.18240485,0.3420179,-0.19904402,0.39880875,-0.26437655,0.03159537,0.47658652,-0.15664802,-0.31551552,0.15835020000000002,-0.4427016,0.016608557,0.5047719,0.22573498,0.57602817,0.123310104,0.07296445,-0.15227914,0.48256066,-0.034499447999999995,-0.36379126,0.4622262,0.73197633,0.34630644,-0.35277179999999997,-0.19911166,0.015548903999999999,-0.15806584,-0.14137436,0.64506245,0.049113422999999996,-0.08009794,-0.48183724,0.02385713,0.26198745,-0.2876993,-0.3221002,-0.07724838,0.13311586,-0.79870987,-0.13982043,-0.0430805,0.34849283,-0.16102673,-0.43586907,0.1008795,-0.065174505,0.39044565,-0.043888308,-0.3274295,-0.07062374,-0.11308845,-0.25885186,0.18876274,0.80014193,-0.22494945,-0.35412633,-0.7114474000000001,-0.34805396,0.31198275,-0.28645256,-0.12294085,-0.68463105,0.12364629,0.0843352,0.11099911,0.3919893,-0.76206934,-0.05023953,-0.23430170000000003,-0.047053,-0.20147517,0.10668215,-0.21932761,0.09897497,-0.2939505,0.18359175,0.061256795999999995,-0.24753189,-0.249577,0.44977945,-0.5288634,0.57743776,-0.114102334,0.33994648,0.18180446,0.26951355,-0.37379646,0.59880745,0.037395276,-0.39489868,0.2359726,-0.053757552,0.14876999,-0.096942544,0.54160917,0.030655533,-0.45882696,0.45474392,0.21743281,-0.09794469,0.01231984,-0.20125362,0.21383299,-0.124069735,0.31065372,0.46084973,-0.05912135,0.23477578,-0.029337932999999997,-0.2486915,-0.25427842,-0.5130949,-0.32198557,0.2399634,0.047973695999999996,-0.054736573,0.13351163,0.08662554,-0.15248577,-0.1435,0.1298618,1.0808846,-0.3735642,0.01111463,-0.30871895,0.31386328,0.24969144,-0.11462686,0.016704468,0.12454794,0.13628154,-0.5487808000000001,-0.08690463,0.33825502,-0.14838296,-0.30753002,-0.21582736,0.36118913,0.32636002,-0.4178378,0.534374,0.060788617,0.005641323,-0.07344882,-0.15786397,-0.1319342,-0.028586764,0.2310085,0.08219043,0.0053588725,-0.14790931,-0.04578219,-0.14250861,-0.0763066,-0.41796044,-0.039703503,-0.11832285,-0.031516585,0.5222021,-0.13853347,-0.030231176000000002,0.35842597,-0.10688398,0.14000718,0.011526348,0.25266236,-0.34626326,0.14828469,-0.3191901,-0.0497851,0.73017037,-0.38160253,0.37357697,-0.026319126,0.20414613,0.14805178,0.2521514,0.10876509,-0.50485957,0.39647259999999995,0.084684074,-0.07771378,0.24979281,-0.36889786,0.23488222,-0.004103536,0.4409217000000001,-0.19192113,-0.117596954,-0.25857487,-0.20069058,0.022507567000000003,0.19981134,-0.51777685,-0.14160243,0.34526095,-0.574946,-0.12565531,0.12558454,0.20705764,0.1838253,0.22402619,-0.3440513,-0.41558674,0.091071665,-0.3193763,0.032773267,0.19115198,0.039001394,0.38674718,0.039641472999999997,-0.028461952000000002,0.22659236,-0.030996787999999997,-0.3002123,0.076807335,-0.039063867,-0.2783279000000001,0.21069048,0.029078554,-0.18193896,0.42807025,-0.027779923999999998,0.80931383,0.04804841,-0.8752004999999999,0.21034098,0.47523504,0.06915077,-0.078952625,0.83994395,-0.43954074,-0.17880629999999997,0.081306644,-0.5307074,-0.34670964,0.0527891,-0.32987764,-0.33052102,0.62444913,0.028548762000000002,0.08445889999999999,0.5050186,-0.37142718,-0.309394,-0.075433835,-0.33867493,-0.41160384,-0.5498389,-0.28314617,0.008237616,-0.386844,-0.23619679,-0.48042667,-0.11683561,-0.26518834,0.10772650000000002,-0.04616509,0.2294855,0.20471965,-0.16094925,0.19010438,-0.26412565,-0.55312806,-0.12543267,0.16512364,0.35677662,0.020757526000000002,0.05156937599999999,0.18368949,-0.0067599914,0.5195622999999999,-0.035932623,-0.16775683,0.37482740000000003,0.3549182,0.08838597,-0.10457124599999999,0.26853296,0.5841086,-0.14246143,0.1514086,-0.37109962,-0.087869085,0.02713427,0.4114865,-0.15636031,-0.16613908,-0.20319079999999998,-0.0066977916,-0.4432235,-0.42226776,0.3428977,0.054722466,0.15644026,0.24656156,0.17442678,-0.20374170000000003,-0.110218525,-0.031066592999999997,0.019624302,0.25278938,-0.25482889999999997,0.20610748,-0.008801849,-0.40063426,-3.3081089999999995,0.02504235,0.10990012,-0.46238515,0.38500500000000004,-0.16368544,-0.14364725,0.05632542,-0.52475154,0.011043428000000001,0.057914756,-0.17330368,0.40548664,0.1147287,0.11180272,0.26962295,0.009698118,-0.18357773,0.04946749,0.54424006,-0.11180284,-0.79416794,-0.02245534,-0.17431879,0.08295633,0.28467235,-0.5199372999999999,-0.08199395,-0.36542156,-0.41387713,0.43211165,-0.1950498,0.12175969,0.21657816,0.015574628500000002,-0.04569267,-0.084022045,-0.27727854,-0.17104419,-0.44832993,0.07607369,-0.8573681999999999,-0.011597917,-0.14135031,0.77233344,-0.22768931,0.0750836,0.21610184,-0.0015593345999999999,0.26440093,0.18817341,-0.05233642,-0.24417366,-0.08109589,-0.170666,-0.04381083,0.41891217,0.6455399,-0.10779623,-0.30136640000000003,-0.04240244,-0.16861925,-0.7633616,-0.09010617,-0.103586525,-0.26638785,-0.50939435,-0.27881867,0.21118866,-0.051044072999999995,0.10645467,0.5342715,-0.31026736,-0.44532502,-0.029848799999999998,-0.29124764,0.4098339,-0.06511332,0.10898688,-0.26731107,-0.09188373,-0.28549698,0.055748962,-0.1341348,0.17095229,-0.2236136,0.077139586,-0.17483239999999997,-0.4304633,-0.57162225,0.38093615,0.09642225,0.33452907,0.19690119,0.029744154,-0.097943954,0.2525571,0.124598615,0.11146218,-0.27787843,0.38241959999999997,0.15839579999999998,0.53529984,-0.23141494,0.0030657477,-0.021804722000000002,-0.38750374,-0.027609297999999997,0.29469284,-0.27668703,0.30486545,-0.45703658,0.34935448,-0.34292778,-0.13735774,-0.05147948,0.19805415,0.6130721,0.13737477,-0.2873211,-0.021173315,0.60847634,-0.27895644,-0.27893317,-0.38632047,0.03784258,-0.3778404,0.34129240000000005,-0.012882246000000002,-0.031524606000000004,-0.17377011,-0.25695416,-0.19022365,0.68018734,0.060588915,-0.08378532,0.090326145,-0.3034015,-0.019819817,0.12869929,0.11393107,0.33574995,-0.06795737,-0.08561544,0.08013968,0.27863622,-0.08607279,0.121113785,-0.3101804,0.14727928,-0.4625465999999999,-0.13513050000000001,-0.30739778,-0.30864128,0.18206973,0.32334816,0.28104648,-0.0015651722,0.038561735,-0.7327054000000001,0.19320965,0.2772058,0.39652753,0.07260003,-0.29396087,0.67704684,0.037939254,-0.31460536,-0.08008660000000001,0.24353744,-0.2573667,-0.046443224000000005,-0.13711914,-0.5283882,0.05388826,0.22825879999999998,-0.033026982,-0.26672605,-0.20106712,0.36756933,0.04116511,-0.16096649999999998,-0.20353042,-0.025017569,0.37047032,0.2010455,0.21424429999999997,-0.50610846,-0.01027393,-0.012047775,0.019542856,0.31422475,-0.19851549999999998,-0.097559504,-0.15563594,0.0016304654000000001,0.16876078,-0.31716678,0.039122935,0.1433703,0.40162757,-0.074972935,-0.13196307,0.107500106,0.09666038,-0.28805086,-0.071080826,0.34606338,-0.13423496,0.24103443,-0.40867266,-0.30859005,-0.18320169,0.23864447,0.16699767,-0.49343395,-0.006200813,-0.12721,-0.39072913,0.37449002,-0.11032068,-0.11693544,0.3505267,-0.11776642,-0.38913816,-0.19713435,-0.02539128,0.113614045,-0.084699,-0.09901519,-0.17710069,-0.8819065,0.02600354,-0.1457644,-0.05160764,0.45864618,0.021809482999999998,-0.5160931,0.22825249,-0.39222342,-0.3707964,0.29173273,-0.30409145,-0.48180833,0.15589656,0.15238348,-0.1319739,0.33367884,-0.27339476,0.7139434,-0.12864348,0.009731328000000001,0.27024975,-0.5204951,0.26307529999999996,-0.25901988,-0.33466446,-0.09902982,-0.49283674,-0.18822595,-0.12973477,-0.10466036,0.014922813500000002,0.24554598,0.42630196,-0.014938661,-0.14440185,-0.011721151,-0.033473868,-0.62724286,-0.06627967,-0.074958086,0.27248898,-0.3230739,0.13300286,0.08134735,0.2278612,-0.5492037,0.26735157,-0.2837381,-0.37834229999999996,-0.34401220000000005,-0.09114031,-0.16892205,0.48967054,-0.31154817,-0.17835157,0.26085675,0.11338434,0.045330577000000004,0.32435268,-0.13405412,-0.20973670000000003,0.12910299,-0.13809697,0.28042313,0.77657694,0.0046203583,0.3023962,0.07434589,-0.06914537400000001,0.18294688,0.16707791,0.23570153,-0.25830594,0.31001964,0.112362795,-0.54368067,-0.11197847,0.15767375,-0.120249934,-0.37869427,0.78803533,0.5113346,-0.25006439999999996,-0.22979832,-0.11614057400000001,-0.11247028,0.032869898,-0.09819304,-0.0006614780000000001,0.110610515,0.54516727,-0.22232549,0.12657021,0.44662294,-0.25523227,-0.1636388,-0.1572789,0.46402034,0.16989356,0.34235576,-0.22035368,0.6588638000000001,-0.08730737,0.051267438,-0.093879096,-0.16635746,0.18708985,-0.036163043,0.1402156,0.027835345,0.57336056,0.6290788,0.45291220000000004,0.27711335,0.15880665,0.025216807,0.715949,0.20207049,0.38261682,0.12920818,0.039610367,0.020316305,0.13139501,0.44660193,0.43306917,0.15940024,-0.030778427,0.92654794,0.21745855,0.0017005546,0.5736818,-0.7355533000000001,-0.10721306,-0.06975068,0.338961,-0.54493666,-0.024136118999999998,0.03557031,-0.2836018,0.029899477999999997,-0.37603924,-0.40273467,-0.14397602,0.45084623,-0.22388828,-0.15840296,-0.083142094,0.08767346,-0.19764611,0.0149247805,-0.6370333,-0.053203568,-0.3043686,-0.30989894,-0.0020862585,-0.11457327,-0.15425411,-0.28933445,-0.13583773,0.10096342,0.58661973,-0.31126785,0.014613102,-0.1747302,0.44974620000000004,0.12420118599999999,0.51774275,0.096399695,0.020960554,-0.42361185,-0.20505571,0.18151982,0.10759925,0.14455177,-0.00908075,0.19695039,-0.12454152,-0.18382761,0.11034413400000001,0.6221302,-0.56554693,0.12224045,0.12664652,-0.19498733,0.082146555,0.1444692,-0.3829297,0.07251186,-0.22458182,-0.35016125,0.08841912,-0.13910607,-0.42872873,-0.09284746,0.36317587,0.39360487,-0.06715661,0.11083861,-0.25796232,0.28672552,0.038034722,-0.10042431,-0.20288588,-0.5181690999999999,-0.22860736,0.10007104,-0.17229673,0.21730024,0.10593661,0.41448236,0.15298706,-0.0017272723999999999,0.79305047,-0.17906108,-0.23725039,-0.32685477,-0.22781305,-0.39842808,-0.43897748,-0.17400566,0.08244929,-0.1579217,0.112416044,-0.18359374,-0.11261989999999998,-0.20809181,-0.071541145,-0.34166414
25,6,-0.11850083,0.09381095,0.4835192,-0.24466284,0.128187,0.004005315,-0.16038547,0.31178513,0.01011182,-0.36325749999999996,-0.2566502,-0.8027966,0.34927136,0.6499545999999999,0.43707082,0.638962,-0.06731112,-0.032696873,-0.057015675999999994,0.23682973,-0.16432692,-0.6322508000000001,0.49454355,0.71606404,0.24076535,-0.24690071,-0.12452624,-0.04695328,-0.08999394599999999,-0.22656532,0.3978587,0.5383009,-0.26036173,-0.49742135,-0.008530988,0.30407897,-0.5756508,0.13436371,-0.15299158,0.10145321,-0.8460943999999999,-0.38137072,-0.010510997,0.17492293,-0.16923356,-0.16360518,-0.21776344,-0.18906866,0.10607154,0.07371993,-0.41721174,-0.008018606,-0.1380124,-0.48744878,0.21899314,0.78648394,-0.15008445,-0.48940593,-0.21627863,0.059104215,0.096183345,0.019534493,-0.20056722,-0.53133446,0.32666537,0.022441298,0.08881703,0.23930591,-0.61066663,-0.16307521,-0.1774552,0.12373802,0.0018242020999999998,0.051014446,0.13560136,-0.15073614,-0.36480233,0.06260036,0.21614102,-0.027601536,-0.11028768,0.34164540000000004,-0.19558373,0.7671201999999999,0.034485146,0.7304276999999999,0.11313646,0.3862816,-0.30428320000000003,0.6409945,0.14177823,-0.12439447,0.36907729999999994,-0.14349829,0.26584650000000004,-0.25523442,0.16201447,-0.040932894,-0.21652085,-0.05720490599999999,0.10039664,-0.15482797,-0.021165257000000003,-0.076482445,-0.17684223,-0.12666146,0.24826264,0.045449313,-0.35737199999999997,0.13367207,0.11402951,-0.5368909000000001,-0.040739883,-0.49966663,-0.14622504,0.44972834,-0.059293125,-0.005815041700000001,-0.0760912,-0.08109531,-0.035633523,0.33904272,0.24014349999999998,1.5277593999999999,-0.29916143,0.082065895,0.10050368,0.37556455,0.40130454,0.20296222,0.08330159,0.32760647,0.20999081,-0.5959393,0.06515126,-0.09969578,0.015368755,-0.44563857,0.031574752000000005,0.2693873,0.14131722,-0.20696798,0.41471243,0.0015174389000000002,0.090314426,-0.02025842,-0.120170385,0.01850429,-0.10363641,-0.08272039,0.08881392,0.091838755,-0.30210674,0.03327502,-0.16642785,0.13545229,0.05293647,0.046039645,0.095518805,-0.03954532,0.39196846,0.035015475,0.00027436813,0.41850415,-0.4564379,-0.032961745,0.20823407,0.41159922,-0.31748292,0.30240196,0.07440059,-0.45679250000000005,0.3658634,-0.3308439,0.16621883,-0.05997639,0.24508229,0.18454932,0.0676788,0.32238665,-0.719725,0.63660806,0.2064987,-0.20911159,0.39547622,0.13408846,0.26466137,0.019780368,0.38303933,-0.26111367,0.004967957,-0.011101151,-0.22649989999999998,0.18771794,0.23726949,-0.3870652,0.14829311,0.27815908,-0.11764398,-0.25187963,-0.14048739,0.536532,0.025855068,0.13085476,-0.5658314,-0.16722587,0.09405666,-0.47652170000000005,-0.08006718,0.06038238,-0.063832566,0.08850601,0.19249445,-0.13286878,0.4689474,-0.42712393,-0.28794664,0.0016941089999999998,-0.334192,-0.20861119,0.13401826,-0.31164506,-0.29191285,0.61265445,-0.13388936,0.78303933,0.16085663,-0.8266873,0.10238149,0.26930466,0.09218316,-0.012026875,0.7055274,-0.55933356,-0.17578734,0.030569832999999998,-0.3303379,-0.31689775,0.28966290000000006,-0.20481415,-0.41252568,0.49941584,0.12563418,-0.03801136,0.42431659,-0.23849177,-0.15485097,-0.19512099,-0.37281644,-0.33236355,-0.38205025,-0.32477918,-0.32460415,0.005614219,0.14690079999999997,-0.36385850000000003,0.18825023,-0.08304127,-0.038224332,0.018293342,0.0067073214,0.22556333,0.21518259,0.066268235,-0.2569999,-0.7249511,-0.23612545,0.065010615,0.31799412,-0.1380026,0.20024493,0.24629067,-0.086871795,0.12259901,-0.042272187999999995,-0.40436327,0.33713509999999997,0.38554412,-0.18408373,-0.10297263,0.3239515,0.32268256,-0.16489911,0.19156022,-0.29993355,0.23719832,-0.010069261999999999,0.23287371,-0.20472975,-0.19555213,0.1206518,0.13428298,-0.6967975000000001,-0.13893898,0.02554197,-0.05219449,0.26598266,0.52758807,0.32014257,-0.26857242,-0.026053833,0.020594215,0.21855251,-0.0012642607000000001,-0.19145043,0.15680009,0.28554252,-0.44539165,-3.6821866,-0.10835530000000002,-0.15132162,-0.08326832,0.8338396,-0.114262305,-0.12749793,0.21648422,-0.45385888,0.09612641,0.047090075999999995,0.10603162,0.14746012,-0.3183953,-0.032872844,0.1321296,-0.16457969,-0.060587484000000004,0.3413639,0.31059182,0.18621469,-1.1965975,-0.058131088,-0.11297919,0.08146547,-0.13710389,-0.5354897,0.41786316,-0.67045873,-0.45203862,-0.015361081,-0.40079316,0.101229884,0.29798302,-0.09216379,-0.37444592,-0.25731006,-0.05095568,0.29896447,-0.7972496,0.23834008,-0.2956676,-0.20285521,0.070540294,0.3541698,-0.43362904,0.22436778,0.39759058,0.074310474,0.20065603,0.27479857,-0.34248903,-0.38608667,-0.090827964,0.058768812999999996,-0.34183207,0.1113287,0.5394531,-0.59053075,-0.034128834,0.010759156,0.11245296,-1.1979022,-0.15560729999999998,-0.30286238,-0.06243241,-0.8099113,-0.73973364,-0.064879395,-0.1938075,0.09360178599999999,0.48192078,-0.20985279999999998,-0.9158658000000002,-0.0025326118,-0.5160043,0.6991233,-0.12486944,0.102872215,-0.26969132,-0.49656886,-0.5443554,0.28488070000000004,0.17560121,-0.13128357,-0.20599118,-0.080766276,-0.3251427,-0.16074835,0.02210378,0.25820836,-0.060443033,0.39549243,0.3396249,-0.30684122,0.012606735,0.08505152,0.21029428,0.1885882,0.02458122,0.4640576,-0.07291122,0.21979989,-0.47602603,-0.118793555,0.24549185,-0.7475106,0.014269451,0.55352265,-0.11252224,0.34250715,-0.5163459,0.32369718,-0.36740655,0.21647829999999998,0.008011896,-0.053230815,0.5397189,0.30082265,-0.21395493,0.023230318,0.57027215,-0.26977053,-0.3557933,-0.08399752,0.22855839,-0.2983367,0.23589906,-0.15566026,-0.09330100599999999,-0.037679538,-0.34046996,-0.21271238,0.45251533,0.12024303,-0.14483982,-0.19287835,0.10071853,-0.17131661,0.36424482,0.48333624,0.43161640000000007,0.13681507,0.042215165,0.31144294,0.07247142,-0.2692208,0.06880797400000001,-0.28070325,0.42089197,-0.29540026,-0.5278722,-0.37797257,-0.15103486,0.14257269,0.20329207,0.27734578,-0.26759446,0.038869336000000004,-0.5343009,0.11928728,0.5632139,0.08160205,-0.035894256,-0.26602545,0.5480849,0.02886736,-0.4407856,0.18049002,-0.008179312,0.0560061,-0.05439749,-0.02184031,-0.33983797,0.09032841,0.16745351,-0.09754134,-0.07933259,-0.16261469,0.49713945,-0.045812484,-0.19530961,-0.45647094,0.19428447,0.5033340000000001,-0.14161326,-0.14591137,-0.60809714,0.008505361999999999,0.024254842000000002,-0.06379787,0.30652209999999996,-0.32630885,-0.24371704,-0.24031863,-0.063024364,-0.025221866000000003,-0.08513,0.14296359,0.15423293,-0.06105828,0.2564096,0.20682779999999998,0.12471865,0.05579816,-0.52978915,0.17307621,0.26557177,-0.029821716,0.18204056,-0.018682595,-0.45784128,-0.0074129930000000005,0.34975052,-0.07722134,-0.14270782,-0.16643476,-0.27774933,-0.25918692,0.25036156,0.045689058,-0.15274422,0.10126789,-0.1299521,-0.27313402,0.11633489999999999,-0.07121829,-0.15498655,-0.26883772,0.10638239999999999,-0.6473391,-0.5572483,0.17217067,-0.16433245,0.11801293,0.41440140000000003,-0.3418364,-0.23704724,-0.14355439,-0.24185170000000003,-0.56822133,0.16194953,-0.38409486,-0.37960723,0.07578172,0.5145261,0.20446347,0.10458074,-0.17578492,0.44050372,-0.26227716,-0.17458710000000002,0.35701835,-0.6645262,0.40041405,-0.2674267,0.059784304,-0.19826436,-0.58866787,-0.15266316,-0.22619882,0.1128888,0.062026106,0.16055118,0.14750944,0.12125651,-0.21337488,-0.1590338,-0.04900344,-0.022889035,-0.18359186,0.0035884639,0.30312172,-0.37150285,-0.15352973,0.068040535,0.26116973,-0.47854054,-0.027970832,0.015849696,-0.28705990000000003,-0.15713976,0.31374650000000004,0.10317905,0.45454702,-0.086343646,-0.39104304,0.11698151,0.19658194,0.24511796,0.29089770000000004,-0.13146622,-0.27564132,0.024524566,-0.32507420000000004,0.39800385,0.16782013,0.21012196,0.089441285,0.06410675,-0.21189703,0.5439784000000001,0.43583545,0.33135155,-0.21104115,0.5816449,0.1599902,-0.44571736,-0.23222588,-0.0799353,-0.060320392,-0.39353493,0.6676803000000001,0.43910208,-0.53685653,0.14457576,-0.25864760000000003,0.14863698,0.20670667,-0.022658031000000002,-0.23105358,0.2548847,0.41814134,-0.40833294,-0.3513119,0.72588074,-0.27487907,-0.14151905,0.06437638400000001,0.56824136,0.28026062,0.4360429,-0.004318316,0.6159366,0.25724933,-0.022460671,-0.089060545,-0.3171819,0.08793611,-0.24124661,0.104248516,0.04530577,0.27282143,0.44207886,0.20209455,0.13712588,0.31088895,0.2031011,0.6507968000000001,0.11791103,0.49370635,-0.21885267,0.057660352000000005,0.21601523,-0.0016812076,0.09146452,0.28303155,0.20525993,0.22720318,0.7333479,-0.11291766,-0.23667261,0.35944787,-0.5831552,0.06314007,0.086224355,0.3417785,-0.66648203,0.263176,0.06686666,-0.12724288,0.25714699999999996,-0.26783365,0.25601503,0.08320985,0.0033133222999999997,-0.52195114,-0.20684338,-0.15610717,-0.029495835,-0.10667176,-0.17855938,-0.30350429999999995,-0.20560618,-0.41598186,-0.17299089999999998,-0.110971175,-0.26149672,0.058149528,0.009533451,-0.10049029400000001,0.22916170000000002,0.9197584999999999,-0.5080091,0.19731236,0.07533788,0.4458652,0.14459835,0.25249854,0.2503521,0.07749917,-0.18470652,-0.041052222,0.11581334,0.14025399,0.08719543,-0.12916513,0.31795809999999997,0.09495721,-0.2594415,0.34654853,0.47791454,-0.40186608,0.32031095,0.117780186,0.055567085999999995,0.051707324000000006,0.04461266,-0.42108917,0.29919562,-0.31985697,-0.32013008,0.20974626,-0.22971824,-0.5302022,-0.12829335,0.4290826,0.41588175,-0.023680717,0.11821274,-0.30660370000000003,0.3627515,-0.15801233,-0.22622283,-0.21894503,-0.17442207,-0.39262173,-0.028372112999999997,-0.22280374,-0.07597958,-0.011399303000000001,0.18114187,0.16704226,-0.16675425,0.32964954,-0.19187671,-0.39558974,-0.50556207,-0.26943874,-0.16973123,-0.025680500000000002,0.00027321032000000004,0.09807324,-0.06695838,0.32281208,0.17401457,-0.10087236,-0.22957076,-0.2903195,-0.37134048
26,6,-0.29133177,0.17280267,0.41960493,-0.23652703,0.29030409999999995,-0.17404594,0.14168812,0.37169743,0.04955648,-0.6043068,0.17241089,-0.42885536,0.20392579,0.42169034,0.3431281,0.7733969,0.09713958,0.013539483,-0.06742285,0.26911399999999996,0.12226411,-0.42174083,0.20388746,0.8790639000000001,0.28635204,-0.11918262,-0.19902097,0.12458439,-0.2621795,-0.10877931,0.5725814,0.0054756603,-0.19772643,-0.47331804,0.14880120000000002,0.3043241,-0.33189842,-0.2871198,-0.11019974,0.28294495,-0.78245413,-0.31043738,0.15175019,0.12431366,-0.25487062,-0.48849490000000007,-0.36282623,-0.18879229999999997,0.24328652,0.105474204,-0.26231540000000003,-0.031567833999999996,-0.09797660000000001,-0.30566746,-0.029820587000000003,0.7366718000000001,-0.039523699999999995,-0.40276718,-0.5353251,-0.43017483,0.15965086,-0.14030455,-0.19142118,-0.57078254,0.20023873,0.030796977000000003,0.008438845,0.5413110999999999,-0.86607045,-0.20840189999999997,-0.0695263,-0.030093732999999998,0.05872641,0.11261918,-0.32898390000000005,-0.11850521,-0.28921992,0.24056529999999998,0.09076278,-0.15663092,-0.11797384,0.34157923,-0.43142033,0.62067753,0.07187177,0.38246047,0.13477747,0.42513029999999996,-0.159777,0.6719851,0.09629425,-0.3871759,0.20495051,0.1370315,0.34102747,-0.011160546,0.348186,0.055863217,-0.3537482,0.48512104,0.21534432,-0.05625038,0.22930013,-0.17674257,0.21460114,-0.06030113,0.14418812,0.2689864,-0.09207317,0.12754802,-0.019318081,-0.24998371,-0.3461825,-0.35384065,-0.11493656,0.14215258,-0.06645894,0.11334678,0.032989547,-0.102216,-0.045260932000000004,0.13973953,0.04196235,1.2800933,-0.26024139999999996,-0.06039199,-0.5154013,0.47273538,0.13476428,0.03554231,0.055401307000000004,0.19288293,0.019290444,-0.58642584,-0.0021747520000000003,0.16482356,-0.018615563999999998,-0.36874297,-0.29122087,0.22689003,0.14846157,-0.35227105,0.7839600999999999,0.07503355,0.05176783,-0.09060525,0.033793077000000005,-0.04369613,-0.0126498,0.088220805,0.039706647000000005,-0.0059359465,-0.31049764,-0.31003162,-0.33179837,0.031097068,-0.30986246,0.13853966,-0.13398607,0.0825348,0.16165525,0.01533078,-0.05789048,0.17860593,-0.114282615,-0.041924696000000004,0.14667775,0.36245679999999997,-0.40722620000000004,0.39159520000000003,-0.1820604,-0.028128456,0.57506573,-0.23607913,0.31396785,-0.11851467,0.25837213,0.09211028,0.03232772,0.26257098,-0.48395628,0.2924312,-0.068104416,-0.25349924,0.36604393,-0.22576655,0.2907059,0.020503659,0.1305662,-0.08261423,-0.30460212,-0.124038145,-0.15285484,-0.10614669,0.1636715,-0.46078518,-0.037034795,0.37375227,-0.56414723,-0.124851584,0.026818852999999997,0.42906857,0.022415308,0.22195417,-0.41056728,-0.40745836,0.08335168,-0.36617592,-0.13637796,0.14973393,-0.18836261,0.35489768,0.060127057000000005,0.017906783,0.16078952,0.06840699,-0.17779022,-0.023798011,-0.19652629,-0.20982176,0.2733011,-0.12508024,-0.22463854,0.34878457,0.0059999423,0.7063463000000001,0.042445328,-1.041957,0.21310500000000002,0.42424664,-0.026038412,-0.12593225,0.49954703,-0.38808542,-0.19209102,0.22902260000000002,-0.61851704,-0.28804874,0.08827997,-0.28587529999999994,-0.26423220000000003,0.22662272,0.16449785,0.17334811,0.5572495,-0.10310034,-0.24506548,-0.28227377,-0.1900135,-0.36861604,-0.48362547,-0.44350275,-0.0810818,-0.29688259999999994,0.05633544,-0.51119125,0.019728499,-0.33114302,-0.04251441,-0.13758375,0.5458713000000001,0.09516879,0.00899737,0.06996175,-0.11047380400000001,-0.5031675,-0.22947648,0.16838275,0.3772917,0.046091203,-0.19642097,0.28066248,0.17421013,0.52962995,-0.18939999,-0.21278185,0.30346033,0.28553864,-0.03984636,-0.18936215,0.23535855,0.35220826,-0.23355843,-0.14829169,-0.08097533,-0.027720872,0.13924147,0.051465698,-0.4004447,-0.100267686,-0.065900765,-0.034411315,-0.4298715,-0.3619435,0.2632104,-0.11236974599999999,0.06417606,0.24277975,0.09691806,-0.20902883,-0.2526451,-0.013468281,0.20176442,0.10425799,-0.28797477,0.13372977,0.16366574,-0.40769973,-3.6764271,-0.019642042,-0.079584435,-0.18865164,0.15770048,-0.21438146,-0.04391051,0.050387703,-0.4280175,-0.13932873,-0.06366426,-0.09677966,0.29570019999999997,-0.008061073,0.08261315,0.3362965,0.21558553,-0.076499745,-0.105880104,0.40433347,-0.06712473,-0.84124047,0.12082639,-0.12272115,0.16200891,0.17340948,-0.46943679999999993,0.05863112,-0.45196825,-0.34332418,0.27903283,-0.21439041,0.078599095,0.26360333,-0.14612621,-0.04628388,-0.05323665,-0.21202935,-0.20335238,-0.48497167,0.051180772,-0.5874553000000001,-0.17198685,-0.19414648,0.645231,-0.53138024,0.32140833,0.36393422,-0.0059109353000000005,0.13291168,0.22959104,-0.16362688,-0.21009602,-0.27533215,-0.22144008,-0.24073498,0.31909704,0.51923317,-0.14646302,-0.23004161,0.16464576,-0.115155116,-0.8798166999999999,0.0014713882999999998,-0.097726226,-0.030994194,-0.6098443,-0.18720770000000003,-0.16390155,-0.15452789,0.1086654,0.58669454,-0.23575355,-0.47573936,-0.06500776,-0.2567186,0.47537553,-0.18738458,0.07204211,-0.22831017,-0.08026249,-0.42302272,0.29840615,0.15399663,0.023838957999999997,-0.19043459,0.12447910000000002,-0.08783685,-0.3937364,-0.37902763,0.36686608,0.088695735,0.24497263,0.38088292,0.23148441,-0.2555928,0.23334502,0.10111696,-0.014162983999999998,-0.30379036,0.3055875,-0.0833518,0.30302146,-0.036328543,0.020197371000000002,-0.026084272000000002,-0.24056078,-0.003034856,0.21607597,-0.14871934,0.22953520000000002,-0.17480661,0.35358837,-0.04997786,-0.0116357,-0.08566231,-0.006967499,0.5372937,-0.055270646,-0.37261677,-0.012510257,0.53283894,-0.13397345,0.15890445,-0.24436950000000002,0.14015885,-0.18441145,0.52991915,-0.16564219,-0.23127666,-0.12361869,-0.39002746,-0.18067567,0.460725,0.1326609,0.05727054,-0.018666157,-0.34254912,-0.21110344,0.42248850000000004,0.32739559999999995,0.51765466,0.110969394,-0.25174612,0.07149309,0.35010368,-0.24709389,0.19167063,-0.33797833,0.25801566,-0.55945796,-0.29136449999999997,-0.25918305,-0.49739474,0.3949982,0.37447378,0.2402784,-0.12522244,0.2870103,-0.47829106,0.14101577,0.31692967,0.33811533,0.16042593,-0.28592134,0.70789534,0.007946324,-0.34642363,-0.05013035,0.13815063,-0.14938806,0.013051712,-0.39303267,-0.5193478,-0.03298733,0.31911975,0.14579982,-0.31874640000000004,-0.19847576,0.3856991,0.12726094,-0.18543189999999998,-0.23814061,0.18929704,0.38880008,0.2299841,0.103381544,-0.63610643,0.14932528,0.13780938,0.08825906,0.48941332,-0.08284879,0.0270699,-0.38301435,-0.13890696,0.23779203,-0.26058418,-0.025879562000000002,0.027893743,0.14667739,-0.024543282000000003,0.06575039,0.20514908,0.07021829,-0.35700005,-0.0097067645,0.47217014,-0.11857454,0.15102515,-0.27833906,-0.3099232,-0.14614485,0.43743542,0.15914084,-0.3436241,-0.032828934,-0.11423468,-0.31926695,0.34214246,0.061393175,-0.2678316,0.28954673,0.0058111274,-0.3292545,-0.10691072,-0.17189337,0.31557402,-0.31227142,-0.21943356,-0.18235399,-0.8139006999999999,-0.019394992,0.004000914,-0.11477235,0.6156949,-0.13184656,-0.58353776,0.26297343,-0.39574447,-0.47781384,0.046210706,-0.26248577,-0.42670727,-0.02880432,0.32438233,-0.18006042,0.42967954,-0.32029164,0.59664977,-0.34656003,-0.13397776,0.1828168,-0.55472225,0.43396682,-0.24817483,-0.25930697,-0.21302883,-0.51060736,-0.25857514,-0.21224099999999999,-0.09971475,-0.07473568,0.13879205,0.4452415,0.13460709,-0.09920489,-0.16040829,0.05673485599999999,-0.48278096,-0.061020255,0.019887171999999998,-0.0009974127,-0.22999127,0.1442681,0.09678757,0.26952243,-0.55267936,0.20466305,-0.19199386,-0.29106978,-0.42366442,-0.040889163,-0.012400712,0.3284224,-0.27307954,-0.368686,0.10329776,0.21310075,0.085515484,0.35466945,-0.26885417,-0.13240486,0.024162522000000002,-0.09767107,0.29150313,0.6423238,0.04353648,0.27445949999999997,0.10930742,-0.012842028,0.2492846,-0.00024161417000000002,0.049639188,-0.16848803,0.45311028,0.16658396,-0.22367345,-0.20494908,-0.07664277,-0.10953891,-0.48447335,0.66103804,0.43970478,-0.21342582,-0.0155370515,-0.09034351,-0.113522336,0.13089253,-0.07770424,-0.19000897,0.23111027,0.45906782,-0.19248959999999998,0.12015783,0.4702001,-0.3230987,-0.18499102,-0.042713615999999996,0.5515426999999999,-0.08231245,0.42573908,-0.15086244,0.53819466,0.02707681,0.058048546,-0.06124679400000001,-0.0010622032000000001,0.23865756,-0.06049985,0.09370032,0.150522,0.61097896,0.48608816,0.42518055,0.14016157,0.0991279,0.017664265,0.49098676,0.35008207,0.28482154,0.080482855,-0.0045947390000000005,0.055053316,0.1445069,0.10067516,0.28783423,0.34184885,0.20950216,0.9931184000000001,0.18129641,0.20406136,0.44067824,-0.72859764,-0.39563403,-0.21102661,0.49489415,-0.42248935,-0.06418156,0.18786502,-0.18161777,0.13791037,-0.25982872,-0.25670713,0.00053194526,0.26582026,-0.12936795,-0.34869367,-0.046988305,0.33634308,0.03266498,0.057077172999999995,-0.5451383000000001,-0.23504815,-0.18492988,-0.10982963400000001,-0.19564421,0.044656727,-0.12179157,-0.23121548,-0.09454931,0.12983038,0.48084974,-0.15904753,0.051444154000000006,-0.26789814,0.3544007,0.13689551,0.529175,0.2522106,0.21516433,-0.31663057,-0.15519813,0.072139286,0.15377843,0.14568387,-0.13659213,0.2109348,0.04140914,-0.07154335,0.22750884,0.43033856,-0.56502783,0.096302696,-0.0055332333,-0.13777101,0.032592203,0.17187518,-0.33255842,0.073867194,-0.21117735,-0.32677057,0.31115815,-0.20630877,-0.50192744,-0.20353341,0.1871406,0.38757652,0.06326567400000001,0.21208161,-0.18276270000000003,0.2614772,-0.13278803,0.026307134,-0.17951201,-0.47920555,-0.4621703,0.16290972,-0.008315438,0.01904605,0.18412966,0.4862088,0.18619233,-0.05696549,0.53412724,-0.17369749,-0.46387604,-0.26606697,0.012946639,-0.36305788,-0.24405885,0.07541783,0.1322031,-0.0879287,0.13877572,-0.12795211,-0.12882037,-0.25475323,0.04038485,-0.5026689999999999
27,6,0.21394973,0.6327129,0.37507433,-0.27973813,0.13419038,-0.26153335,0.49837103,0.7525536,-0.123790026,-0.747696,0.01729186,-0.29238585,-0.20744202,0.768304,0.46811253,0.7014798000000001,-0.03104631,0.012366201,-0.32024035,0.059374757,-0.12238033,-0.42813379999999995,-0.09102027,0.80351555,0.4485065,-0.32246286,-0.20956115,0.24760766,-0.32767907,-0.3066143,0.47511953,0.18926635,-0.6799138000000001,-0.28741616,0.124947906,0.35268036,-0.34585777,-0.111502506,-0.26752943,0.38607398,-0.33269244,-0.3228592,-0.1817513,0.14894395,-0.27273655,-0.20849805,0.14467621,-0.36435968,0.24954410000000002,-0.10206916,-0.45869175,0.24478829,-0.33746466,-0.40230685,0.4569407999999999,0.6321336,-0.035555907000000005,-0.25229135,-0.761997,-0.11123310000000002,0.034803,0.022586877999999998,-0.13409916,-0.5084814999999999,0.37832505,0.34743592,0.11183806,0.5834226,-0.44055200000000005,-0.25374255,-0.5192962000000001,-0.34784713,-0.051983762999999995,0.28146496,-0.71708226,0.014417006000000001,-0.27383214,-0.04627344,0.08962141,-0.49120075,-0.032391354,0.4455894,-0.1874831,0.69005287,0.5374526,0.4883438,0.03327168,0.16860391,-0.2696476,0.8009854999999999,0.3380554,-0.32510933,-0.12199491,0.44398174,0.6734392,-0.060356955999999996,0.7038241999999999,-0.30711890000000003,-0.65476674,0.6386946,0.45614925,-0.49315777,0.3318804,-0.17673567,0.332175,0.025622766,0.45793453,-0.22040823,0.18971083,-0.076939486,0.096777,-0.24009451,-0.18466583,-0.21362240000000002,-0.115053274,0.25789136,0.3906675,-0.08439798,-0.0032283892,-0.0019148492000000002,-0.037840556000000004,-0.15587619,-0.16985336,0.7809906,-0.28254968,-0.30797416,-0.09739025,-0.14385496,-0.015911287,-0.52642554,0.13859868,0.1777589,0.050843794000000005,-0.6979611,-0.114430144,0.49044934,0.25617070000000003,-0.18581071,-0.27513933,0.28548340000000005,0.67381275,-7.276833e-05,0.5622295999999999,0.13692066,0.28883427,0.17888379,0.12760288,-0.041942022999999995,0.060512065999999996,-0.15818027,-0.17646153,0.32583493,-0.23910877,-0.12005172,-0.019045863,-0.07312616,-0.61697656,0.41446638,-0.074663304,0.13699841,0.04666158,-0.018437853,0.31942505,0.2771896,-0.5022763,0.46311387,-0.1101587,0.44427934,0.09908064,0.5252640000000001,-0.34257707,0.07013902,0.70440984,-0.2367822,0.30472708,-0.12946941,-0.18063213,0.4560768,-0.027630236000000002,-0.0018349856,-0.6880261,0.07531147,0.10777106,-0.2495304,0.26574808,-0.4951125,0.453556,-0.015766688,0.08210806,0.17426087,-0.18787917,-0.42273825,-0.13203983,-0.270552,0.048294522,-0.66798806,0.027943292999999998,0.21194229,-0.16446939,-0.12669756,-0.2544474,0.03555088,0.081928074,0.049271543,-0.61275643,0.01023978,-0.20950973,-0.38684067,0.018414823,0.08102916,-0.117024794,0.13129756,-0.09952839,-0.37043995,0.12227501,-0.29967982,0.04796827,0.15709957,-0.698634,-0.38364464,0.20664334,-0.22052255,0.03050876,0.32089683,0.20174651,0.89543355,0.14406545,-0.29130626,0.34254867,-0.04739749,0.0864342,-0.2237994,0.54134905,0.038974023999999996,-0.32674742,0.033842332999999995,-0.66110885,-0.31133434,-0.33548459999999997,-0.37683990000000006,-0.16257706,0.23064327,0.09855792,-0.03734197,0.45005329999999993,-0.20073788,-0.053522877,0.18649875,-0.14259432,-0.025701504,-0.3066757,-0.77600527,-0.36574832,-0.21155532,0.0024636178,-0.27085929999999997,-0.17850693,0.21512437,-0.16805205,-0.016006846,-0.044274825999999996,0.1438549,-0.004591089699999999,0.08001875,-0.3367616,-0.9242697,-0.10034529,0.0085947625,0.08627029,0.23765354,0.4435894,-0.17753185,0.046192884000000003,0.20876567,0.16336839,-0.4363215999999999,0.15893374,0.43492879999999995,0.16506962,0.25009692,0.25603488,0.44709784,-0.49096256,-0.029962247,0.17348923,-0.08420103,0.044656087000000004,0.12428329,-0.6645751,0.21379893,0.019976648,-0.06100018,-0.15238276,-0.389577,0.45885915,-0.11872061,0.21076755,0.1658093,0.21679778,-0.27410227,-0.010571165,-0.29462427,0.094302095,0.21726365,-0.30170703,0.11920385,-0.21577351,-0.5001956,-3.5621872000000003,-0.10732029,0.025212132999999998,-0.10983665,0.15839657,0.07859049,0.5875397,-0.07125983400000001,-0.64246047,-0.13248916,0.14211586,0.015380691,0.17120855,0.16693397,-0.022504289,0.2092479,0.36390024,-0.22646114,-0.08485051,0.54808164,-0.051985223,-0.5527102,-0.0061858236,-0.174432,0.12177076,0.41725636,-0.39055315,0.056097426,-0.39009413,-0.18706241,0.2558326,-0.5637582,0.04257966,-0.38951266,-0.0040678745,-0.18157694,-0.45036048,-0.17037435,-0.20201048,-0.5889331,-0.10745703,-0.40140003,-0.2614603,-0.37283330000000003,0.76176834,-0.2986864,-0.14902359,0.3405333,-0.16984105,0.016244726,0.44859925,0.2664013,0.24535704,-0.6972885999999999,-0.42943794,-0.12620519,0.62688214,0.5887598,0.028279867,-0.8160076,0.62872314,-0.069169365,-0.63212097,-0.010666093,0.10092075,-0.027728861,-0.7307321,-0.35537952,0.1978446,-0.25794202,-0.10890053,0.44887966,-0.50405043,-0.5832495,-0.39214462,-0.69796014,0.7528083000000001,0.19568792,0.42132622,-0.23704624,-0.22950725,-0.26465863,-0.38792259,0.061728604000000006,-0.038207524,-0.49602628,0.02489258,0.43727294,-0.35230009999999995,-0.19922407,0.14503232,0.19917755,0.20423822,0.36785242,0.3864228,-0.14588684,-0.05660541,0.46615815,-0.22472027,0.11826863,-0.0012847304,-0.22525787,0.15218835,-0.08763034,-0.021672547,0.25259322,-0.13509847,0.19431992,0.32214144,-0.15239106,0.40456304,-0.43070275,0.44025928,-0.12203403,-0.23355806,0.016481724,0.09982069,0.41195565,0.10005323599999999,-0.27081054,0.033870857000000004,0.78696233,-0.17388447,0.18778470000000003,-0.26933223,0.32655647,-0.00733926,0.16369906,-0.3976054,-0.3206127,-0.12878498,-0.2814551,-0.0752346,0.40323654,0.0025013327,0.22190316,0.20518582,0.044137675,-0.12229627,0.52269435,0.44773784,0.47347918,0.37298316,-0.08686441,-0.05831375,0.17372763,-0.44617063,0.1314669,-0.23389205,0.026411643,-0.18975131,-0.41873488,-0.26431993,-0.46818924,0.2902706,0.26405475,0.24690065,-0.28446859999999996,0.10860829,-0.47328043,-0.24040112,0.5030083,-0.28103894,0.28739125,0.027982775,0.51252943,-0.037862334,-0.21693525,-0.17155863,0.33662438,-0.28958076,0.1900311,0.03916167,-0.3898757,0.012294652,0.21700048,0.15096500000000002,-0.043759245,-0.1733068,0.20094652,-0.04267224,-0.03397084,-0.49655014,-0.18654790000000002,0.091400765,0.13337621,0.05987842,0.10057013,-0.15659578,0.15610072,-0.03557645,0.65345126,-0.3773107,-0.204761,-0.7251392,-0.11645658,0.115293756,-0.55498517,0.31845559999999995,0.33386153,0.5226857,-0.021435386,0.090044044,0.16681638,-0.15367976,-0.49202603,-0.047307037,0.2262768,-0.60544753,0.25244516,-0.5979883,-0.08585641,-0.44535464,0.21138342,0.0026694343,-0.36299565,-0.02122126,-0.32500762,-0.4920822,0.28509359999999995,-0.1447402,-0.25067297,0.29914927,0.34105796,-0.2813359,-0.31119886,-0.3832466,0.33414054,-0.648115,-0.14649160000000003,-0.61194336,-0.5594264,0.22718613,0.03339109,0.22812220000000002,0.22839233,-0.3888275,-0.047436316,-0.19261274,-0.13485196,-0.38275879999999995,-0.011711388,-0.3100797,-0.6352868,0.12442036,0.26209956,0.11743691,0.43925157,-0.39342433,0.42627,-0.243871,-0.17320694,-0.37273649999999997,-0.4165473,0.051267408,-0.44307327,-0.25448972,-0.60997635,-0.36049682,-0.22599670000000002,0.09079231,-0.23805873,0.11080664400000001,0.28085047,0.42350703,0.21080883,-0.091283284,-0.21649607,0.1709503,-0.55203015,0.036382806000000004,0.43591538,0.26280838,-0.56463295,0.1652461,0.21354070000000003,0.2402842,-0.44674248,0.4799811,-0.45777345,-0.014663997,-0.26545876,-0.18861124,-0.17687222,0.16361688,-0.34738222,-0.20967405,0.28946185,-0.19810417,-0.3665585,0.23936638,-0.32850695,-0.0844326,0.5816922,0.05219338,0.5286206,0.5899746,-0.02830733,0.13345374,0.007728131,-0.11595899999999999,0.5920181,0.2522297,0.3368824,0.10202398,0.27303582,0.08858369,-0.122060776,0.39148104,0.5115615,-0.34790787,-0.530107,0.7319963,0.50415933,-0.34515423,-0.03455729,-0.14002784,-0.5635170999999999,0.36345991,0.16290459,-0.32972080000000004,0.21894936,0.3367563,-0.048724104000000004,0.039627872,0.5777606,-0.22594018,-0.16139272,-0.0036250502000000004,0.6455859,-0.33055505,0.5887259,-0.083269194,0.517879,-0.2312736,-0.16075917,-0.14871787,0.48546629999999996,0.2557046,0.0165497,0.3076653,-0.050282337,0.43866977,0.529643,0.14252251,0.40298963,-0.35343617,0.29456303,0.35039753,0.26330656,0.5234502999999999,0.08367579,0.0915985,0.23510781,0.39032608,0.37044904,0.43303862,0.082454264,-0.15928845,0.4604558,0.13793771,-0.14004901,0.40780765,-0.9147341999999998,0.1695657,0.04475022,0.23924360000000003,-0.33810347,0.18343292,0.3134737,0.14387359,0.24156912,-0.36828417,-0.21157238,0.19436094,0.22608702,0.16382386,-0.6980518,-0.06198802,0.19031326,-0.032297425,0.18522087,-0.3340762,-0.2955728,-0.15362242,-0.3298521,-0.46907106,-0.27765894,0.17355655,-0.31087859999999995,0.06620492,0.065681666,0.09046445,0.081113584,0.19597892,-0.14566115,0.26783347,0.18964314,0.3106064,0.00021738707000000003,0.15079089,-0.26703992,-0.11273448,0.28693599,-0.032870043,-0.046977878,0.24597016,-0.049958978,-0.029447217999999997,-0.31234258,0.21633537,0.44665343,-0.8004154,0.19764893,-0.19880436,0.38187003,0.28363973,0.16117679999999998,0.01027167,0.29539073,-0.08259748,-0.32558864,-0.02035172,-0.04365978,-0.1927204,-0.33966820000000003,0.06090082,0.4031836,-0.23270066,0.34843048,-0.19103588,0.24520186,0.23946199,-0.38076259999999995,-0.089162566,-0.36633748,-0.18259363,0.11386339,-0.08732434,-0.15411612,-0.02127621,0.024744883,0.29813698,0.056150872000000004,0.5439970999999999,-0.35586935,-0.31172055,-0.20898637,-0.20158663,-0.29596993,0.21894228,-0.093187675,0.03415016,-0.49089605,-0.16124795,-0.079377234,0.11005948,-0.5996178000000001,0.056980975,-0.30735424
28,6,-0.12873289999999998,-0.007226125999999999,0.43534696,0.029527052999999998,0.4396195,-0.5438436,-0.110685274,0.66679996,-0.41327685,-0.47066998,0.13191715,-0.25142896,0.105404444,0.78134906,0.11232438,0.38071913,-0.14529419,-0.08426097,0.07928684,0.33674034,-0.022715041000000002,-0.23397768,0.056651544000000005,0.51891106,0.5394380999999999,-0.31161177,-0.2617983,0.042359203,-0.30175585,-0.114402935,0.31180388,-0.16297044,-0.5601996,-0.28757140000000003,0.14171147,0.23232904,-0.268305,-0.27919626,-0.41908476,0.33672258,-0.6125654,-0.19624767,0.45537135,0.11145215,-0.18980357,-0.283455,-0.0086979605,-0.09498248,0.36733025,-0.09510778,-0.35302690000000003,0.10660678,-0.04059705,-0.051150512,0.13161802,0.6097274,-0.03502326,-0.28096685,-0.56977767,-0.32451558,0.31520042,-0.13278973,-0.01166173,-0.64954776,0.28316188,0.36287323,0.06664120400000001,0.34983600000000004,-0.5359520000000001,-0.07229237,-0.23462474,-0.17091858,-0.25097856,0.055201836,-0.29889423,-0.108559005,-0.31365886,0.30905083,-0.07589169999999999,-0.32529250000000004,-0.14446872,0.56462735,-0.3445071,0.26174277,0.037792835,0.33250782,0.07541615,0.38360345,-0.5757477,0.61574864,-0.020928137,-0.3137543,0.06643637,0.31222692,0.32680413,-0.32276198,0.5340263000000001,0.08298042,-0.40997806,0.58813244,0.3038953,-0.4928623,0.08070125,-0.06237408,0.3348224,-0.09031877,0.040328592,0.06446798,0.14048712,0.25779736,-0.056105822,-0.13070597,-0.020293923000000002,-0.34674338,-0.41667572,0.32267815,0.002401656,0.050976228,0.21505214,0.037500687000000005,0.10125993,-0.120693065,-0.012353923000000001,0.78422916,-0.080149055,-0.09692803,-0.14087144,0.42051256,0.1975356,-0.26039112,-0.0041027577,0.30274594,0.262061,-0.43227515,-0.08911906,0.18241337,0.2861836,-0.24934565,-0.50420266,0.0595275,0.20806612,-0.26431578,0.6383705,-0.016873717,0.09358919,0.25836205,-0.040145565,-0.21788199,-0.19386876,0.14589845,-0.08802002,-0.11019534,-0.46910992,-0.03778265,-0.12277199,-0.08902633,-0.5734199999999999,0.39395738,-0.007569820600000001,0.16564643,0.5547003,-0.16867675,-0.065628774,0.24660403,-0.21013068,0.22955607,0.07340237,0.2765954,-0.29301609999999995,0.25375557,-0.26004738,0.04306644,0.46397029999999995,-0.11225263,0.025515923,-0.1428463,0.07893710000000001,0.21056731,0.19263805,0.07598352400000001,-0.76342285,0.08109789999999999,0.22164407,-0.562471,0.12998432,-0.39206573,0.25226432,-0.12608695,0.14677247,0.20261392,-0.22361177,-0.1643511,-0.3537853,-0.38010752,0.20053492,-0.64646775,-0.11632194,0.15112635,-0.38404390000000005,-0.02572257,0.34657845,0.18561494,0.14483172,0.033202607,-0.20883702,-0.010920362,0.073694855,-0.06461196,-0.004262040999999999,-0.037853785,-0.113389924,0.41350329999999996,0.018582951,-0.31413144,0.22591391,-0.086555235,0.056437254000000006,0.15209496,-0.1587897,-0.076158404,0.20294277,-0.16543451,0.05317486,0.36637932,0.12477568,0.81805754,0.009473794,-0.41674224,0.23591626,0.5961706999999999,0.05068492,-0.40232262,0.9816815999999999,-0.14694698,-0.17786442,0.048518818,-0.482757,-0.2546613,0.08873654,-0.26290196,-0.1769078,0.1485381,0.07909558,-0.012001116000000001,0.40428913,-0.38057894,-0.03475784,-0.04965447,-0.26050833,-0.40296885,-0.4803018,-0.6302357,0.0023023044,-0.32701979999999997,-0.23325752,-0.365543,-0.24772228,-0.08386895,-0.043411072,-0.14896569,0.43985614,0.0024175425,-0.46090606,0.24650761,-0.37353086,-0.4863432,-0.021332003,0.36525133,0.47252700000000003,0.18905166,0.11533442,-0.051386386,0.04016888,0.5613283,0.034274183,-0.021602971000000002,0.43693945,0.38614488,-0.085274756,-0.14391023,0.45658186,0.47148636,-0.30402383,0.07443216,-0.12614447,-0.11229799,0.07485531,0.107185684,-0.3135536,-0.29103909999999994,-0.20952569,-0.0071510575,-0.3848597,-0.2585235,0.45416009999999996,-0.14073968,0.071777195,0.15820666,0.23562577,-0.15297264,-0.08573259,-0.095994905,0.011361681,0.31307772,-0.26276165,0.26898855,-0.097812936,-0.42584014,-4.066726999999999,-0.24987815,0.15342750000000002,-0.23472252,0.03196197,-0.35024983,0.05070309,-0.002757732,-0.53304857,-0.08865313,-0.030978754,-0.34791565,0.2327063,0.06217305,-0.08761192,0.4013903,0.33910763,-0.16773295,0.114419445,0.7000926,-0.13600987,-0.73649824,0.033001695,-0.052815497,0.18509811,0.32845888,-0.62688786,-0.10207685,-0.1722299,-0.39729178,0.27588552,-0.38257070000000004,0.0674145,0.07085862,-0.018423954,0.013199678999999999,0.20041545,-0.44767879999999993,-0.10984108599999999,-0.34449434,-0.037703786,-0.52942353,0.18293102,0.11115561,1.083397,-0.47272995,-0.032827966,0.14067854,0.009172278,0.112016924,0.27394209999999997,-0.022537766,0.14022425,-0.32963914,-0.2322534,0.023303933,0.39722115,0.7413496999999999,-0.17212739999999999,-0.339602,0.23355494,-0.120836906,-0.30485450000000003,-0.02198367,-0.079566345,-0.4189741,-0.5246312,-0.020492613,0.13409844,-0.17514527,0.07450115,0.5202742,-0.30507475,-0.84360915,-0.10526063,-0.054019365,0.16082126,0.14522964,0.05499189,-0.38149855,-0.3218634,-0.48914552,0.13921168,0.059458844000000004,-0.15582117,-0.19751965,0.31324404,0.19886622,-0.25765967,-0.51066256,0.15441552,0.28657874,0.20583476,0.29666847,0.101953164,-0.1312825,0.3010975,0.23921874,0.071967386,-0.058774404,0.11925958,-0.09173118,0.11506703,0.29749182,-0.0002026479,0.018419359,-0.32898566,0.028085908,0.35508920000000005,-0.165233,0.44284144,-0.22380672,0.26476723,-0.10023612,-0.14159772,0.17217582,0.2663767,0.42357728,0.2044954,-0.36444783,-0.1769488,0.87118393,-0.27831417,-0.075587645,-0.59299207,0.1460269,-0.3398272,0.14555247,-0.22273453,-0.24537465,-0.22807784,-0.21747184,-0.17160870000000003,0.27968390000000004,0.09107689,-0.09647205,0.051841427,-0.25843748,0.2558944,0.039573662,0.35882196,0.37875512,0.14870922,-0.10784537,-0.19328114,0.34876490000000004,-0.1372698,0.15343957,-0.48435378,0.053137947000000005,-0.25324914,-0.18134463,-0.26018822,-0.41552259999999996,-0.07941289,0.054834917000000004,0.39913356,0.0050515146,0.21955387,-0.67377615,0.21454935,0.39090434,0.07724178,0.40624976,-0.0036603555,0.6396795999999999,0.12643404,-0.023982942,0.0011019391,0.25685304,-0.38586550000000003,-0.084417365,0.13699044,-0.5114746,0.0941562,0.18690178,-0.120011725,-0.33117664,-0.08882186,0.24539325,0.08160249,-0.33273852,-0.23610373,-0.010151716,0.4525373,0.22881986,0.06284827,-0.123267345,0.090481736,0.16997515,-0.13085523,0.4746275,-0.43557972,-0.028948143,-0.26405690000000004,-0.35411468,0.2252221,-0.63681626,0.031290684,0.054980735999999995,0.18003975,-0.13375087,-0.07575167,0.22654484,-0.11016638599999999,-0.060313378,-0.10463993,0.3235761,0.0843353,0.0064481865000000005,-0.5118678,-0.47442340000000005,-0.36500427,0.24540001,0.3119595,-0.22914898,0.26602978,-0.21167214,-0.42493045,0.6515531999999999,-0.032858454,-0.21571773,0.24323696,0.20920238,-0.31841716,-0.2426596,-0.23445112,0.15893254,-0.28946948,-0.28445327,-0.44845843,-0.48821590000000004,0.27610087,0.06552094,-0.018001933,0.29137802,-0.3183913,-0.21121627,0.121574275,-0.3613356,-0.32013270000000005,-0.039808854,-0.1344749,-0.46856287,-0.0844975,-0.1280761,-0.09971446,0.48489022,-0.24820810000000001,0.49257700000000004,-0.25655976,-0.117876895,-0.10203056,-0.5570473000000001,0.45921320000000004,-0.35760525,-0.2888239,-0.09822368,-0.66793585,-0.26207826,-0.083797805,-0.28359765,0.14253505,0.22985628,0.41122162,0.17590538,-0.18213177,0.03977771,0.31080145,-0.45117635,-0.19683243,0.24698594,0.14563918,-0.28091732,-0.018559918,-0.044391647,0.13617468,-0.33257672,0.08239646,-0.31424356,-0.30134058,-0.2966144,0.009936863,-0.21718413,0.52922547,-0.2109627,-0.45932215,0.10262713,0.03282389,-0.17383143,0.055145226,0.11309646,-0.18545415,0.2897905,0.1088698,0.23704125,0.95676476,-0.3742132,0.022829521000000002,0.34113237,0.08734818,0.26980963,0.22883238,0.09441699,-0.07471272,0.41175592,0.25668338,-0.35117990000000004,0.07788378,0.4336673,-0.09148317,-0.30609617,0.5130272,0.528255,-0.23253524,-0.2802389,-0.05857774,-0.34369352,0.042543515999999997,-0.08773295,-0.00619728,-0.25939578,0.45343459999999997,-0.17788407,0.09682145,0.30973458,-0.13183391,-0.25157452,-0.32281283,0.26707703,0.1260116,0.44178227,-0.27686295,0.66750646,-0.29126105,-0.182543,-0.039265233999999996,0.27707329999999997,0.30345905,0.004598109,0.10286716,0.19805509,0.69275475,0.3481073,0.33100572,0.0034110784000000002,-0.083919756,0.23992398,0.45332380000000005,0.3441504,0.24976978,0.18129294,-0.085146695,0.18662493,0.31329358,0.26633385,0.24016552,0.17863439,0.01669809,0.9310006,0.51386255,0.37423140000000005,0.49475244,-1.024281,-0.111086555,-0.11748681,0.34956154,-0.32853937,-0.13387856,-0.19818132,0.12437181,0.005846049,-0.17276093,-0.2355589,-0.039578747000000004,0.53692704,-0.07442399,-0.01220174,-0.10334422,0.38860556,-0.0058143367000000005,0.31034076,-0.44474566,0.11851514,-0.10035337,-0.46081766,-0.12344707,-0.048842,-0.124959424,-0.16059363,-0.13192797,-0.16880776,0.18628816,-0.0324274,0.26584166,-0.2903882,0.32639393,0.32395098,0.48922852,0.20175369,0.22032675,-0.2935354,-0.12792805,0.19931689,0.2563916,0.14973578,-0.2221842,0.13867176,-0.49828053,-0.36596915,0.44854322,0.46032685,-0.66691095,0.10664999,-0.24160124,-0.20699671,0.13173610000000002,0.1621257,-0.045417484,-0.18896319,-0.34901127,-0.33230233,0.050909787000000005,-0.03029325,-0.17590672,-0.025281803999999998,0.084128946,0.42733282,-0.14360783,0.3098295,0.174879,-0.0103654275,0.29492270000000004,-0.15625304,-0.19912526,-0.54515105,-0.54619026,-0.0898703,-0.12817487,-0.033916395,0.07013156,0.35924545,0.09117478,-0.07789460599999999,0.43915308,-0.31890949999999996,-0.30190802,0.0041439496,-0.18501638,-0.36675292,-0.17999208,0.06109728,-0.122712515,-0.2779689,-0.070999555,-0.2696157,0.16757874,-0.25210735,0.35305467,-0.34152535
29,6,-0.52560455,0.092027925,0.17509066,-0.10062985,0.29753074,-0.16162911,-0.17303656,0.56081,0.062305953,-0.4573846,0.2688164,-0.37579656,0.27634200000000003,0.56981534,0.14328578,0.48748335,0.10402167,0.18398914,0.018496396000000002,0.22860564,-0.10530209,-0.51453525,0.42032218,0.806565,0.4320535,-0.029756078,0.05620167,-0.17362593,-0.2961237,0.041662566,0.47033400000000003,0.122447796,-0.22804832,-0.39751294,0.1275466,0.035874777000000004,-0.28955257,-0.22361584,-0.22014628,0.18277879,-0.6064595,-0.22671425,0.113909416,0.16621341,-0.32147977,-0.47708023,-0.39264873,-0.14489652,0.16719773,0.047823418,-0.49467048,-0.17728668,-0.15573555,-0.26478902,0.16016823,0.668937,0.01336654,-0.49869004,-0.27642659999999997,-0.3920728,0.35181758,-0.037753567,-0.006346818000000001,-0.42425504,0.12615357,0.10172566,0.10441851,0.43170509999999995,-0.71273446,0.0011524187,-0.21414226,-0.0031677906,-0.10068098,0.07724556,-0.49092087,-0.08739026,-0.29204285,0.35639447,-0.11940324,-0.121984676,-0.065684535,0.085804746,-0.3071547,0.31653273,0.028980917999999998,0.50591356,0.31402308,0.13429938,-0.17295654,0.7375819,0.16821401,-0.28818274,0.24251445,0.043075535,0.19716553,-0.1098135,0.24174888,0.05262316,-0.38331053,0.39229727,0.34266132,-0.19563925,-0.019762797,-0.2417215,0.103868775,0.079842225,0.16455032,0.11052603,-0.066533566,0.10083763,0.08148609,-0.23497254,-0.12311617,-0.41034675,-0.07226962,0.23781072,-0.1915746,0.12185594400000001,0.14070652,-0.14171052,0.27074940000000003,0.20494926,-0.11371941,0.9209973,-0.09447094,-0.20398632,-0.20379184,0.42632744,0.029099938,-0.26643372,-0.11999474,0.019103639,0.004682329,-0.26347867,-0.038952664,0.26683933,0.09789017,-0.35365424,-0.11919832,0.0086773755,0.052900102000000004,-0.33980140000000003,0.47173956,-0.26929945,-0.042185385,-0.2259444,0.23982407,-0.060829155,-0.29272726,0.053068154000000006,0.008571176,-0.10028364,-0.36845959999999994,-0.041747794,-0.19452734,-0.21327831,-0.11979574,0.22887982,-0.19715813,-0.00938104,0.11425285,-0.102362186,-0.0064587328,0.22403850000000003,-0.18401474,-0.03785306,0.17404112,0.024126052999999998,-0.37953034,0.07771768,0.056391496,0.10721808,0.667667,-0.16219775,0.09908602,-0.2256058,0.16877392,-0.032977365,-0.10459494,0.30555803,-0.5275196,0.11124968,0.104485095,-0.13093479,0.1818945,-0.23341203,-0.16483422,-0.15559752,0.24269706,-0.08239673,0.0010856461999999999,-0.019455148000000002,-0.14931919,-0.05459855,-0.14861228,-0.32783765,0.054365683,0.17544447,-0.36662075,-0.14751826,0.07768612,0.15582989,-0.037241075,0.16104367,-0.22431381,-0.2513224,0.051043686,-0.1484196,0.05035114,0.08800467,0.06297332,0.08258473,0.051482636,-0.098234944,0.030429155,-0.0038567733,0.1221018,-0.13703921,-0.05440366,0.005288881,0.34641020000000006,-0.062174417,-0.03083446,0.22633831,-0.33124527,0.5122041,-0.01897658,-0.7642177,0.0037775831,0.67475533,0.059335012,-0.4886899,0.5769758,-0.42728879999999997,-0.24377510000000002,0.13312869,-0.694863,-0.15230164,0.27873084,-0.09548188,-0.18859813,0.59672195,-0.03877279,0.25827676,0.4062511,-0.2560311,-0.032975685,-0.10732229,-0.19582622,-0.39360982,-0.7095604999999999,-0.46479568,0.032002322,-0.3553873,0.090224214,-0.63692594,0.020982217,-0.26014134,0.14622314,-0.29280716,0.4780214,-0.008683747,-0.10424548,0.14935598,-0.14187384,-0.48685884,-0.07936637,0.05494837,0.29925174,0.1584257,-0.032733325,0.37867817,0.24632233,0.43950716,-0.10885855,0.14964074,0.23193665,0.1989505,-0.040691923,-0.06664658,0.27981433,0.33945104,-0.23402317,-0.18896762,-0.29137766,0.07930523,0.33184248,-0.026403021000000002,-0.19519459,-0.1888649,0.022754434,-0.15029992,-0.54977626,-0.08362898,0.15564908,-0.007847661,-0.09168034,0.45717385,0.012216496,-0.10083023,-0.44077864,-0.03508097,0.0858982,0.25603306,-0.23267262,0.087717175,-0.08441674,-0.3293462,-4.2657394,-0.0015467522,-0.084823444,-0.1638557,0.38812694,-0.24421714,-0.03235481,-0.04130182,-0.39964977,0.16305906,0.15090236,0.02967733,0.11945359,0.14104216,0.03641315,0.5038081,0.13575610000000002,-0.043675702000000004,0.14716479999999998,0.2954388,-0.1194693,-0.83986616,0.20593251,-0.14587785,0.30156225,0.264787,-0.57971966,-0.11270515,-0.26251146,-0.23327884,-0.06104215599999999,-0.23428719,-0.049381677,0.18317874,0.22023693,-0.20232923,0.028212985,-0.1964943,-0.041623823,-0.44130699999999995,0.13880357,-0.41861838,-0.007247701800000001,0.14578952,0.70707965,-0.21040794,0.12394894,-0.029522132000000003,0.131173,0.032519825,0.13367912,-0.08410936,-0.35356757,-0.27300963,-0.13759616,-0.30300468,0.27650794,0.40920213,-0.13471961,-0.0011307272,-0.04647326,-0.10938647,-0.8609457,0.12016310000000001,-0.15970396,-0.015273643,-0.62858623,-0.20518264,0.08749356,-0.05640768,0.19369623,0.658176,-0.1384997,-0.71239406,-0.12432464,-0.54901576,0.37351587,-0.08036112,0.007453643,-0.2389643,-0.1877647,-0.14237578,0.24392669,-0.041060900000000004,-0.14435096,-0.1948748,0.13691722,-0.03317333,-0.2920453,-0.5261093000000001,0.12742607,0.086768344,0.48967520000000003,0.14196745,0.124570355,-0.14593522,0.33908105,0.18738744,-0.022630422999999997,-0.22667655,0.1521158,0.18310101,0.13918933,-0.011623403000000001,-0.017948462,-0.011132651,-0.2637244,-0.0092321355,0.50568205,-0.24165425,0.46258307,-0.31709367,0.24224193,-0.20249869,-0.12266453,0.07096221,0.03986985,0.43819594,0.045073234000000004,-0.20516056,0.08187539999999999,0.6193988,-0.079977706,0.18504223,-0.45980433,0.020242738,-0.43853059999999994,0.44585153,-0.17616002,-0.32371035,-0.28329954,-0.28763682,-0.1286033,0.3092045,0.024008231,0.19944297,-0.16358216,-0.21326818,-0.13834456,-0.049977887,0.27173334,0.6251559,0.19283816,-0.09254109,0.12798864,0.24657044,0.009355918000000001,0.3056001,-0.3120791,0.2484388,-0.18023106,-0.45258307,-0.07101671,-0.3833507,0.13419117,0.25748524,0.42499518,-0.045319483,-0.095171824,-0.41071543,0.2762518,0.36529616,0.28584203,0.12822181,0.20933586,0.6033451999999999,0.13484256,-0.1452207,0.049717464,0.12386481,-0.044602547,-0.08536095,0.0035545253000000003,-0.79323965,0.035760406,0.4179532,0.26404595,-0.02664534,-0.013665736000000001,0.2806383,0.15506005,-0.06603049,-0.46308753,0.28892523,0.45243567,0.29554054,0.07779029,-0.46873918,0.20100358,0.18163612,0.015425728,0.43560404,-0.07693403,-0.06307794,-0.101342835,-0.1270212,0.24834016,-0.19160506,-0.13781112,-0.0019928385,0.08237389,-0.025773546,-0.17514636,0.2076051,0.03415356,-0.09393411,0.1587565,0.22989562,0.14279124,0.08386233400000001,-0.4606183,-0.28906804,-0.24168538,0.509761,0.19460943,-0.2681554,0.07594457,-0.08009433,-0.38772434,0.29032817,-0.06593985,-0.41323279999999996,0.26597145,-0.11664189999999999,-0.22316566,0.033024285,-0.0070158658,0.22535282,-0.2221539,-0.33508307,-0.21760242,-0.7159224000000001,0.26998445,-0.07307280599999999,-0.041292213,0.51380825,0.055429697,-0.5613173,0.35100487,-0.21047203,-0.3127276,0.056200944,-0.09787655599999999,-0.42990133,-0.18774965,-0.09431255599999999,0.045094132,0.45343003,-0.19184953,0.4735758,-0.29459143,-0.07294243,0.12155779,-0.33034596,0.39415166,-0.32661948,-0.33085042,-0.07721709,-0.83833957,-0.31681144,-0.14842303,-0.30382216,-0.066325806,0.18539527,0.1578829,0.21805692,-0.09386865,-0.10607695,-0.0042164666,-0.40165159999999994,-0.010696943,0.056668893,0.16820204,-0.21808818,0.14970131,-0.04149591,0.18433262,-0.40655905,-0.019653695,-0.00080080156,-0.27569040000000006,-0.34703463,0.30017698,-0.24701351,0.47514695,-0.18624759,-0.7506645000000001,0.11870710000000001,-0.059790737999999996,-0.11504797,0.3486985,-0.26770383,0.11456498,0.12791927,-0.3251387,0.14823456,0.8669988999999999,-0.2719895,0.14523868,0.21255127,-0.036970314,0.28557077,0.24885704,-0.16318512,-0.26989675,0.3171536,0.026577907,-0.39543146,-0.16809225,-0.22182113,-0.05688817,-0.6811279,0.68706465,0.43010882,-0.34990472,-0.0448093,-0.37117857,-0.2227448,0.26861003,-0.13616437,0.026235636,0.06442926,0.35441977,-0.12747394,0.42890427,0.61414707,-0.2628804,-0.26756674,0.021869674,0.18043773,-0.03216098,0.1586444,-0.31814092,0.52456987,-0.09264246,0.19136335,-0.07117944,0.11652538,0.0011944880999999999,0.042007435,0.06797578,0.13044818,0.39791435,0.34207773,0.30724818,0.09938482,0.30429205,0.09852072,0.48953090000000005,0.35147524,0.5103442,-0.13269152,0.061633605999999994,0.32365218,0.18821332,0.07903377,0.24839827,0.27441102,0.056791928,0.9324511000000001,0.2109127,0.2997249,0.66431373,-0.734838,-0.07033367,-0.20427313,0.56989384,-0.3391073,-0.18775111,0.12323826,-0.099700764,0.010025367,-0.10529341,-0.22828579,0.056873024,0.3502384,-0.12921597,-0.13413677,-0.054114573,0.6236577,-0.10783417,-0.05490101,-0.33936700000000003,0.0754485,0.014667688,-0.056424525,-0.14941517,0.10977290599999999,-0.4485031,-0.25240582,-0.06968044,-0.078547135,0.23213431,0.1442957,0.14822926,-0.061626814,0.42213652,0.42566237,0.30316183,0.33535522,0.16626711,-0.31924787,-0.16403779999999998,0.28725459999999997,0.44850275,-0.19953486,-0.27520704,0.18641876,-0.17160676,0.008585538,0.038302287000000004,0.20068544,-0.43435097,0.073669635,-0.009459526999999999,0.02723855,0.116318345,0.264394,-0.048310958,-0.010480376999999999,-0.06398085,-0.20713189,0.17346574,-0.12350955599999999,-0.31519282,-0.17087714,0.29242456,0.36743706,-0.06291346,0.2167456,-0.19931348,0.023413552,0.16828413,0.20448232,-0.13470934,-0.63818836,-0.49150217,-0.06063547,-0.0716844,0.07130117,0.11650871,0.27773288,-0.024448551000000002,-0.15253887,0.570399,-0.17884517,-0.2885292,-0.3331558,-0.03366048,-0.23428166,-0.17396212,-0.17669389,0.116817035,-0.22148903,0.08273098599999999,-0.3752765,0.041767333,-0.29526982,0.21997784,-0.54854023
30,6,-0.19046076,0.13841863,0.5328435,0.053836722000000004,0.18953213,-0.16413338,0.007855089,0.39342204,-0.015563553,-0.5896519,0.23677157,-0.39088163,0.25026129999999996,0.5267808,0.35203254,0.46568690000000007,0.018314208999999998,0.23843639,0.060438167,0.16433027,-0.025754173999999998,-0.37294513,0.30498943,0.8132866,0.24549027,-0.056670785,-0.07345632,-0.0053229043,0.017634315,-0.05691718,0.5305569,0.039872635,-0.1830383,-0.39373459999999993,0.06709951,0.26025164,-0.3558568,-0.030807822999999998,-0.051238973,0.1889379,-0.7007135,-0.27990758,0.06292772,0.10375873,-0.28065258,-0.38194823,-0.23440664,-0.21691334,0.29930025,0.14548899,-0.49907142,0.0044722524,-0.35127178,-0.27861777,0.12228998,0.66072613,-0.039011918,-0.3802426,-0.5859871,-0.3109861,0.20153432,-0.18010654,-0.15205762,-0.53611076,0.15538816,0.02642546,0.101333134,0.3840527,-0.73958814,-0.102228075,-0.13774227,0.038141657,-0.13896279,0.19997108,-0.5430829,-0.13519135,-0.33184096,0.25452283,0.14104909,-0.18373178,-0.22314191,0.14711218,-0.52029914,0.5068825,0.019395247,0.40187323,0.3702991,0.30141434,-0.22741498,0.7505001,0.28803006,-0.34058649999999996,0.21256085,0.02032539,0.25074336,-0.068599544,0.37127256,-0.13128728,-0.35424155,0.43580216,0.2830506,-0.19427360000000002,-0.060080762999999995,-0.35208267,0.18995084,-0.115236685,0.110026866,0.15603131,-0.04232868,0.08961372,0.020262165,-0.304721,-0.18308613,-0.2684587,-0.11883341,0.20724474,0.08257509,0.06889283,0.16831277,-0.009185954,0.18938588,0.19119345,-0.04720104,1.0399479999999999,-0.16805781,-0.06231977,-0.4652929,0.38450587,0.06448194,-0.047690958,0.09045919,-0.042247728,-0.13332360000000001,-0.51226026,0.0023201985999999996,0.17069133,0.043419674000000005,-0.17199975,-0.14627974,0.009629913,0.07359901,-0.33147916,0.62374866,-0.08446322,0.11938102,0.1262974,0.11738053,-0.16639793,-0.23718607,0.05672394,-0.08933188,0.033501755,-0.15000238,-0.12821989,-0.11165629,-0.09196012,-0.27923167,0.25365788,-0.11750507,-0.035190135,0.16329901,-0.033134077000000005,-0.0346355,0.13738874,-0.32512787,-0.030021667000000002,0.15423526,0.26643140000000004,-0.24178375,0.2586948,0.056847997000000004,-0.053060107,0.46055964,-0.22908379,0.3744484,-0.2680012,0.15789413,-0.0052075274,-0.006208641,0.23369102,-0.47158593,0.3062009,0.01714108,-0.16802822,0.31538776,-0.06648297,0.17374657,-0.08389668,0.20150682,-0.02720671,-0.17899077,-0.19219886,-0.17619322,-0.016388437,0.2116015,-0.58955044,-0.063231565,0.36485875,-0.42306688,-0.26842222,0.14431518,0.30025366,-0.085617036,0.121743545,-0.52696764,-0.2793962,0.07297655,-0.30669346,-0.096966855,0.0143909,0.024786900000000004,0.17658135,0.1474385,-0.17658132,0.013236215,-0.052272797,-0.13215935,0.18053381,-0.1926626,-0.12715623,0.48784609999999995,-0.071597755,-0.15430534,0.35397524,-0.02884126,0.6406065,-0.01636954,-0.9550953000000001,0.24809588,0.34897557,0.077270195,-0.31018520000000005,0.6631826,-0.4224755,-0.15539257,0.071741074,-0.5668546,-0.31097126,0.13097374,-0.2522761,-0.29478940000000003,0.47374269999999996,-0.0860187,0.0018443806,0.39247600000000005,-0.3771468,-0.279385,-0.17239720000000003,-0.11905099,-0.29792956,-0.5633859999999999,-0.37535396,-0.23436731,-0.150944,0.08161769,-0.39543444,-0.0576405,-0.23734070000000002,-0.09768916,-0.09708499,0.3222607,0.066081345,-0.11123032,0.06240026,-0.004877935999999999,-0.65969706,-0.17079999,0.19509351,0.45393854,0.10524033,0.20103395,0.33532915,0.09107189,0.45464670000000007,0.01694641,-0.21697378,0.21238182,0.23243065,0.054603152,-0.023752864,0.31179768,0.037332300000000006,-0.11949617,-0.20101646,-0.08648324,0.011032846,0.2674304,0.11496979,-0.36976472,-0.017261336999999998,-0.011512561999999999,0.033549663,-0.40910348,-0.25899887,0.41637516,-0.046748727999999996,0.077678226,0.40128359999999996,0.037552916,-0.07186892,-0.30456612,0.10008923,0.10692802,0.020198874,-0.15878865,0.1505898,0.013116764,-0.46820098,-4.317862,-0.14029662,-0.10471459,-0.19805911,0.27922627,-0.13532598,0.09817869,-0.014646389,-0.30358475,0.09284657,0.1386595,0.0032349578000000004,0.28318483,0.013441661,-0.08210767,0.5022115,0.2885773,-0.114769146,0.082178034,0.23703393,-0.057186045,-0.8478962,0.13952343,-0.078034036,0.11694158,0.25452965,-0.47072625,0.043357663,-0.24195175,-0.20472029,0.24873465,-0.25321814,-0.015278835,0.10844151,0.14548843,-0.21315634,-0.030338878,-0.248991,-0.32493562,-0.43005943,0.06789656,-0.57445693,-0.043488752,-0.08964695,0.7239661999999999,-0.45664259999999995,0.08154457,0.34578064,-0.026907273,-0.0008715353,0.180874,-0.09781254,-0.14194044,-0.38000563,-0.19435379,-0.19045241,0.49789655,0.5486006,-0.19490896,-0.03400505,0.085759856,-0.12420944,-0.79721355,0.0018187593,-0.11795335,-0.012823728000000001,-0.7276640999999999,-0.30304012,-0.10856397400000001,-0.24331199,0.0007723861,0.36885840000000003,-0.31839709999999993,-0.51129913,-0.12281030400000001,-0.5406102,0.5710856,-0.032135893,0.047733158,-0.32767909999999995,-0.28399268,-0.25717664,0.09694115,0.06448931,0.0225232,-0.14532866,0.1657721,-0.071854666,-0.20676799999999998,-0.5063536,0.17378291,0.07370964,0.47129273,0.21806253,0.22190343,-0.1918125,0.18762149,0.21021682,-0.23448087,-0.27696836,0.066231176,0.13208869,0.31909737,-0.07004393,0.03937602,0.09907328,-0.19900836,-0.05451004,0.33285496,-0.20883952,0.33540213,-0.20746066,0.26891729999999997,-0.15343937,-0.15430355,-0.009477097,0.0090954825,0.5402387,0.07178223,-0.42311072,0.069313005,0.6617164000000001,-0.12661777,0.07556836,-0.5124531,0.08242657,-0.33504346,0.47201243,-0.23163442,-0.28425762,-0.13201407,-0.1637085,-0.20198844,0.390414,0.08492149,-0.024530927,-0.11268761,-0.35464670000000004,-0.17833556,0.18426141,0.16842616,0.65299004,0.23218612,-0.079364575,0.14858449,0.15843602,-0.17491223,0.17606997,-0.28806415,0.27982986,-0.35932459999999994,-0.30651885,-0.29297295,-0.3461172,0.15801981,0.38650987,0.34901848,-0.13027176,0.06200837,-0.5003978,0.10655546,0.34519258,0.12386923,0.18252632,-0.02131013,0.665763,-0.08290432,-0.15103370000000002,-0.0633556,0.15403584,-0.14652872,0.096714206,-0.04000893,-0.5711184,-0.002224524,0.38657212,0.15907107,-0.18516947,-0.10322095,0.26529175,0.05512715,-0.035404727000000004,-0.2500459,0.20190033,0.38679928,0.24966903,0.20041913,-0.35431463,0.15666072,0.17145184,-0.019756842,0.48039538,-0.04930391,0.032350652,-0.22859679,-0.031409364,0.12927164,-0.31759006,0.028196065,-0.121420056,0.14349881,-0.03831682,-0.10553287,0.26462325,-0.035700723999999996,-0.49508515,0.070028715,0.24131279,-0.16968292,0.22039737,-0.44834396,-0.31515762,-0.2070768,0.32519087,0.13412431,-0.29185727,0.014541198500000001,-0.09844221,-0.48527659999999995,0.39210853,0.061303742,-0.26069580000000003,0.34179428,0.20027056,-0.35687855,-0.06117515,0.02026557,0.39958587,-0.32475647,-0.10836575,-0.21932839,-0.82229716,0.07340077,0.058221555999999994,-0.17042054,0.42322233,-0.1197028,-0.59438074,0.15970263,-0.16490775,-0.4201785,-0.02478901,-0.15860146,-0.5159603,-0.08423701,0.08530045,-0.015516805,0.4319481,-0.081443,0.37242815,-0.33736035,-0.10864147,0.019118933,-0.38525662,0.41006157,-0.11309973,-0.32388392,-0.25570697,-0.6169911,-0.33544728,-0.1800021,-0.26724580000000003,-0.06179029,0.2071006,0.37239462,0.016194131,-0.081084095,-0.21207272,0.05463876,-0.44777128,0.018724851,-0.018666916000000002,0.059336163,-0.24476385,0.22663768,-0.099250175,0.19942619,-0.5639413000000001,0.4044994,-0.14947423,-0.33232942,-0.32922602,0.14192234,0.04340621,0.27697706,-0.38654742,-0.34548804,0.16082588,0.24988641,-0.07138825,0.25707692,-0.17856465,-0.04904372,0.24489114,-0.26386709999999997,0.32294515,0.67044455,-0.19811228,0.30493233,0.20771128,0.07014883,0.43328458,0.23259994,-0.03197028,-0.10289177,0.45485990000000004,-0.02881725,-0.30516747,-0.012592596999999999,-0.1508894,-0.14360124,-0.5229472,0.720783,0.4486959,-0.23675783,0.019640503,-0.3123835,-0.19346766,0.054452263,-0.13884254,-0.11279002,0.13433029999999999,0.48330045,-0.1280047,0.24930727,0.5360792,-0.33796355,-0.2657217,0.044756193,0.46956497,-0.022287968999999998,0.34504384,-0.2508003,0.5117294,-0.03048879,0.10520622,-0.21738552,0.039318655,0.08485428,0.043065183,0.29131174,0.017961627,0.5439048000000001,0.35049450000000004,0.26593056,0.26496962,0.15319543,0.25176555,0.46709259999999997,0.34285129999999997,0.44122654,0.069563195,0.07423127,0.09087822599999999,0.14456266,0.120152496,0.19438499,0.42796993,0.03546038,0.8224533000000002,0.046631884000000005,0.12127042,0.55020183,-0.6984135,-0.25423,-0.032231536,0.57520497,-0.2831518,-0.10594099,0.11955365,-0.27857940000000003,0.055617638,-0.37063670000000004,-0.23237875,-0.08290014,0.21785314,-0.17048247,-0.3527544,-0.0039718277000000005,0.30058438,-0.08381276,0.0006576803999999999,-0.30980006,-0.06969864,-0.1292918,-0.04518914,-0.21499977,-0.042625036,-0.15468942,-0.29060134,-0.11984983,0.19667894,0.48278782,-0.016916418,0.053757407,-0.13919395,0.4315818,0.13105693,0.39258456,0.23556276,0.047475837,-0.30987570000000003,-0.12385396,0.23514257,0.32485393,0.023054147,-0.07071459,0.10334621,-0.096180335,-0.18718575,0.21719319,0.3908518,-0.39548895,0.09875542,-0.052662507000000004,0.19549403,0.03980727,0.37499878,-0.13524196,0.016912501,-0.11905219,-0.23040052,0.22441198,-0.37648124,-0.28862637,-0.23595873,0.29053235,0.38089759999999995,-0.070722505,0.30858907,-0.21425514,0.319943,0.024264043,0.004513878,-0.28015384,-0.37130627,-0.20725574,-8.5547734e-05,-0.09803689,0.22587056,0.21540274,0.34589899999999996,0.12125551,-0.06606482,0.5464108,-0.4243686,-0.2581845,-0.23207857,-0.18345311,-0.15401366,-0.14253110000000002,-0.10792434,0.2599328,-0.3575757,0.13549733,-0.08357401,-0.07892906,-0.26566276,0.11426186599999999,-0.41655937
31,6,-0.16149834,0.25807562,0.5894163,-0.01992912,0.39484107,-0.24608119,0.16523433,0.6418229999999999,-0.055150785,-0.68578446,0.16559133,-0.58681214,0.1636805,0.82298464,0.269383,0.40906402,0.10804584,0.016934678,-0.030847369,0.22987853,-0.16155052,-0.42411459999999995,0.042418044,0.8687238000000002,0.5311585999999999,-0.018801544,-0.1474319,0.327013,-0.20416947,-0.16518706,0.72226197,-0.027063677,-0.25809285,-0.40075284,0.015985351000000002,0.26693684,-0.46497706,-0.1513276,-0.24665715,0.101783946,-0.69374955,-0.27751762,0.09008651,-0.02728824,-0.31406072,-0.4894214,-0.030301921000000002,-0.14113386,0.13482470000000002,0.12688313,-0.32158437,0.09445161,-0.45873144,-0.210283,0.1454595,0.6811727,-0.09975607,-0.3345473,-0.7001765,-0.36116934,0.06239821,-0.1988208,0.09427336,-0.621193,0.38929987,0.21813752,0.13070753,0.34368238,-0.48216906,-0.13618943,-0.23344105,-0.15305082,-0.27441874,0.37532014,-0.5347368,-0.25395608,-0.42806873,0.22547889,0.1667854,-0.14782521,-0.42306823,0.3332463,-0.57164127,0.5841354000000001,0.109040536,0.69419974,0.16320789,0.3657777,-0.31881079999999995,0.6790013,0.31052262,-0.28151572,-0.07891598,0.17087436,0.39066547,-0.25330874,0.6059416999999999,-0.23340254,-0.4359595,0.62628376,0.38664046,-0.42251045,-0.041699346,-0.34708387,0.2701686,-0.029681092000000003,0.21083865,0.0131236,0.06741380000000001,0.13249403,-0.11771749999999999,-0.3639172,-0.26688078,-0.14104742,-0.18402733,0.3339081,0.10328677,0.0056514465,0.069538616,-0.03683831,-0.044917202999999996,0.014809973999999998,0.06325533,1.162185,-0.10816769999999999,-0.11800565,-0.50839615,0.20148419,0.07679077,-0.23800483,0.30789798,0.23353413,-0.08354464,-0.6632248000000001,-0.22203067,0.36371595,0.07902281,-0.32328203,-0.40775034,0.22091737,0.15972663,-0.19475505,0.8090984999999999,-0.08735266,0.07687597,0.09594711,0.10837907,-0.08701329,-0.030808045,-0.1339253,0.10334182,0.09912671,-0.34328400000000003,-0.22991316,-0.065751486,0.23255877,-0.6161745,0.3560692,-0.03773685,0.086016245,0.21548244,-0.06336475,-0.016195543,0.20203885,-0.38411096,0.064922124,0.022060297000000003,0.54518515,-0.3101952,0.20718807,0.11088671,-0.25974122,0.41495390000000004,0.009592581,0.24996498,-0.29958229999999997,0.19986846,0.113901205,-0.10589574,0.11771688599999999,-0.56623536,0.22680919,-0.16349612,-0.26528573,0.40022603,-0.30415106,0.237659,0.042397447000000005,0.11479784,0.10133823,-0.38776538,-0.098066874,-0.05952519,-0.16249195,0.23169135,-0.7473873000000001,-0.25495794,0.047599953,-0.33272818,-0.21956731,-0.07910700000000001,0.3571002,0.023437344,0.10270149,-0.48362306,-0.27418062,0.065650195,-0.27220923,-0.08812633,0.06280485,-0.23356839,0.032208163,0.18022907,-0.2643688,0.09994976,-0.18204427,-0.1249155,0.25682074,-0.24284466,-0.040545296,0.48322317,-0.077590555,-0.18594067,0.4215057,0.08542309,0.5133038,-0.08608049,-0.6794816,0.343683,0.4372472,0.15057743,-0.38564667,0.7982029,-0.16206576,-0.18734851,0.1855994,-0.44636053,-0.28079265,-0.026871186000000002,-0.33260116,-0.3825706,0.17746710000000002,-0.15923305,0.18240134,0.5426491,-0.26367828,-0.57231337,-0.34021476,-0.07185372,-0.12726101,-0.5434223000000001,-0.40500405,-0.090319104,-0.06464528,0.03543014,-0.50753576,-0.11948789,-0.22455078,-0.11637687,-0.068527184,0.27695385,-0.024700767999999998,-0.22799458,0.06737441599999999,-0.016674723,-0.5923875,-0.11150981,0.05542637,0.19006023,0.14648236,0.19580576,0.08820883,0.060766995,0.56589603,0.015864646,-0.3068895,0.20074204,0.41045097,-0.10755588,-0.12457605,0.36534533,0.20291767,-0.24930617,-0.07488225400000001,0.13375024,0.011463055,0.21458274,0.011476202,-0.4122977,0.009734029,-0.11311756,0.0076996475,-0.40991482,-0.31074184,0.5985714,-0.23790637,-0.03011234,0.29576468,0.051599905,-0.1486058,-0.15666316,0.072952665,0.47059542,-0.01955897,-0.11194449,0.24692309,0.15187213,-0.39907023,-4.0086512999999995,-0.10641772,0.031682044,-0.107227355,0.3813037,-0.033811655,0.39085197,-0.15930444,-0.39547583,-0.15731473,0.0007735051,-0.06767019,0.42815876,-0.19459525,0.0900265,0.18957505,0.3578599,-0.07898859,-0.06778497,0.5514935999999999,0.036103036,-0.8756646,0.1956504,-0.0471268,-0.028630927,-0.12864311,-0.39773992,-0.11721896400000001,-0.31997659999999994,-0.16316754,0.37876913,-0.38442454,0.04277368,0.090029545,0.15797107,-0.17153348,-0.048348613,-0.08125705,-0.21088283,-0.5703436,0.10198753,-0.37429005,-0.16396529999999998,-0.33795303,0.83531743,-0.49089970000000005,0.20065002,0.36836264,-0.32326609999999995,0.17932217,0.31777808,-0.09937231,0.044676624000000005,-0.6093293000000001,-0.4788884,-0.16080989,0.48996508,0.42793519999999996,-0.13460737,-0.3747232,0.25567725,0.044974633,-0.8407334999999999,-0.15636270000000002,-0.12021917,0.10690575,-0.6978768,-0.65356743,0.15068547,-0.017077906,0.10322871,0.42537829999999993,-0.23891844,-0.5285148000000001,-0.29650540000000003,-0.26110348,0.48033917,-0.12110687,0.27902782,-0.2569802,-0.31331290000000006,-0.2931708,0.06536834,0.09562006599999999,0.19900471,-0.077504635,0.25198644,-0.07296971,-0.24271405,-0.46337175,0.27596906,0.09939381,0.33716664,0.56871474,0.06587539,-0.14286405,0.023662757000000003,0.29552332,-0.24481396,-0.19915152,0.14053296,-0.0063072187,0.38988784,-0.02606756,-0.01049412,0.025329297,-0.10501789,-0.19742343,0.30266124,-0.29622403,0.33253238,-0.23186718,0.37896004,0.023794094,-0.08438899,-0.041888706,0.11705991,0.39859635,0.05225121,-0.39319217,0.14502506,0.7540266,-0.09236944,0.2100897,-0.5224597,0.0468236,-0.42472407,0.43043378,-0.20377068,-0.13811687,-0.15214114,-0.17211393,-0.16939515,0.5755748,0.104926825,0.24107884,-0.11968377,-0.2636766,-0.39143968,0.24178427,0.55266225,0.4880276,0.13043001,-0.23277502,-0.08464439,0.1807061,-0.36475949999999996,0.18144147,-0.26427317,0.2754026,-0.35997328,-0.40087658,-0.4293367,-0.27183327,0.18699000000000002,0.33558944,0.31685966,-0.14170922,0.18966912,-0.37132096,-0.14676782,0.5859845,-0.14144334,0.1955106,-0.16464834,0.9010855999999999,0.01104117,-0.2825588,0.039766672999999995,0.1597118,-0.10052186,0.17982087,-0.18372545,-0.6642048,-0.08256383,0.18615024,0.07942275,-0.19972724,-0.28746492,0.48113608,0.11522834,-0.16519333,-0.46230263,-0.0015067107,0.21919748,0.07765797,0.33685422,-0.5625145,0.21773289999999998,0.13843547,-0.07606176,0.57145387,-0.12531328,-0.09655053,-0.32020679999999996,-0.20683753,0.024405146000000003,-0.26373336,0.025310852999999998,0.27567140000000007,0.2896975,0.09988653,0.03869259,0.10306591,-0.22631826,-0.5363764,-0.018345308,0.27192852,-0.032408666,0.2989198,-0.4339064,-0.25642052,-0.17782721,0.19834574,0.115130104,-0.45229986,0.16457966,-0.30949202,-0.568222,0.43454427,-0.05999578,-0.4110276,0.35845938,0.20624189999999998,-0.40126026,-0.29266134,0.0039181244,0.5214458,-0.34137392,-0.26358026,-0.2734925,-0.61151826,0.19005048,0.10615243,-0.09760275,0.37391996,-0.0048115244,-0.44948444,0.12795185,-0.22776556,-0.29869709999999994,-0.08780411,-0.19604835,-0.5074442,-0.06252115,0.29105136,0.13339600000000001,0.61048836,-0.11456935,0.30995083,-0.1580436,-0.17938617,0.0266964,-0.5618847,0.3140075,-0.17147401,-0.24765737,-0.43628859999999997,-0.48831522,-0.44559047,-0.15956742,-0.23873515,0.016184114,0.36111742,0.37533456,0.08137494,-0.06520348,-0.10045318,0.0058590940000000005,-0.33905292,0.34814670000000003,0.105743274,0.031706177,-0.23740406,-0.016644958,0.07721154,0.37506327,-0.48418665,0.42039952,-0.27209508,-0.21839502,-0.2680077,0.12513885,0.06780216,0.21205568,-0.3504156,-0.12195445,0.07059042,0.18533294,-0.06714405,0.20189495,-0.14004241,0.013355787,0.42925265,-0.097388424,0.41274056,0.61889386,-0.054942906,0.42612588,0.29993618,-0.06569894400000001,0.41769797,0.13183321,0.004366842,-0.3271482,0.52054477,0.18874188,-0.12577362,0.051789626,0.04482043,-0.10469469,-0.6302605,0.81188494,0.2003965,-0.53781015,-0.15131915,-0.42422187,-0.22674944,-0.04204249400000001,-0.07005258,-0.27513516,0.0435126,0.371121,-0.076682076,0.100889206,0.51755697,-0.4371032,-0.28842628,-0.005021896,0.54816407,-0.13592684,0.26621884,-0.11712803,0.53082186,0.0021177167,0.20681484,-0.19665356,0.06686705,0.01869087,0.20189099,0.24452747,0.09331677,0.57992035,0.40321362,0.2715485,0.26400396,-0.15595311,0.314264,0.51280546,0.27042216,0.5099402,0.19258470000000003,0.21193914,-0.056408904,0.34384499999999996,0.13077044,0.31652117,0.43816975,-0.18754977,0.8743443000000001,0.20447502,0.05251825,0.50996065,-0.7815213000000001,-0.1630782,0.02204471,0.3341086,-0.34948835,-0.008041368,0.08793853,-0.20590504,0.09656446,-0.54777735,-0.2025045,-0.09817737,0.38482940000000004,-0.15491804,-0.5254302,0.10009082400000001,0.014535032,0.06229525,0.12218471,-0.4267138,-0.09010699,-0.28480202,-0.29970792,-0.21702127,-0.2324005,0.0020155031,-0.31218034,0.19347854,0.06570245,0.26201886,-0.04336381,0.22873692,-0.14469819,0.42915863,0.0032235752000000003,0.4962978,0.10593659400000001,0.10818694,-0.21971771,0.049653302999999996,0.037356466,0.25399825,0.018297667,0.019139554,0.035075527,-0.07545549,-0.49943778,0.20290144,0.42054608,-0.5200800999999999,0.08488165,-0.26334414,0.117286034,-0.06476001,0.33137646,-0.12061388,0.048427865,-0.09991465,-0.24023622,0.08859072,-0.43900272,-0.3035265,-0.20514971,0.11298754,0.5842430999999999,-0.12889564,0.25806677,-0.039201177999999996,0.1980567,0.099828005,-0.12649749999999998,-0.042126585,-0.38345554,-0.38922673,0.00961362,-0.2372353,0.06652457,0.0821123,0.51087093,0.35046503,-0.029844127999999998,0.67567796,-0.27355096,-0.2181375,-0.07271339,-0.013806038999999999,-0.25204867,-0.087363765,0.18550912,0.27533954,-0.29987752,0.093901545,-0.26594403,0.044843192999999996,-0.49575984,0.26532602,-0.38082984
32,6,-0.089481294,0.04968782,0.28224590000000005,0.046451334000000004,0.23554358,-0.5713585,0.18223827,0.34059367,0.3057664,-0.30748677,0.13815539999999998,-0.14174852,0.24346484,0.3773196,-0.11640224,0.39701632,-0.34717458,0.04517894,0.039451238,0.03693228,0.057328492,-0.34323528,-0.121068396,0.5627269,0.6367347,0.02116504,-0.04363683,0.13286507,-0.22333016,-0.28629997,0.33430272,0.16726379,-0.53353614,-0.13420004,0.077853866,0.2760296,-0.20421605,-0.1639668,-0.5036851,0.097586215,-0.6831307,-0.13602087,0.17500801,0.22777742,-0.31299323,-0.21725205,0.16077402,-0.42720392,0.13528468,-0.027142566,-0.44461003,0.40892467,-0.17434059999999998,-0.20738442,0.13449827,0.664851,-0.10323682,-0.5619325,-0.5213092,-0.34016502,0.058154024000000006,-0.100410245,0.06824885,-0.16771474,0.25488722,-0.16646183,0.019501723000000002,0.5154227,-0.84626997,-0.07326118,-0.3598545,0.064245544,-0.3222605,-0.011116488,-0.35422534,0.07093437,-0.27356857,0.32822496,0.08695247,0.09000279,-0.15766746,0.47815969999999997,-0.4795574000000001,0.1611366,0.20943820000000002,0.3917558,0.16565944,0.14649801,-0.40618566,0.81697124,0.28851354,-0.27041757,-0.09244246,0.041888922,0.08745431,-0.36337668,0.41986263,0.13791414,-0.2694248,0.42738092,0.5316958,-0.36002752,-0.31672597,-0.31084687,0.04846081,-0.040999964,-0.14275168,-0.17857249,0.21449253,-0.05645031,-0.08358699,-0.04772737,-0.2716975,-0.24620762,-0.34378788,-0.10694671,0.103297025,-0.13999538,-0.051338699999999994,0.27883172,0.086970344,0.22541045,0.15020414,0.6911881,0.2759679,-0.20686768,-0.18553866,0.49647677,-0.08429617,-0.45523256,0.18999103,0.19852355,0.43827510000000003,-0.41913867,-0.48879144,0.2599614,0.017364526,-0.18232048,-0.26217672,0.2158992,0.27377070000000003,-0.32934308,0.39679173,-0.22546645,0.23802459,0.020532342,-0.13352272,-0.1983905,-0.055302557,0.054926906,0.056002576,0.05411469,-0.007912554,-0.24545537,-0.019677697,-0.00054281845,-0.3086566,0.16184638,-0.2950207,0.13481425,0.25549123,-0.097400494,-0.12590598,0.069156334,0.07484474,0.071219824,0.15548822,0.5505108,-0.17430928,0.14537394,-0.23423465,0.08795911,0.76836985,-0.07537934,0.23976855,0.11880278,-0.18867692,0.089245155,0.18975729,-0.01174236,-0.5904134,0.06535368400000001,-0.11067336,-0.55640215,0.33186883,-0.13350655,0.13243082,-0.25229648,0.09374743,0.13000166,-0.43861502,-0.20399036,-0.1720461,-0.42092717,0.19301324,-0.58996475,-0.16998954,-0.31168559999999995,-0.35753320000000005,-0.26955134,0.16139899,0.08556014,0.04465727,0.09174174,0.03548821,-0.052647512,0.34691793,-0.14329131,-0.12692894,0.5408915,-0.63281274,0.34221503,-0.20117968,-0.27522823,-0.14499885,-0.048879635,0.35180992,-0.14955749,-0.2970123,-0.018530693,0.20091712,0.2782383,-0.20819934,0.6214394,0.10549969,0.4747099,0.20832863,-0.2504334,0.2529889,0.27175987,-0.20587124,-0.30702820000000003,0.34065500000000004,-0.15497455,-0.005904114300000001,-0.13069591,-0.633724,-0.11649742,-0.01999743,0.05664997,0.035773963,0.16039804,0.0014812679000000002,0.15936744,0.35196295,0.17926204,-0.038685966,0.21192405,0.11707554,-0.17115398,-0.37713220000000003,-0.5396801999999999,-0.071481325,-0.54761815,0.08508594,-0.45923868,-0.3467401,-0.32891306,-0.31053856,0.022534525,0.3568415,0.01602773,-0.007268435,0.10637651,-0.21742412,-0.47897970000000006,-0.08316411,0.1001275,0.10501187,0.40877146,0.091145545,-0.33593154,-0.10672360000000002,0.52914757,-0.073407985,-0.21241300000000002,0.42775446,-0.21528874,-0.03989564,-0.06903142,0.32118118,0.16923401,-0.29551473,0.113809,0.016296053,-0.18337308,0.36067998,-0.032732837,-0.30385226,-0.32665122,-0.20492125,0.0022682333,-0.40371615,-0.15220855,0.6023849,-0.15308428,0.14312333,0.27065718,0.08763233599999999,-0.041606475,0.023789795,-0.20529261,0.32836106,0.11148424400000001,-0.32579777,0.004509319,-0.17323926,-0.5181599,-4.255047,-0.36852452,-0.10169997,-0.30566064,0.084915854,0.10751755,0.25726342,-0.39606458,-0.2076953,-0.2048129,-0.42430198,-0.1624316,0.11621196,-0.05748061,0.37878358,0.29447135,0.33836869999999997,-0.332434,0.013749748999999999,0.6489180999999999,-0.16303673,-0.6084403,0.10055052,0.11967198,0.26717728,0.1481434,-0.08489027,-0.19609804,-0.36437064,-0.039727435,0.0809048,-0.33566475,0.36862624,-0.00071944966,-0.063906655,0.01713325,-0.41281179999999995,-0.26326692,0.12269805,-0.29691035,0.026454107999999997,-0.028125003,0.12343698,-0.21768914,0.9955174999999999,-0.2536386,-0.03945659,0.025132373,-0.16666567,0.38033348,0.04187751,0.4057507,-0.059788425,-0.2581932,-0.39372638,0.3692818,0.3482064,0.12915833,-0.028636184,-0.06882652,0.34592298,-0.55468506,-0.22213012,0.17333510000000002,-0.031372107999999996,-0.14929453,-0.44713590000000003,-0.33612064,0.08173741,0.036475822000000005,-0.016248066000000002,0.35061702,-0.14838003,-0.9814214,-0.11695901,-0.21615878,0.110421546,0.089556485,0.54654825,-0.2208943,-0.16328767,-0.38982870000000003,0.085596785,-0.12473439,-0.014591643,-0.3492203,0.2847691,0.030681297000000003,-0.3031475,-0.56602865,0.09181512,0.06264443,-0.01329723,0.17656879,-0.26253182,0.016528916,0.33304292,-0.12607042,-0.16192263,-0.10533897,0.098828204,-0.08056993,0.5063746,-0.097694986,0.12697235,0.08856477,-0.128384,-0.10743937,0.019577213,-0.049584135,0.47814733,-0.22150660000000003,0.2382792,-0.15417874,-0.22326171,0.30110666,-0.07229457,0.49103037,0.19151571,-0.18864432,0.14607638,0.27704203,-0.42986813,-0.060360644000000005,-1.09656,-0.35611479999999995,-0.14110115,0.42613184,-0.39698032,0.08792439999999999,0.04290335,-0.31575418,-0.24322324,0.29588544,0.012717425,-0.026498854,0.25448605,-0.054655845999999994,-0.09615628400000001,0.15257822,0.06063394,0.6607934,-0.06679534,-0.2978617,-0.1505271,0.20489982,-0.35772252,0.36039913,-0.15187457,0.31159317,-0.36083552,-0.27127826,-0.11113996,-0.3701432,0.06972387,0.53034246,0.31442714,-0.16154648,0.14963542,-0.291037,0.06376592,0.21333547,-0.08206841,0.27966574,0.11987300000000001,0.7934523,-0.21433604,-0.16601445,-0.0625654,0.02373614,-0.57205606,-0.13189879,0.010573178,-0.53842473,0.23235288,0.5495260000000001,0.00817696,-0.07884552,0.1981214,0.36028257,-0.1763259,-0.22536054,-0.3535953,0.13487664,0.14484924,0.19977632,-0.11002281,-0.13621892,-0.0037706762,-0.056090787,-0.42752272,0.60489905,-0.17509083,0.025804237,-0.08614752,-0.13357465,0.41908368,-0.16048719,0.15905702,0.26065752,0.47036540000000004,0.06425700000000001,-0.12664926,0.2327864,0.018149175,-0.16013448,0.034755547000000005,0.16792364,-0.36186537,0.14553407,-0.18667498,-0.44314948,-0.48516229999999994,-0.24517779999999997,0.0075428723,-0.30733934,0.072140984,-0.21998539999999997,-0.18382283,0.59930766,-0.09202163,-0.2756321,0.26484385,0.37620088,-0.34560376,-0.32043555,0.10064541,0.35889986,-0.20600648,-0.010085435,-0.28969204,-0.5828161999999999,0.084113754,0.29468593,-0.0014868687,0.2503196,-0.4429139,-0.25633663,0.17939864,-0.19812842,-0.46860740000000006,0.10249493,-0.045329757000000005,-0.36910826,-0.028334185,0.16500013,0.004786465,0.5932149,-0.14825691,0.4694433,0.22078809,0.006217858299999999,-0.026946047,-0.10805236,0.10246649,-0.22550102,-0.19407958,-0.21675278,-0.32489914,0.037048977000000004,0.05558125,-0.092396475,-0.09117777,0.35319445,0.36092117,0.26453578,0.19411823,-0.06222128,0.14122824,-0.5009957,0.13494393,-0.022286534,0.2229992,-0.19189435,-0.09870019599999999,0.19941747,0.10816989,-0.61830837,0.3229187,-0.5817237,-0.0020528114,-0.06193471,0.08346805,-0.038969986,0.3213882,-0.21322381,-0.45245692,0.22695999,-0.012152513,-0.032233343,0.20336403,0.18627220000000003,-0.22782516,0.28378445,0.12953149,0.47881818,0.69085777,-0.028858516,0.05977466,0.42403254,0.22261567,0.27591544,0.14786191,0.20985785,-0.35563082,0.4138969,0.07521507,-0.4476059,0.20691097,-0.08822618,-0.18626897,-0.23263440000000002,0.41942564,0.40326127,-0.4382228,-0.20507668,-0.16058345,-0.33017993,-0.16965148,0.06872539999999999,0.059189204,0.09903104,0.693217,-0.48376328,0.17352876,0.1761412,-0.28021290000000004,-0.06437255,0.22729918,0.20616093,-0.04681566400000001,0.5120915,-0.43869442,0.443622,-0.19761676,0.009774307,0.28112566,0.06829419,0.25864547,0.09693218,-0.14993666,0.11015429,0.30278513,0.35885334,0.03870614,0.07091404,0.22598977,0.07096127,0.31618409999999997,0.6852205,0.1780335,0.2720597,-0.203221,-0.27857625,0.3024605,0.18540256,-0.022411995,0.33568823,-0.03736916,0.8549097999999999,0.27586758,0.28391793,0.5968014,-0.661967,-0.34502655,-0.118370995,0.26961687,-0.16160749,0.24228011,0.24107604,-0.13024451,0.32496142,-0.23120108,-0.45630804,-0.04877104,0.04834684400000001,0.14500596,-0.278803,0.04410326,0.18916653,0.04034617,0.06976047,-0.6550710999999999,-0.29043937,-0.22182554,-0.44286102,0.044674765,0.19551319,0.053431667,-0.51272285,0.06361089,-0.19499059,-0.05645241,0.050136272,0.08379923,-0.23277941,0.22874728,0.08328569999999999,0.6687860999999999,0.14606799,0.13064848,-0.14577198,-0.0061387633999999995,0.13468724,0.47311800000000004,0.21894887,-0.09557648,0.14324379,-0.35700902,-0.47834170000000004,0.121230915,0.22658445,-0.72858423,0.22084744,-0.057544462000000005,0.06996641,0.05683113,0.18083571,0.010323477,-0.051117424,-0.45742258,-0.16051559,0.24065147,0.09270782,-0.15000474,0.27605098,-0.016870406,0.32814267,0.13655728,0.0464237,0.11208525,0.100532115,0.27894408,0.13528164,0.06802756,-0.37298387,-0.2785276,0.09710357,-0.035002347,-0.08612728,0.08759887,0.29574132,0.12196302,-0.13732533,0.106958464,-0.41101906,-0.25721848,-0.34463304,-0.32633206,-0.05654622,0.12736449,0.042163655,-0.014966716000000001,-0.17060064,-0.01380167,-0.23788,-0.28122420000000004,-0.20351803,0.24771605,0.054031514
33,1,0.3028151,0.0888506,0.46831524,0.11887377,0.23022902,-0.3528482,0.15654375,0.82787627,0.025078114,-0.40809852,0.290611,-0.50385135,0.09792677,0.8910220999999999,0.029853296,0.47017446,-0.12882051,0.12242916,0.11478048,0.47858090000000003,-0.0031276676,-0.34367558,0.30427656,0.87871253,0.53492326,0.08042164,-0.1420567,0.20172486,-0.18013814,-0.18505193,0.5030127999999999,0.029976508,-0.31635934,-0.27791584,0.011197676,0.14147220000000002,-0.35659546,-0.11302895,-0.5418913000000001,0.29021186,-0.96517783,-0.45441657,0.15818098,0.20426835,-0.21776612,-0.4665439,0.15075631,-0.10560372,0.25098342,-0.077188015,-0.42814034,0.05097008,-0.68486357,-0.2434291,0.035113066,0.53978705,-0.41601765,-0.5484137,-0.8559505,-0.30696675,0.06301514,-0.35719618,-0.39605442,-0.6982143,0.31805748,0.033514027,0.16282411,0.37054380000000003,-0.77734923,-0.12674676,-0.22485551,-0.18685111,-0.18859968,0.189485,-0.3574344,0.3495518,-0.33733675,0.25762913,0.10546716,-0.12060177,-0.31210879999999996,0.5971436,-0.30930007,0.51124406,0.013347946000000001,0.41395622,-0.04020018,0.26668656,-0.20308508,0.71932244,0.13948065,-0.31121147,0.112867035,0.0051317625,0.30989423,-0.33043468,0.43235812,-0.1629911,-0.5935201,0.6314834,0.15789889,-0.33164720000000003,0.05648091,-0.3601297,0.24115632,0.119038306,0.09442119,-0.014982936,0.1872433,0.24519947,0.13168372,-0.22595908,-0.21661684,-0.2939616,-0.3507789,0.2241002,0.10587598,-0.020869656,-0.109183684,-0.04102061,-0.09880449999999999,0.06213117,-0.14244589,1.1823902,-0.08572198,0.07112625,-0.33865967,0.17307363,-0.13600109999999999,-0.25255638,0.2158841,0.38158235,0.16555722,-0.45155156,-0.15773202,0.17216994,-0.015117442,-0.348302,-0.41684413,0.07560949,0.18854794,-0.32224613,0.58251995,0.34275493,0.26447585,-0.0065866536,-0.11554979,-0.052989688,0.009068438,-0.11776019,-0.06542809999999999,-0.2729264,-0.4618157,-0.29115227,0.105339535,-0.01745558,-0.61901784,0.17259346,0.03466173,0.2406089,0.2670499,-0.09586038,-0.0041246936,0.40016988,-0.3069192,0.28460599999999997,0.24826553,0.6912441999999999,-0.36610094,0.28556904,-0.24867925,-0.021282481000000002,0.5092378,-0.25678617,0.10271015,-0.20628166,0.06106939,0.16274612,0.034584317,0.18773276,-0.4883738,0.27722457,-0.1659057,-0.15700124,0.33333462,-0.31778294,0.33353853,-0.118274435,0.21797952,-0.07866891,-0.46051168,-0.13056637,-0.10518598,-0.11441173,0.12579128,-0.46158590000000005,-0.19241907,0.18587163,-0.43735245,-0.17033571,0.0960058,0.22710986,-0.15591569,0.18932573,-0.46670473,-0.12426622,0.16747822,-0.07529368,0.054149564000000004,-0.04733130000000001,-0.16046204,0.59873354,0.047624445999999994,0.039937872,0.07325059,-0.1033876,0.09506658,0.030229451,-0.2505626,-0.123478696,0.17776631,-0.03265944,-0.34616166,0.3166481,0.0063784416000000005,0.8003498,-0.26934966,-0.5758355,0.14403518,0.5911069,0.10789123,-0.61259615,0.5121861,-0.17103937,-0.15373284,0.026605956,-0.46557650000000006,-0.59673876,0.08620575,-0.14956525,-0.27925158,-0.009840679,0.006405818299999999,0.15958016,0.595364,0.04777145,-0.1823215,-0.2591558,0.014611928,-0.15755324,-0.3814234,-0.5767036,0.025288922999999998,-0.11815335,0.40660676,-0.27038494,-0.16367,-0.114721574,-0.15679027,-0.053560507,0.33439288,-0.051112816,0.0007256759599999999,0.12900315,-0.31974876,-0.66032714,-0.28267643,0.41293395,0.40531433,0.18989308,0.12796895,-0.11786764,0.07147738,0.73891026,0.05240871,-0.38300657,0.040550176,0.13634628,-0.038728204,-0.203861,0.27519852,0.3995011,-0.29818106,0.28661343,-0.027543262000000002,-0.22251974,0.10938215,0.36835890000000004,-0.46478626,-0.24866326,-0.066975,-0.39516482,-0.5429715,-0.20676397,0.3510742,-0.09726243,0.32906579999999996,0.1322357,0.12681013,-0.19506124,-0.09089653,0.016179055,0.33602333,0.20255561,-0.4140648,0.21283908,0.13358408,-0.4850151,-3.5502937000000006,0.02812131,0.08252486,-0.20309241,0.33008713,0.06863102,0.15189525,-0.15344404,-0.4763263,-0.108089715,-0.16836044,0.008859822,0.27146667,-0.11753896,0.14083593,0.15467174,0.55972826,-0.15491268,-0.02419619,0.6751085,0.02805809,-0.8242162000000001,0.004205644000000001,0.05748577,0.25074133,0.29709718,-0.32346898,-0.04694605,0.027032465,0.004288666,0.19779661,-0.5672281,-0.05782834,0.33839566,0.15095769,-0.04774805,-0.15793973,-0.39153448,0.011398398999999998,-0.31090087,0.055375215,-0.6623566999999999,-0.035137697999999995,-0.18569696,0.9375759,-0.6112221,-0.1581796,0.23191875,-0.16235386,0.26825225,0.21387051,-0.04847454,0.108657785,-0.3420578,-0.3398366,0.17017125,0.34271234,0.62489045,-0.029642921000000003,-0.28466895,0.10914926,-0.20983600000000002,-0.6496385,0.11563417,-0.0668729,-0.40684408,-0.42135358,-0.5992947,-0.008631539,-0.121743,0.10214986,0.48458102,-0.45857698,-0.640319,-0.25244576,-0.18094428,0.2722757,-0.15171795,0.1306549,-0.061630547,-0.18339653,-0.38908568,-0.07343129,-0.20252179,-0.001342933,-0.10381058,0.21866654,0.22877428,-0.10282635,-0.45555767,0.22153181,0.37243783,0.26647007,0.52433074,0.10369572,-0.35114520000000005,0.42196602,0.082573265,-0.03163593,0.13374034,0.026551208,0.25769466,0.5709635999999999,-0.022861157000000003,0.055907245999999994,0.035506185,-0.39005402,-0.12143873,-0.013128451000000001,0.06572363,0.25032863,-0.38665279999999996,0.37437963,0.019919755,-0.14488395,-0.22049683,0.23668089999999997,0.6241876999999999,-0.115204744,-0.39937127,0.3255513,0.7529057,-0.3763455,-0.07258029,-0.55821383,-0.20440266,-0.2929142,0.4746431,-0.18744515,-0.2280675,-0.0038598854999999997,-0.48704386,-0.37020233,0.78212136,-0.0056365286,0.19753712,0.009661724,-0.6648725999999999,-0.5321511999999999,0.26927054,0.3299836,0.504038,-0.10107577599999999,0.09148876,0.32014054,0.37593874,-0.21077533,0.28580305,-0.39528644,0.12860723,-0.23683408,-0.42648017,-0.27269968,-0.47956909999999997,0.14324260000000003,0.37437472,0.4288593,0.15205425,0.06147766,-0.5639673000000001,0.024861223999999998,0.36904743,-0.16292655,0.36354497,-0.091494486,0.9033771,-0.07014027,-0.14730568,0.0030254312,0.17266652,-0.38207898,0.23365115,-0.22182083,-0.36183086,0.045674547999999995,0.34175122,-0.05869706,-0.20431082,-0.269018,0.18194953,0.08821442,0.010940674,-0.42639804,0.01293557,0.36054853,0.45812798,0.25085706,-0.3470061,-0.04163181,0.06280137,-0.44728386,0.7235710999999999,-0.2141535,-0.037840247,-0.5147615,-0.17279586,0.06408311,-0.4986817,0.21452683,0.15561883,0.38373202,0.117706075,-0.12272938,0.22018291,-0.08224048,-0.31779674,0.15533292,0.41400474,-0.06260764,0.43475062,-0.31570244,-0.43209538,0.050436612,0.13436468,0.10717142,-0.25298232,0.14527187,-0.19599296,-0.5151359999999999,0.42294976,-0.43758205,-0.4175603,0.405861,0.23345952,-0.71078116,-0.5439898,-0.06644779,0.5374045000000001,-0.30504104,-0.29708067,-0.35291323,-0.49407120000000004,0.12526101,-0.0022751389,-0.10223218,0.76112586,-0.21038753,-0.1706638,0.20768332,-0.21745573,-0.31448388,0.06711501,-0.10905610000000002,-0.3994821,-0.16243249,0.40838078,0.124125876,0.74541956,0.023173664,0.37463918,-0.08051488,0.06876568,-0.10859500000000001,-0.22447656,0.29945436,-0.67356336,-0.12869194,-0.17452171,-0.46566403,-0.16025063,-0.20698817,-0.056206692,-0.14389901,0.34071785,0.46043345,0.10065445,-0.20717795,0.20796479999999998,0.12074237,-0.4630898,0.11676998400000001,0.18356594,-0.17235851,-0.075972475,-0.11428665,0.08544015,-0.05724868,-0.58793724,0.23898798,-0.26595408,-0.12722835,-0.003242443,0.11050021,-0.10959673,0.14392763,-0.38744977,-0.24710287,0.15095739,-0.09164946,0.15836813,0.13340576,0.10690205,-0.18808429999999998,0.229989,0.17444335,0.1333076,0.79555565,-0.19736692,0.28978798,0.47986373,-0.08500635599999999,0.09674871,0.17617555,0.1704049,-0.42914742,0.30610818,0.26813194,-0.24830215,0.19517793,0.10554916,-0.3683098,-0.6236567,0.5735686,0.60393393,-0.39452523,-0.29109725,-0.06592847,-0.27239326,-0.26261714,0.18489212,-0.116245426,-0.1386898,0.49455163,-0.35573018,0.009107109,0.6355975,-0.428804,-0.44788720000000004,0.041114144,0.4333875,-0.11969224,0.21033627,-0.33590156,0.46060053,-0.06669991,-0.26049933,-0.14691538,0.10554816,-0.0574443,0.12935981,0.078925945,0.064730085,0.45805198,0.49546883,0.36317024,0.13710438,0.12194932,0.16603819,0.6862801,0.17201181,0.3157543,0.2804758,0.006284296500000001,0.0032425893,0.22652236,0.010050993000000001,0.26730144,0.30794245,0.17984414,0.7001546,-0.09302142,-0.049901888,0.47433373,-0.5543762,-0.34710997,0.026254552999999996,0.22144052,-0.18722701,-0.35031599999999996,0.04457421,-0.37967458,-0.008987512,-0.3303149,-0.35668725,-0.26740578,0.487695,-0.15515974,-0.39193693,-0.067706406,0.15483186,0.15801121,0.44846907,-0.5466035,-0.008025445,-0.106528156,-0.34485137,-0.31748214,-0.14797929999999998,0.106578924,-0.386456,0.25021324,0.08468497,0.051543597000000003,0.023444162999999997,0.45854449999999997,-0.3019797,0.4122774,0.09995839,0.50763506,0.12335428,0.14653127,-0.33165485,-0.067549735,0.10381744,0.17415605,0.0186861,-0.0893612,0.05930519,-0.11472885,-0.38671607,-0.061229125,0.6224454,-0.6498489000000001,0.08172756,-0.40283617,-0.038042652999999996,0.20474695,0.14962943,-0.20691308,-0.0017895254999999999,-0.43517652,-0.0340586,-0.03163373,-0.24049649,-0.13912220000000003,0.052412982999999996,0.17780831,0.20764179999999996,-0.32024965,0.17798870000000003,-0.007198119,0.32883388,0.032090288,0.041686513,-0.18471694,-0.2864735,-0.27150473,0.037658468,-0.5410701,-0.07378278,0.35864702,0.39769104,0.09758561,-0.34775266,0.7667786999999999,-0.27336509999999997,-0.28840157,-0.24559915,-0.042791866,-0.55746126,-0.43220168,0.20591381,0.115299456,-0.12131827,0.09858955,-0.17180724,0.07031763,-0.22665326,0.37579122,-0.22118889
34,1,-0.060490537000000004,0.14866334,0.26046926,0.010628191,0.1132412,-0.22613129,-0.25152382,0.43857595,-0.031061796000000003,-0.6482495,0.5458644,-0.22215314,0.15084058,0.60015076,-0.3429581,0.6177589,0.026543781000000002,0.03219529,-0.043652225,0.032601345,0.08804719999999999,-0.2994406,0.28473526,0.60232925,0.47265953,-0.073253095,0.0069183256000000005,0.12601703,-0.16387814,-0.079921655,0.5581615,0.04626456,-0.20073307,-0.41296099999999997,0.037187327,0.05043122,-0.29772866,-0.19188909,-0.28429386,0.060174607000000005,-0.50723904,-0.28422627,0.05220803,0.15875795,-0.27378159999999996,-0.30946437,0.022119716,-0.15069702,0.018047232,-0.03224581,-0.41984826,0.25073016,0.015087643000000001,-0.13572788,0.032558955,0.98884696,-0.05926669,-0.3396918,-0.39307538,-0.48825103,0.3539449,-0.015142147,0.30148047,-0.3650928,0.20579475,0.038180847000000004,0.054453623,0.33373865,-0.5913859,-0.09969415,-0.552762,0.023350717000000003,-0.4453384,0.39035508,-0.41056090000000006,0.13968645,-0.13569662,0.047482844,-0.16040277,-0.00946601,-0.32821217,0.06097433,-0.33658472,0.19914614,0.07442967,0.24238749,0.28239343,0.22548987,-0.43132454,0.51736426,0.36632309999999996,-0.31795514,0.10086482,0.14967343,0.036569963999999996,-0.31409696,0.6770813,-0.23050813,-0.16991676,0.71988857,0.12020389,0.0009115939,-0.026662325,-0.15309772,0.04258081,0.031286333,0.025476791000000002,0.102043614,0.022980967999999997,0.18876353,0.05988641,0.06281477,-0.35269618,-0.30088437,-0.06392277,-0.0973135,-0.0050928113,-0.0007199364500000001,-0.016151847,0.1280066,0.1083963,0.13645963,-0.009974305,0.49004868,-0.036561806,-0.34594956,0.14806445,0.20548812,-0.11686869,-0.3507234,-0.02766938,-0.012893382,0.20501055,-0.39811268,-0.45899066,-0.043677535,0.0627257,-0.28969106,-0.38829980000000003,0.020430336,-0.11870496,-0.45286298,0.56634885,-0.40606663,0.32214507,-0.08886858,-0.03397346,-0.12976545,-0.13618967,0.26912895,0.13353172,0.0014088409,-0.13323915,-0.21609685,0.011312939,-0.41628146,-0.30602473,0.5146069000000001,-0.029961385,0.05448619,0.33891937,-0.24573824,0.16519415,0.21327852,-0.08205455,-0.063729994,0.09989831,0.37243444,-0.1526534,-0.22242923,0.0063262023,0.092952035,0.51741356,-0.16540542,-0.024429698,0.34713352,0.033900738,-0.07959069,0.3942965,0.05375637,-0.5149345000000001,-0.042743154000000005,0.1870858,-0.45865026,0.23705833,-0.07053955,-0.25678396,-0.08347225,0.30037844,0.061588578,-0.40292227,-0.1075,-0.27181974,-0.2728935,0.24669309,-0.38511384,-0.32488429999999996,0.051847585,-0.5414498000000001,-0.09534509,0.1917561,0.08759013,-0.042201965999999994,0.07216056,-0.10569594,-0.054145698,0.21037893,-0.082117245,-0.12857147,0.06713581,-0.14238326,0.22386697,-0.028796835,-0.31573254,0.13243167,0.11726256,0.13707623,0.30240265,-0.06307688,0.14251418,0.20628633,-0.048830785,-0.2746136,0.33226982,0.014721082,0.40031826,-0.29776686,-0.5878350999999999,0.15264839,0.3433542,0.18907736,-0.55398345,0.7719771,-0.50167125,-0.15629457,-0.040183086,-0.35107726,-0.13314182,-0.02884972,-0.057063024000000004,-0.27459759999999994,0.3598495,-0.13101242,0.3213144,0.35655317,-0.16922793,-0.29068676,0.010274844,-0.11747279,-0.41015515,-0.47652155,-0.23753361,0.31507290000000004,-0.28751728,-0.013623568,-0.65451497,-0.10427667,-0.4009268,-0.026296774,-0.23251757,0.5841,0.18380202,-0.1832044,0.082141586,-0.26537037,-0.5877437,0.20390576,0.24265356,0.29650763,0.29099137,0.044973988,-0.26010594,-0.097610556,0.6879241,-0.008122818,0.0153597575,0.35445735,-0.017025532,-0.10322815,0.0032940556,0.11477294,0.38809547,-0.2073259,0.19497555,0.085229926,-0.21081293,0.09090991,-0.16352178,-0.13696721,-0.19003958,-0.19891554,0.07890128,-0.33426988,-0.04944349,0.54323477,-0.02046178,-0.09629642,0.18833978,0.0062479306999999994,0.010904543000000001,-0.1869005,-0.37486053,0.24565749,0.26220575,-0.27193215,0.11393813,-0.21997070000000005,-0.1899462,-3.8891857000000005,-0.085405044,0.19340609,-0.4206165,-0.043060392,0.10704728,-0.25159365,0.027636387999999998,-0.14964338,-0.08335321,-0.07745651,-0.33691382,0.18236555,0.12937737,0.19780934,0.19511195,0.21515669,-0.19455853,-0.21284626,0.61541295,-0.12671928,-0.58953905,0.11139663,-0.021503279,0.18007584,0.10725812,-0.47627065,-0.30331135,-0.31435594,-0.114069425,0.14304820000000001,-0.3990493,0.079925865,0.36429477,-0.15872672,-0.060779013,0.047370598,-0.66195375,0.038768936000000004,-0.4201089,0.057588533,-0.35971326,0.03219814,0.035912585,0.6158895000000001,-0.18607861,-0.13299392,0.024957465,0.12232741,0.15270050000000002,0.1225374,0.20941579999999999,-0.31266943,-0.38403875,-0.33628779999999997,0.17208986,0.48197159999999994,0.29888555,-0.19407424,-0.33472085,0.09450122,-0.28119606,-0.5637183000000001,0.043682408,-0.14970931,-0.05714990599999999,-0.47889635,-0.012558963000000001,0.20416622,-0.13681826,0.08046981,0.59049535,-0.22319725,-0.69278175,0.15672602,0.07580424,-0.034360256,0.05742245,0.061851572,-0.09973767,-0.37165114,-0.24992436,0.23297444,-0.13693933,-0.047329295,-0.20519842,0.38948953,0.0038827320000000003,-0.5504935999999999,-0.45948779999999995,0.34635390000000005,0.30218490000000003,0.27907565,0.30438940000000003,-0.07605532599999999,-0.09153511,0.28831664,0.14007975,0.18641329,-0.0582107,0.5652979,0.28802875,0.45301798,0.20290970000000003,-0.069172636,0.11527967,-0.26371276,0.060632475,0.40169802,0.07623348,0.42951974,-0.093209006,0.26622117,-0.10392997,-0.019748613,0.067371525,0.35024807,0.4704799,0.1303168,-0.21477328,0.19910085,0.39531338,-0.32886374,-0.18164667,-0.65994954,-0.15338870000000002,-0.27756706,0.5665768,-0.23285681,-0.044760987,-0.11051397,-0.2702153,-0.6035515,0.13383287,0.09381329,-0.12201028,0.2848454,-0.5165811,-0.23709017,0.08682266,0.42996222,0.31647912,-0.053865038,-0.33086562,-0.23842986,0.27559403,-0.25214425,0.21588466,-0.32581133,0.27237687,-0.31203038,-0.15481903,-0.17257196,-0.15388821,0.040782265,0.20266603,0.35526434,-0.106414415,-0.00027075217999999996,-0.43055698,0.27989780000000003,0.36610353,0.1898203,0.10310378,-0.20355983,0.6859288,-0.11630088,-0.09047435,-0.080492996,0.13403593,-0.52154595,0.014827373000000001,-0.013188253,-0.59696597,0.11220810000000002,0.41467345,-0.13907625,-0.13649704,0.21401367,0.26747915,0.10026659,-0.18584836,-0.15345699,-0.06436108,0.34831432,-0.14934269,-0.09847073,-0.13761066,-0.04688058,0.116030395,-0.48503655,0.19180456,0.030045109,-0.042651825,-0.032103743,-0.10922265,0.23789862,-0.41461924,0.053419705,0.06508496,0.38124147,-0.15001872,-0.17949381,0.11903357,-0.021889827999999997,-0.046829235,0.07553802400000001,0.20059493,-0.20748492,0.07686918,-0.4681535,-0.21215771,-0.41289848,-0.14155756,0.32261968,-0.34053320000000004,0.05872317,-0.31061608,-0.40039343,0.5076899,0.19116025,-0.20393752,0.3360433,-0.08191154,-0.25020465,0.085539706,0.17946905,0.3311625,-0.11265897,-0.05022923,-0.30804574,-0.71938837,-0.017808445,0.10487434,-0.19951839999999998,0.13130869,0.18155581,-0.32280672,0.21481462,-0.18698394,-0.31794265,0.21074453,-0.23793961,-0.20971784,0.27803937,0.10323095,-0.08692952,0.17793076,-0.18500027,0.5884169,0.02736784,-0.14454633,-0.07816261,-0.4648899,-0.039967116000000004,0.0042389734,-0.21528538,-0.14970479999999997,-0.5757974,-0.21676053,-0.21304566,-0.16447322,-0.117913835,0.07533119,0.03810445,0.11110321,-0.14472757,0.2790762,0.08186674,-0.55226445,0.4003453,0.23298167,0.14972351,-0.26852600000000004,0.10131949,0.086898096,0.09266557,-0.3771172,0.17679976,-0.60586965,-0.17721099999999998,-0.32974115,-0.042730488,-0.22854657,0.12327512,-0.2593201,-0.45037824,0.009984468,-0.0628286,-0.17078084,0.24265255,-0.12827007,0.14133272,-0.030976273,0.018539025,0.17530793,0.83785796,-0.09276659,0.13584408,0.46574032,0.0073704930000000005,0.06980393,0.44962879999999994,0.030790167,0.02158003,0.292932,0.07028859,-0.37424564,0.066469714,0.35446826,-0.21148783,-0.36062625,0.5593585999999999,0.29868279999999997,-0.3519888,-0.16851364,-0.13492845,-0.29925126,-0.11761459,0.0036629818,-0.007855751,0.15646787,0.6223677,-0.3715579,0.19454205,0.22601999999999997,-0.0031857924,-0.42694768,-0.31845176,0.09988953,-0.06481944,0.36098559999999996,-0.47704393,0.32283983,0.04681959,0.12035237,-0.118596606,-0.13472402,0.13776007,0.38574398,-0.18364191,0.1722668,0.628204,0.3995712,0.22267185,0.18143953,0.34510693,0.19806849999999998,0.34511814,0.5912936,0.23106326,0.2637501,0.16507420000000003,0.09636389,0.2500389,0.44969636,0.01301587,0.43329418,-0.22970733,0.8566978999999999,0.22880974,0.4328148,0.48037285,-0.7891626,-0.23825991,0.15525708,0.20574792,-0.20489015,0.050926242000000004,0.20784196,0.023206756000000002,0.25099534,-0.29192266,-0.1497243,-0.1651507,0.5085991,-0.026579596,0.0084983865,-0.102247365,0.10824504,0.09246068,-0.17050554,-0.5814286,-0.07027864,-0.28035194,-0.25298208,0.16099463,0.09137787,-0.104793206,-0.34715798,0.039147824,0.1817876,0.13381031,0.10242777,-0.0750622,-0.057817467000000004,0.38135874,0.32630876,0.44823962,-0.11501939,-0.09282963,-0.24128897,-0.02020152,0.41455042,0.49662298,0.045388695,-0.15898223,0.19038443,-0.48434895,-0.121175595,1.9908432e-05,0.09587518,-0.72427356,0.28940183,-0.09002388,-0.20724967,-0.04940519,0.3402365,-0.08152548,-0.11785769,-0.15510093,0.10892304,0.06345053,0.21615906,-0.28938302,0.040458127999999996,0.13121198,0.40684053,-0.12290094,0.26782337,0.021580242000000003,0.04527648,0.18316047,-0.15176423,-0.011287877,-0.54238486,-0.48593026,-0.01573436,0.030122599,0.15912558,0.17722666,0.18897912,-0.06826204,-0.24635668,0.5770552,-0.35408965,-0.19126995,0.0071507567,-0.29176090000000005,-0.11759014400000001,-0.22573116,-0.29857793,0.16890794,0.029076868999999998,-0.047073156,-0.21378478,-0.10686292,-0.20674051,0.1484167,-0.16583027
35,1,-0.48206276,-0.22418867,0.47749013,-0.06374079,0.31303626,-0.20422685,-0.23082244,0.6718889,-0.13645020000000002,-0.18147539,0.22529843,-0.14304613,0.18342116,0.34607577,0.029817825,0.33642069,0.060036253,0.019232176,-0.06564941,0.1633569,-0.0032172890000000003,-0.26346755,0.27083167,0.5987024999999999,0.48976898,-0.25392416,0.09318773400000001,-0.18810339999999998,-0.23311532,-0.042409122,0.42772138,0.049819335,-0.14330514,-0.31498766,0.31689015,-0.07273002,-0.24146035,-0.18321386,-0.21460278,0.079921685,-0.5954946999999999,-0.11038465,0.19732579999999997,-0.08096495,-0.23973352,-0.45377788,-0.08144506,-0.33581352,0.36987072,-0.010438932,-0.57263035,0.21108649999999998,-0.25377157,-0.31760117,-0.010039331,0.69836664,-0.03356947,-0.44259134,-0.72316134,-0.21849185,0.7279547,-0.14007126,-0.018972213999999998,-0.46583506,-0.0054293424,-0.020306893,0.3334107,0.5268681,-0.7013656,0.14858513,-0.23435229,0.10362151,-0.19869614,0.010933328,-0.25967142,0.16087353,-0.24371828,0.20118299,-0.08132814,-0.23635134,-0.3085196,0.36405218,-0.36231986,0.16218020000000002,-0.16178145,0.28240958,0.16081525,-0.016869128,-0.23467594,0.94008875,0.03188414,-0.36066386,0.105894245,0.07900612,0.20875502,-0.2942427,0.24024653,0.17462666,-0.51102287,0.4706715,0.27556273,-0.25720210000000004,0.04581288,-0.14827551,0.04306269,-0.074654475,0.13727961,0.10030326,0.023359591000000002,0.11904392400000001,-0.11532179,-0.24802828,-0.16249497,-0.17792548,-0.36596254,0.101052605,-0.07994173,0.06105444,0.12630072,-0.07319979,-0.057445012000000004,0.013255696,0.082474865,0.7116668,0.008092159,-0.012519278,0.010409336,0.48637033,-0.024653913,-0.25423850000000003,0.04099255,0.15145086,0.04043522,-0.29289207,-0.13135552,0.21454915,0.15825066,-0.32973620000000003,-0.26700574,0.11589331,0.29373586,-0.66184837,0.533963,-0.12945737,0.16952996,-0.015154403,0.0015974906,-0.26997918,-0.35742122,0.26998833,0.040534403,0.111726485,-0.16821547,-0.20396879999999998,-0.022299074,-0.25936020000000004,-0.43330404,0.27072343,-0.23619565,0.12024072599999999,0.6956746,0.07673166,-0.11280495,0.1921651,0.039473522000000004,0.30860156,0.121994756,0.15162608,-0.54751956,0.18745156,-0.18389374,0.12269906,0.5910983,-0.20582053,0.010929979,0.048676983,0.2391825,0.23762941,0.07600741,-0.12218121,-0.49821192,0.10448407400000001,0.24892709,-0.09438548,0.21607179999999998,-0.36337247,0.0693197,-0.06913991,0.33756003,-0.14783077,-0.20669505,-0.30529470000000003,-0.13904737,-0.15953651,0.086140305,-0.70873046,0.05353714,-0.061267115,-0.27764896,-0.07087857,0.13705672,0.1948022,0.20154674,-0.07313786,-0.09067505,-0.17401855,-0.051867064000000004,-0.2932801,0.17092787,0.3734316,-0.2018833,0.39567009999999997,0.116163634,0.115627415,0.06890039,-0.10477365,0.06738117,-0.08744244,-0.063822575,0.014371206999999999,-0.06286647,0.14227735,-0.21101901,0.20605715,-0.06015558,0.731664,-0.13599768,-0.63213253,0.23796060000000002,0.61668146,-0.11112238,-0.49260452,0.58307093,-0.139792,-0.031660557,0.31539503,-0.5934894000000001,-0.2338199,-0.041295055,-0.061447527,-0.12142119,0.35823384,0.13052632,0.06731975,0.22975561,-0.18208748,-0.049751277999999996,0.16403946,-0.3608499,-0.28592625,-0.6158541999999999,-0.5679678000000001,0.18274428,-0.5332049,-0.36791024,-0.39356416,-0.19971722,-0.17647696,-0.14330839999999997,-0.095704645,0.53702253,0.1960902,-0.17304993,0.22654413,-0.26221120000000003,-0.55032384,0.009986690999999999,0.28380436,0.26688364,0.31200156,-0.15857983,0.036912825,-0.20721194,0.66439587,-0.11280592,-0.13175392,0.3475718,0.19188549,-0.091663584,-0.14131576,0.27197757,0.21017139999999998,-0.016026262,0.16165222,0.10766519,-0.36944568,0.36727065,0.13047552,-0.12819639,-0.16366772,-0.20259126,-0.03389946,-0.5171127999999999,-0.19097917,0.43673334,0.18585163,-0.09067686,0.23397347,0.06179079,-0.059693594,-0.056587665999999995,-0.42451049999999996,0.32441255,0.15929970000000002,-0.25870776,0.2673791,-0.1465785,-0.53096014,-3.8326402,0.011923069,-0.2887006,-0.44402364,0.09805591400000001,-0.21633528,-0.13497084,-0.13641995,-0.3265841,-0.21340352,-0.28708765,-0.25719956,0.21552745,0.05713813,0.26667199999999996,0.15795475,0.28398195,-0.16181941,0.10952189,0.6679948,-0.2263006,-0.8955652,0.06639659,0.01949972,0.31727308,0.65471774,-0.4136443,-0.07487696,-0.33260304,-0.17866282,0.18309888,-0.17569064,0.20635895,0.28692648,0.10725433,-0.20262066,-0.07833748,-0.39402434,0.01841249,-0.48368433,-0.093848005,-0.4966481,-0.20881628,-0.11169568,0.8677578000000001,-0.014082846999999999,-0.04826659,-0.038039822,0.15461224,0.054238774000000003,0.025749397,0.16704828,-0.23193136,-0.37071574,-0.047202993,-0.04746763,0.37884247,0.30561787,-0.18770388,-0.12745053,0.15119029999999997,-0.19714867,-0.39131382,0.19117521,-0.04873898,-0.41761875,-0.57318175,-0.15365928,-0.005987812800000001,-0.021871567,0.19078037,0.3892657,-0.14379294,-0.43917665,-0.250755,-0.386428,0.27303459999999996,0.16867222,0.17146526,-0.046350524000000004,-0.19921117,-0.41161567,0.25452277,-0.05283463,-0.09810067,-0.08998157,0.3272502,-0.08008677,-0.50382507,-0.70357925,-0.027448295,-0.054495826,0.34460416,0.14565615,0.11072345,-0.5319439,0.35564944,-0.22577667,-0.002294831,-0.29098263,0.2836816,0.23821694,0.4931486,-0.19001046,-0.15860415,0.08767673,-0.39648145,-0.13847908,0.07331164,-0.12581378,0.43242505,-0.2333044,0.3090684,-0.17368673,-0.15465674,0.20436217,0.10343623,0.34970456,-0.04581515,-0.24849506,-0.12747787,0.25403452,-0.22327827,-0.28530058,-0.41926262,-0.1960937,-0.36906484,0.34324479999999996,-0.027871117,-0.06439313,-0.17205359,-0.09233603,-0.20405383,0.38676155,0.22289099999999998,-0.08650751,0.16153198,-0.44494647,0.0018212207000000002,0.10288935,0.18523356,0.7052684,-0.055007283,-0.21121855,-0.25352564,0.39372155,-0.05907233,0.06400691,-0.31170729999999996,0.15459029999999999,-0.34304476,-0.21043718,-0.17555058,-0.51700616,-0.060040496,0.48989183,0.34777179999999996,-0.19524029,-0.14635114,-0.5135363000000001,0.23917851,0.2769968,0.33421573,0.15701476,-0.11226384,0.6338429,-0.024518454,-0.29365644,0.06361090400000001,-0.09838624,-0.438547,-0.1517971,0.11197626599999999,-0.45724687,0.052743886,0.3805708,0.29139483,-0.34921230000000003,0.11310445,0.39619446,0.041671373,-0.25254253,-0.14433691,0.125716,0.39414495,0.34305674,0.08990495,-0.124105975,-0.0052276207,0.18890682,-0.10666838,0.49008918,-0.22707693,0.0054047555,-0.31751755,-0.24212909,0.24034972,-0.14645721,0.034276787,0.28949937,0.15357408,-0.0014242414999999999,-0.25916272,0.13151816,0.0058290697999999995,0.19087076,0.078589536,0.40264785,0.04380294,-0.004694508,-0.31180507,-0.41469738,-0.36984217,0.12441957,0.26845112,-0.19562995,-0.21211466,-0.20152429,-0.42088294,0.4156415,0.09921594,-0.17760195,0.25022662,0.00911803,-0.18351895,-0.29707372,0.17348893,0.25931,-0.31139895,-0.17670643,0.014839581999999999,-0.7265449,0.28869203,0.019093841,-0.040699106,0.17360250000000002,-0.36272606,-0.27323443,0.16208093,-0.22743641,-0.38878188,0.2799545,0.034198657,-0.4794429,-0.17738451,-0.044828112999999996,0.021119604,0.25608507,-0.08360056,0.68427044,-0.035092853,-0.11243864,0.05708049,-0.3889871,0.35132423,-0.44710379999999994,-0.27557328,-0.03017998,-0.5322321,-0.08012579,0.014545601000000002,-0.17466441,-0.24253209,0.41662609999999994,0.3048907,0.20785353,0.09123071,0.19933452,0.10702772,-0.4383585,0.02474714,0.11367342,-0.034023907,-0.25382343,0.0880668,0.028817682,-0.0048515885,-0.4681589,0.18640056,-0.3560171,-0.28652728,-0.22198531,0.14377512,-0.030132363,0.5018872999999999,-0.1786286,-0.39642224,0.19385868,0.009269569,0.23102264,0.3310288,0.1348739,-0.1496352,-0.010588233999999998,-0.2938636,0.2828623,1.1496491000000002,-0.12239417400000001,0.12962793,0.5605571999999999,0.2108466,0.21964854,0.22401759999999998,0.22595663,-0.41235864,0.36450166,0.07011931,-0.46384388,-0.005999946999999999,0.11675666,-0.02031633,-0.36466274,0.45485590000000004,0.65052265,-0.23378175,-0.35100874,-0.3316421,-0.071215734,-0.026682205,-0.111184984,0.11266648,0.2556146,0.42342445,-0.26607677,0.14516467,0.22980136,0.00222856,-0.17967814,-0.059515193,0.21321078,-0.013648984,0.60505974,-0.2713363,0.55896217,-0.108403504,-0.14481907,0.017105442,0.038388513,0.28585818,0.2591036,0.032891385,0.16458794,0.50173974,0.22954673,0.41172507,0.16299118,0.036039192000000005,-0.007053404,0.59275246,0.5150606,0.27849063,-0.04822603,0.06495776,-0.22484767,0.1683478,0.31795233,0.29792336,0.3366377,0.13834652,0.7136496,0.21156170000000002,0.16637637,0.5777359000000001,-0.7136920999999999,-0.5019121,-0.17788853,0.19698977,-0.01204751,-0.24615139,0.035216357999999996,-0.04693808,0.3269978,-0.20316227,-0.3242758,-0.14237727,0.30839455,-0.20319791,0.03726655,-0.020342655,0.52907103,0.012579377,-0.031400114,-0.45714188,-0.10392172,-0.3166206,-0.14191498,0.07503644,0.16710663,-0.17516452,-0.47116283,0.10956569,-0.29922259999999995,0.23966424,-0.1521699,0.12151402,-0.047907744,0.31566918,0.20963542,0.61069393,0.12410050000000002,0.16792485,-0.31303957,-0.119642995,0.2193092,0.5299092,0.020617926,-0.22972438,-0.045611802,-0.32017165,-0.23190857,0.1754449,0.33533394,-0.51986676,0.31304353,0.11889294,-0.043687727,0.14845006,0.17035350000000002,-0.17437029,-0.19144414,-0.28276402,-0.36465457,0.118808314,0.05854389,-0.30991040000000003,-0.0408365,0.17826958,0.08199084599999999,0.07800441,-0.027250526,-0.13420537,0.05608286,0.08197727,-0.11195013,-0.05631462,-0.64591855,-0.21527961,0.12045103,-0.064091735,0.11630761,0.2003171,0.37191084,0.055844492999999995,-0.07928624,0.66101676,-0.042031877,-0.14019205,-0.31773546,-0.41081643,-0.38283682,-0.082940884,0.14116526,-0.038444538,-0.22769438,0.13888289,-0.28519829999999996,-0.20706279999999996,-0.290025,0.28078600000000004,-0.38999546
36,1,-0.15440045,-0.01876783,0.4344032,-0.08245796,0.3288257,-0.17876604,-0.19656049,0.27169183,0.07730186,-0.20244353,0.026929968999999998,0.055498387999999996,0.15248059,0.31287950000000003,0.022982815,0.37784076,0.0021218865,0.0072617666,0.062487114,0.092662856,0.25714317,-0.16755845,0.4006854,0.45431077,0.37314156,0.1120832,0.04057675,-0.025439192000000003,-0.27313644,-0.11193032,0.44117567,0.12109987400000001,-0.055465758,-0.12005181599999999,0.18956362,0.032658572999999996,-0.16132575,-0.33862909999999996,-0.20983377,-0.031150647000000004,-0.4840464,-0.14390591,0.019154819,0.25630820000000004,-0.38914943,-0.46342993,0.22159863,-0.34657988,0.14332202,-0.1301013,-0.32329136,0.0514765,-0.06884299,-0.14370574,0.101899154,0.551604,-0.07638808,-0.4105184,-0.47386292,-0.38555068,0.6346553,-0.19523363,0.18158583,-0.11779656,0.00477597,-0.14176787,0.21424684,0.33179918,-0.7973074,-0.16840932,-0.14809895,0.25091782,-0.17399621,-0.08323658,-0.11726732,0.059547734000000005,-0.19721903,0.103234336,-0.041194826000000004,0.051820338,-0.19670103,0.26399547,-0.042467065,0.039669327000000004,-0.07459668,0.04735,0.024078121,0.082156874,-0.35565105,0.7814638,0.16041537,-0.018695982,0.14461325,-0.043990914000000006,-0.03532931,-0.13194017,0.14974953,0.023647638,-0.14136143,0.36371335,0.24664682,0.058657900000000006,-0.063179456,-0.23856841,-0.065729335,-0.0691199,-0.15873905,0.042040035,0.1769325,0.051458712999999996,0.10421329,-0.16611867,-0.2158623,-0.41230944,-0.10781846,-0.1679362,-0.15375360000000002,0.18832912,-0.017257338,0.09735997,-0.0604258,0.04978404,0.009280846,0.5349925,0.10180365,-0.034348305,0.020300591,0.293292,-0.11421994,-0.21796143,0.11626479,0.04957073,-0.08486787,-0.22578181,-0.17964917,-0.047686405,-0.14653866,-0.17104423,0.051835068,-0.13060048,0.048934955,-0.32855356,0.22642891,0.038350504,0.07023771,-0.0626746,0.037194032,-0.032642365,-0.29932848,0.36542907,-0.15453029999999998,-0.09647354,-0.035936806,-0.10046060400000001,-0.04049867,-0.48866576,-0.055499427000000004,0.13656546,-0.18467353,0.079857774,0.44163108,0.16305722,-0.11112988,0.29618192,0.09116899,0.020370655,0.01841108,0.2348292,-0.19696386,-0.22034143,-0.14641089999999998,-0.11012293,0.5715001000000001,-0.33527324,0.1445293,0.11291227,-0.03157394,0.032309715,0.1253456,0.100328356,-0.5317932,0.093702555,0.2073,0.009823992,0.11694860000000001,-0.11708787,-0.19419982,-0.0233306,0.61735994,-0.0821814,-0.40101844,-0.026263349,-0.09082618,-0.15286118,0.04313485,-0.49921167,-0.022616705,0.11516379,-0.34178709999999995,-0.06597022,0.14754166,0.25872865,0.09775716,0.1435193,-0.064446405,0.01856008,0.040757466,-0.12171099,0.036976657999999996,0.25240657,-0.12326746,0.26412264,0.13424401,-0.2985369,0.05178348,-0.21588339999999998,0.05127494,0.07475459,0.23027264,0.10977246,0.12043861,0.26268214,-0.09536823,0.20414100000000002,-0.21113531,0.6088155,-0.11328374,-0.57340145,0.30486290000000005,0.47769976,-0.1627347,-0.5085392,0.4559977,-0.22235948,0.15708163,0.14533004,-0.6449132,-0.21219449,0.1332063,0.06117277,-0.04741577,0.2653251,0.061425377,-0.030043958,0.030582627,0.027843747000000002,-0.100241624,-0.0088635655,-0.29244757,-0.32378579999999996,-0.41427007,-0.1876797,-0.052003793,-0.39747196,-0.0942814,-0.42973890000000003,-0.023726907999999998,-0.35579425,-0.2447073,-0.122827254,0.24604239,0.104572915,-0.014370591,0.019710073,-0.2566796,-0.40227336,0.1343821,0.10596202,0.1245616,0.3026239,0.05958906,0.11978915,-0.102255724,0.52910364,-0.14471862,0.035301637000000004,0.4766532,0.08621138,-0.13456112,-0.00796124,0.10290584,0.064412594,-0.20986216,-0.040219042,-0.10027872,-0.23876727,0.32088542,0.16336767,-0.085228205,-0.22785057,-0.115650944,0.16678636,-0.31572238,-0.22682232,0.35367587,0.08467721,-0.15879053,0.38144127,-0.035601515,-0.008352834,-0.27822090000000005,-0.12660886,0.050617605,0.18099844,-0.068070255,0.10970817,-0.10274021,-0.30946416,-4.27182,0.060207747,-0.27588707,-0.36341503,0.18076509,-0.18379617,-0.030940682,-0.002000801,-0.30604947,0.0034140159999999998,-0.25520116,-0.28028990000000004,0.36430937,0.0103530735,0.22349708,0.23800479,0.27526602,-0.15270141,-0.05442174,0.46654198,-0.27649686,-0.7560798000000001,0.15649915,0.12699603,0.10873788599999999,0.35978258,-0.07586363,-0.241132,-0.26644954,0.007824264499999999,0.13851501,-0.19909112,0.27513662,0.3548188,0.12966251,0.03538135,-0.06953229,-0.35151473,-0.06672952,-0.47292290000000003,0.054658156,-0.40732774,-0.030447802000000003,-0.20990105,0.81013095,-0.19932360000000002,-0.17629139,0.15921025,0.01940555,0.0829805,0.031993225,0.2795045,-0.18859449,-0.14509629,-0.28309520000000005,0.20377678,0.108412325,0.35181567,-0.35814850000000004,0.003023913,0.17618440000000002,-0.17650004,-0.32822508,0.11081567,-0.0799545,-0.18647797,-0.5589438,-0.017803043,0.15639915,0.06835312,-0.07012945,0.5625933000000001,-0.15791067,-0.41973454,-0.14017682,-0.25310192,0.13018714,0.15816326,0.27597564,-0.12964745,0.031691313,-0.3190915,0.32030568,-0.08911018,-0.08724372,-0.27772543,0.15502517,-0.12863797,-0.40436676,-0.4542068,0.08566182,0.059768923,0.26599085,-0.16893804,-0.14898191,-0.2607002,0.27418359999999997,-0.08094074,-0.01999808,-0.21879457,0.5665243000000001,0.16019882,0.44301257,-0.23963694,-0.16218878,0.1374562,-0.18472154,0.024496675,0.07857967,-0.19007841,0.26718345,-0.28167328,0.42077246,-0.22579898,0.10909611,0.13908182,0.08684178,0.3956897,0.11579115,-0.13596258,0.17750789,0.24575442,-0.17386767,-0.46951607,-0.5892533000000001,-0.12429964,-0.16356505,0.23435126,-0.0064511863,-0.18697648,-0.18802692,-0.44284129999999994,-0.39035836,0.22760323,0.14295526,-0.15668146,0.04240333,-0.23304395,-0.043699699999999994,-0.055164307,0.20728257,0.25164175,-0.07695091,-0.21836966,0.09634129,0.21346697,0.07615521,0.099164635,-0.16838647,0.21525896,-0.35282543,-0.41913512,-0.052993312,-0.24778788,-0.11984846,0.36493552,0.13758814,-0.051819563,0.055132546,-0.3792992,0.26259145,0.1393692,0.28009275,0.01586302,-0.06367502,0.5671451999999999,-0.07213676,-0.31681043,-0.020641338000000002,0.06759208,-0.35047323,-0.17557727,0.20133553,-0.37807986,0.13292846,0.37587422,0.047818583,-0.38536197,0.08889633,0.30276757,-0.027776746,0.021102057999999996,0.017932279,0.16979064,0.33048546,-0.018852804,0.08974979,-0.07737509,0.07806264,0.05541546,-0.19793196,0.34926358,0.20096336,-0.14072064,-0.039127085,0.016096711,0.20661463,-0.053096883,-0.04943065,0.22224352,0.37939543,-0.018253257,-0.37699792,0.25055835,0.071735635,-0.10225551,0.07172602,0.2667775,-0.12425835,0.07711245,-0.21334502,-0.33537143,-0.40572822,-0.020709764,0.34999195,-0.21917437,-0.09209566,-0.21315916,-0.3781005,0.3369553,0.20663739999999997,-0.13131776,0.3353613,0.038887247,-0.27366725,-0.000110021305,-0.045278575,0.21115603,-0.12307817,-0.013352843,-0.059191003,-0.90270627,0.07788649,0.01652006,0.013680899,0.24155055,-0.21334432,-0.6269335,0.20339683,-0.15516031,-0.47297814,0.26005474,-0.11150139999999999,-0.40300549999999996,0.029916635,0.012063688999999999,0.13339834,0.28427666,-0.060779568,0.47600654,-0.005313763000000001,0.03702951,0.047615737000000005,-0.23224749,0.059164755,-0.18532883,-0.10262442,-0.17287055,-0.380816,-0.02694316,-0.14805903,-0.109269276,-0.05259641599999999,0.073318996,0.24024506,0.12138126,-0.08935591,-0.041803584,0.31988668,-0.56648463,0.30705222,-0.06404093,-0.09033087,-0.2792835,0.23878808,-0.014337903999999999,0.0078908065,-0.41046935,0.27034044,-0.36341864,-0.24756396,-0.10217839,0.10517446,0.08107907,0.20293579,-0.18358667,-0.44730136,0.24392719999999998,-0.23173043,0.044900876,0.42994696,0.11755494,-0.312807,0.035050575,-0.37060514,0.38144514,0.86101425,-0.10881269,0.12857503,0.30357182,0.059006456,0.17748882,0.26679745,-0.0070891636,-0.18974362,0.21213105,0.13143955,-0.41761616,0.03449227,0.06793718,0.15559095,-0.26873353,0.40485042,0.40504208,-0.099939965,-0.46794927,-0.26974344,-0.057960107999999996,-0.18738331,-0.05306169,0.10502526,0.16805688,0.6871101,-0.24608164,0.18156904,0.19331814,-0.066337615,-0.21815902,0.033328388,0.16797951,0.06208454,0.35273078,-0.07455677,0.31166527,-0.14223135,-0.07085752,-0.106189825,-0.21587783,0.11299241,0.36510423,-0.15480235,-0.1151645,0.19269174,0.18829627,0.28323728,0.17193763,0.30463997,0.014592905500000001,0.5863307,0.5326835999999999,0.19755287,0.083685115,0.18271329,-0.17483018,0.12904571,0.26891,0.08921296,0.39199382,0.13827689,0.5188172000000001,0.18226588,0.357574,0.5644091999999999,-0.57990825,-0.32450843,-0.17975028,0.053554066,-0.10911445,-0.103070475,0.23633814,0.018040748,-0.029560877000000003,-0.40283206,-0.34079322,-0.18964086,0.148253,-0.14852795,0.06400262,0.09920604,0.4063993,0.023135057,-0.20040965,-0.5082447,-0.12114374,-0.2489837,-0.32641253,0.02512648,0.25235957,0.11161019,-0.5182443,0.10224145,-0.11885381,0.18099901,0.092660844,-0.048270445,-0.21754988,0.29458952,0.10117228,0.5659438,-0.04960603,0.16572368,-0.06281536,-0.040626813,0.22586152,0.5453895000000001,0.11717776,-0.26948172,0.3205022,-0.4990011,-0.1730094,0.021287722999999998,0.17434767,-0.49260303,0.18226144,0.12409209,-0.060656062999999996,-0.13797306,0.18765001,-0.26818590000000003,-0.20480013,-0.113932066,-0.14037007,0.16247904,0.026578391,-0.30425835,0.024283047999999998,0.07339522,0.08058914,-0.08848748,0.14314443,-0.07361534,0.024463102,0.21125191,0.1126053,-0.22440970000000002,-0.3616163,-0.11976174,0.07946794,-0.19370697,0.2963886,0.1588485,0.47207487,0.09459252,-0.101228364,0.37657356,-0.26498649999999996,-0.034104913,-0.15520899,-0.5571446,-0.15541218,-0.24594829999999998,0.05071417,0.10812441,-0.22777429,0.13182084,-0.19744623,-0.34542692,-0.020418359,0.12974869,-0.23624589
37,1,-0.26711458,-0.21869925,0.43677554,-0.038906172,0.31053516,-0.36507738,0.07276311,0.2503709,0.12958419999999998,-0.40340206,-0.16551138,-0.26436895,0.13368638,0.29986626,-0.034339815,0.1537656,-0.067750774,0.11557573,0.2683928,0.05093915,-0.1509642,-0.47387365,-0.16625979999999999,0.52808833,0.61957216,-0.024285907000000002,-0.18887754,0.045070935,-0.4199425,-0.16465950000000001,0.5006502,0.033392716,-0.5005319,-0.38257423,0.47247759,0.34329215,0.08619662,-0.033736043,-0.70588696,0.18803278,-0.8351175,-0.0045667333000000004,0.19431673,-0.09244507,-0.38217822,-0.17481263,0.6388812,-0.4973411,-0.08623412,-0.33666506,-0.48583119999999996,-0.03543225,-0.067824446,-0.033372086,-0.065855995,0.45087305,-0.10298310000000001,-0.6420847,-0.81725323,-0.11423462,0.31189075,-0.13063577,0.17906864,-0.42035344,0.055094343,-0.22556782,-0.06738675,0.31283876,-0.6780929,-0.07463,-0.14908311,0.29637676,-0.012589936999999999,0.103652306,-0.11658768,0.10135969,-0.22524434,0.37680525,-0.03632491,0.069391884,0.14195785,0.38433337,0.16532756,0.27844888,0.28912205,0.04552754,-0.01172846,-0.16239041,-0.008259206,0.8294229,0.22874773,-0.08663296,0.011951961,0.07038665,0.16956647,-0.3906672,0.15097682,0.029249117,-0.30724967,0.49023134,0.30620888,-0.06138592599999999,-0.28576836,0.24930643,-0.03493321,0.13550502,-0.1413677,-0.3462022,-0.25451475,-0.12976442,-0.08762461,-0.23608172,-0.08904326,-0.43877628,-0.3320262,0.12834714,-0.0616483,-0.20166731,-0.0867543,-0.11152129999999999,0.34468365,0.14040814,0.1419924,0.44378729999999994,0.017110702,0.116388954,0.18940495,0.46798128,-0.029680572000000002,-0.30317694,0.03626811,0.30469555,-0.15622537,-0.28660690000000005,-0.20275266,0.3184369,0.0028640532,-0.3058814,0.10303556,0.053188085999999996,-0.2739223,-0.4619928,0.068658724,-0.21150137,0.17043921,0.048071906,0.25366965,-0.035538066,-0.5754981,0.40415198,-0.24774697,-0.07166156,0.021421567000000002,0.19777355,-0.13962420000000003,-0.34843308,-0.10834849999999999,0.21409246,-0.12487182,0.18869415,0.40278545,0.14143847,-0.20643178,0.14961831,0.15160213,0.48076397,-0.1965299,-0.122160345,-0.050169654,0.22139055,-0.21446045,-0.3284393,0.57638437,-0.37460545,-0.048444025,-0.15842329,-0.20315826,-0.1783194,0.04231009,0.102751836,-0.77339345,0.28425762,0.35223183,0.30822259999999996,0.15920243,-0.33066290000000004,0.50615656,-0.4066282,0.51864725,-0.08087377,0.021077033,0.065276235,-0.44293153,0.101895675,-0.056064326,-0.48122135,-0.09199853,-0.07566155,-0.28020158,-0.17399426,0.07797623,-0.25077960000000005,0.2808869,-0.049233574,-0.034102242000000005,-0.058013074000000005,0.06732074,0.018666416,0.38735235,0.1268655,-0.12111384,0.08237228,-0.13121347,-0.25442739999999997,0.43478130000000004,0.088865876,-0.21126720000000002,-0.3230652,-0.10367481,0.050020557,0.48056644,0.11427244,-0.024990987000000003,0.46532017,0.024106332999999997,0.3645801,-0.52046376,-0.027708516000000002,0.07860094,0.4922137,-0.16005538,-0.5403614999999999,0.09351160000000001,0.057334177,0.37996030000000003,-0.13105187,-0.93776923,-0.49286199999999997,0.32648262,-0.4016493,0.029627887999999998,0.14610335,-0.062986664,-0.10654265,0.3230489,-0.04097816,0.042333345999999994,0.20712107,-0.025340274,0.097651154,-0.2951634,-0.5856355999999999,-0.21302965,-0.64545166,-0.15785293,-0.3845892,0.115760915,-0.30213612,-0.21650977,-0.6498604,0.21652399999999997,-0.044696442999999995,0.4120893,-0.08608738,-0.08288395,-0.47325617,0.28841100000000003,0.28104165,0.13306788,0.16634811,0.30009302,-0.36269936,-0.15085347,0.13572891,-0.25610673,0.11394828,0.41287813,-0.13930593,-0.06868754,0.28891924,0.39025915,0.06304146,-0.068449505,-0.0023077924,-0.20054267,-0.2750257,0.16620548,0.101804644,-0.35020417,-0.21389726,-0.62513703,-0.2722849,-0.47541409999999995,-0.21764435,0.32950777,-0.052143257,0.07480534,0.29281914,0.0918309,0.09019879,-0.32908118,-0.408488,0.7252181,0.16374779999999997,-0.07474743,0.28072402,-0.009375656,-0.5076528,-3.9654937000000006,-0.40442553,-0.34293956,-0.34461817,0.31071514,-0.08778249,0.17309384,0.07632845,-0.30704954,0.26048976,-0.035832934,-0.23288098,0.28637552,-0.047078617,0.34383348,-0.033494387,0.46931908,-0.19732539999999998,0.027118115,0.21094461,-0.28901094,-0.90472496,-0.2176255,0.03581894,0.36737016,0.4064879,-0.27904746,0.11219362,-0.26120445,0.015633915,0.22012793,-0.10241973,0.20731747,0.17632106,-0.28008395,-0.042219084000000004,-0.28369242,0.17151716,-0.08055431,-0.38926747,0.034796856,-0.17338039,-0.48169988,-0.056449572999999996,0.92590535,-0.09627131400000001,0.009252475,0.057178847000000005,-0.035412557000000004,0.34269175,0.21051629,-0.070773505,0.21678405,0.03777322,-0.008544356,0.3687263,0.0340055,0.3652,-0.5211728,0.06430427,0.21401912,-0.30609986,-0.34316620000000003,0.082563296,-0.26405734,-0.59003437,-0.2959966,-0.12036814,0.3614401,0.30397505,0.37327275,0.42450010000000005,-0.12712872,-0.6872519,-0.15473902,-0.3835466,0.45141270000000006,0.30140984,0.34517476,-0.21529834,-0.118799195,-0.27408028,0.20128268,0.07662041,-0.087388806,-0.23099597,0.18781674,0.08495534,-0.46269917,-0.34478474,0.18335252,0.16949546,0.39940503,-0.16840704,-0.15754311,-0.6698294,0.27207023,0.13326757,-0.58681047,0.01571862,0.34344783,-0.10601128,0.3945402,-0.056152682999999995,0.0017934116,0.10306991,-0.31841442,0.18930624,0.3102518,0.06996253,0.33748993,-0.34737366,0.5345671,-0.2726627,-0.026641937,0.06853672,0.2590406,0.61802644,-0.08308254,-0.23235185,0.25828168,0.14436175,-0.36478293,-0.00027101947,-0.6726868,-0.48789337,-0.060385715,0.14003147,-0.24088666,0.12958366,-0.25501335,0.062173507999999995,-0.45295635,0.25593734,-0.008969064,-0.12361179,0.06564661,-0.25567392,0.06680592,0.11510018,-0.14576036,0.7302503,-0.15184155,0.053438436,-0.018868799999999998,0.22733961,0.1579674,0.23578423,-0.31090596,0.27005038,-0.3186614,-0.40401,0.15421534,-0.03454033,-0.030775987,0.5231851,0.32535642,0.110664755,0.24717396,-0.34509426,-0.030823514,0.15761174,0.112455845,0.1446806,-0.14033526,0.63225263,-0.061697647,0.09512819,-0.12028843,0.054006702999999996,-0.5551661,-0.18912317,0.23773348,-0.47323376,0.20841122,0.18336545,-0.09327192599999999,-0.49529546,-0.3265967,0.09329137,0.1047039,-0.34989437,-0.5865758000000001,0.0887195,0.023747716000000002,-0.26373434,0.27965635,-0.1765027,0.15633836,-0.07950692,-0.01944152,0.1502037,-0.36973694,-0.13530795,-0.18325832,-0.069396175,0.16795452,-0.4520919,-0.015371248999999998,0.10604291,0.41637093,-0.010010614000000001,-0.16815393,-0.03748468,0.16870019,0.0258853,0.46323526,-0.0025742508,-0.10147248,-0.05971241,-0.029170865,-0.36646742,0.03943167,0.062697604,0.12074877,-0.1531606,0.010331151,0.01800306,-0.40312713,0.33639675,0.0553914,-0.39132628,0.34038708,0.16124308,-0.17515478,0.011775093,-0.17304951,0.13399146,-0.36366898,-0.021089116,-0.0027795534000000003,-0.75959957,-0.21803881,-0.23639372,-0.27024785,0.18852170000000001,-0.46989882,-0.46976647,0.019192418,0.1356398,-0.36303774,-0.17913844,-0.013357962,-0.16219679,-0.20260425,-0.0064937295,0.091338225,0.68265945,-0.11422753,0.5872739,0.038082127,0.14151412,-0.17783548,0.12154928599999999,0.38687134,-0.31337237,0.34245768,-0.14927696,-0.29627370000000003,0.17488074,-0.1771826,0.08243896,0.10119402,0.10199336,0.11380854,0.52674174,0.11587709,-0.20440456,0.37152776,-0.49892431,0.041014917000000005,-0.08052975,-0.053363983,-0.307767,-0.032358057999999995,-0.15682514,-0.08415045,-0.8355254000000001,-0.13160410000000003,-0.18060851,-0.11075273,0.1258837,0.15695429,0.36157104,0.48831257,-0.49323764,-0.49401033,0.47914827,-0.50763446,-0.30566156,0.30546165,0.15542682,-0.13585250000000001,0.043652233,-0.050673734000000005,0.35617653,0.9566011999999999,0.10747896,-0.11405511,0.49918914,-0.31903577,0.5417144,0.43727294,0.103648245,-0.37730566,0.34059545,-0.04478113400000001,-0.29180962,0.50807047,-0.1667062,0.14707205,-0.35047776,0.5272226,0.612264,-0.15342429999999999,-0.18387127,-0.39542934,-0.27109778,-0.23744415,-0.28067270000000005,0.5495276,-0.02193542,0.7154559,-0.34690934,0.15958974,-0.055373527,-0.43757219999999997,0.2857942,0.24370116,-0.08570332,0.012245937,0.13905834,-0.17251092,0.42508474,-0.072198525,-0.02555484,0.06932727,-0.3148397,0.22408606,0.121845305,0.22167552,0.07540373,0.35670796,0.37330422,0.30642056,0.15893438,0.016610753,0.51084626,0.59077674,0.40334666,-0.048054546,0.10360624,-0.0058444740000000005,-0.35672155,0.18679416,0.37993786,0.020717205,0.58656555,0.24475302,0.3237665,0.018204499,0.19557537,0.58676827,-0.69149286,-0.09232864,-0.27847248,0.21302748,0.03191422,-0.114920095,0.21980108,0.2619222,0.6398203,-0.22803888,-0.03466033,0.21423323,0.3597856,-0.0072223404,-0.083351694,0.1885771,0.21664211,0.19715522,-0.006165358199999999,-0.1726438,-0.27495733,-0.14723843,-0.7226764,0.17203774,0.2808894,0.12196954,-0.49064672,0.14205062,-0.0671412,0.14435826,-0.052533075,0.11553311,-0.028554019,0.55854934,-0.06477861,0.6565643,0.050240665999999996,0.4381907,0.00927041,-0.014425535,0.27719253,0.3845679,0.06680657,-0.24491529999999997,0.18869443,-0.37943897,-0.48626320000000006,0.21437615,0.46431655,-0.3838911,0.44273195,0.38035935,-0.18136798,-0.16046631,-0.0051934663,-0.022131357,-0.315303,-0.27982354,-0.20019302,-0.08611355,0.4179822,-0.35865864,-0.036484417000000005,0.21440618,0.32814488,0.35093665,0.12027019,0.21974586,-0.2775599,0.25451702,0.29175508,-0.089973725,-0.26541929999999997,-0.65141994,0.24807683,-0.110843934,-0.11579173,0.031228652000000003,-0.047998547999999995,0.41696507,-0.62310344,0.106703125,-0.6589983,-0.14797474,-0.39935648,-0.38686007,-0.27055877,-0.0070757247,-0.06465463,0.13366255,-0.38277617,-0.16929978,-0.13946179,0.047700904,-0.23941158,0.1533045,0.065987006
38,1,0.019769125,0.0907053,0.48201516,0.0035604388000000002,0.18313523,-0.15184754,-0.13187565,0.5287845999999999,-0.023690008,-0.3007018,0.29575917,-0.20001301,0.22591409,0.42445117,-0.1570954,0.4055011,-0.27120158,0.09065178,0.10604119,-0.018386625,0.40330592,-0.15221688,0.20794067,0.5031736,0.4204933,-0.061912037,-0.038547147000000004,0.15932935,-0.31523320000000005,0.0057354704000000005,0.2779241,0.31374484,-0.30876386,-0.28700697,0.086889595,0.003957878,-0.28884232,-0.28889915,-0.19016534,0.091391206,-0.58173805,-0.09809458,0.23219623,0.23969546,-0.2883825,-0.46971759999999996,-0.12217195,-0.15459456,0.05851414,-0.061005775,-0.32357323,0.22352535,-0.31245825,-0.21984243,0.10808193,0.8235344000000001,0.02096286,-0.32120040000000005,-0.43805839999999996,-0.37912634,0.4124626,-0.33795908,0.16670306,-0.46284893,0.29773235,0.20079360000000002,-0.08130211400000001,0.20101582,-0.83155274,-0.03733629,-0.29394454,-0.09183059,-0.11541393,0.21522965,-0.37356737,0.097115725,-0.15103954,0.23474407,-0.12302337,-0.025724916,-0.16815871,0.28839165,-0.24796341,0.24544048,0.080505416,0.40461640000000004,0.10908811,0.09622005,-0.14530033,0.69124275,-0.0068452163,-0.27752665,-0.020993004,0.10311621,0.10699296,-0.165284,0.39918262,-0.052203677999999996,-0.32266697,0.6673548,0.18169795,-0.13069864,0.027394246,-0.24220452,0.033433486,-0.028181596,0.0022110579999999997,0.038710073,0.11298673599999999,0.17231885,0.05661229,-0.09191808,-0.11374331,-0.2995989,-0.3769597,0.14752172,-0.031002896000000002,-0.12613954,0.041957572,0.05217241,-0.032114815,0.17177504,0.018033214,0.62640643,0.15710321,-0.079596095,-0.19724065,0.31821984,-0.029287232000000003,-0.3390473,-0.056124385,0.12398603,0.15261063,-0.48983428,-0.22272243,0.056610062999999995,0.045525755999999994,-0.38534650000000004,-0.26991729999999997,0.029565757,0.19838186,-0.34181997,0.456833,-0.11801077,0.19979908,0.02988079,0.038771863999999996,-0.005961104,-0.20080382,0.28799748,-0.09427631,-0.10890934,-0.04192375,-0.19372143,0.005423056999999999,-0.22857600000000003,-0.14978853,0.23291855,0.05088464,0.379643,0.23216705,-0.035742382999999996,0.008229506999999999,0.33454606,0.2294469,0.015837092,0.16466482,0.22331199999999998,-0.08977695599999999,0.006607610999999999,-0.07489484,0.04224163,0.36754754,-0.23759133,0.12982152,-0.047492277,0.2692087,0.013798326000000001,0.10258628,0.18560201,-0.60706973,-0.13385975,0.081632726,-0.17083178,0.19002682,-0.30021152,-0.10676605,-0.19754542,0.6258784000000001,-0.11767853,-0.20199631,-0.09436307,-0.23908329,-0.24191381,0.027641713999999998,-0.49791154,-0.23838020000000001,-0.019378483000000002,-0.36835596,-0.13014421,0.09888948,0.08836184400000001,0.069461256,-0.047507107,-0.15535802,0.049417745,0.16079609,0.031138806,-0.2255134,0.35730147,-0.11534874,0.38314483,0.039381105,-0.54811937,-0.09056091,-0.10265184,0.2142301,0.08193689,-0.041911885,-0.021605676,0.1304363,0.14549589999999998,-0.26242992,0.23867689,0.016759777,0.61817926,-0.24894756,-0.69547963,0.33022794,0.46075618,0.054027732,-0.2732212,0.8095049,-0.13226523,-0.08962632,0.11383117,-0.5512205,-0.30410075,-0.027397237999999997,-0.016905693,-0.36458215,0.12835018,-0.134054,0.13877477,0.3164451,-0.13034202,-0.12248766400000001,-0.017180806,-0.26045623,-0.32598436,-0.61960185,-0.48626158,0.046615995,-0.39701653,-0.16914208,-0.604985,-0.21239166,-0.251632,0.033622663,-0.17920946,0.40444872,0.19054268,-0.35077587,0.13135797,-0.19562294,-0.27537856,0.011968505,0.16445218,0.30384701,0.3554501,0.10905766,-0.0017442967999999998,-0.15218644,0.5868544,-0.052197218,-0.12538606,0.26255159999999994,0.11589411,-0.043571524,-0.05289414,0.3065122,0.1411219,-0.13880777,0.11807623,-0.05786198,-0.15339489999999997,0.1331862,-0.10205167,-0.26908082,-0.23586617,-0.21910018,-0.30994,-0.38469380000000003,-0.03060857,0.5624197,0.07416407,0.074325584,0.29536957,-0.13642259,-0.104384966,-0.26339248,-0.09658847,0.21580802,0.22519831,-0.19734816,0.35755333,-0.08928122,-0.36336175,-4.251537,-0.23628315,-0.25285178,-0.36153358,0.09209597,-0.10528532,-0.10553238,-0.30712062,-0.36835822,-0.22881989,-0.1910358,-0.31212127,0.11223161,0.024022764,0.25874522,0.34285665,0.35050476,-0.2482592,-0.06643371,0.5706852,-0.1869699,-0.4150218,0.13088173,0.08682556,0.23507579999999997,0.26421255,-0.18429942,-0.11230414,-0.21331486,-0.34345790000000004,0.2608969,-0.2131288,0.16201662,0.11859261,-0.030749692000000002,0.03381066,-0.020779423,-0.40206003,-0.24040848,-0.36553379999999996,-0.0017727220999999998,-0.24821287,0.17470628,-0.1586412,0.8367136000000001,-0.39624786,-0.29480127,0.0067013935,-0.07976169,0.024102371,-0.049876515,0.19143993,-0.05035092,-0.33060575,-0.32691079999999995,0.19410457,0.3712877,0.39010355,-0.44750217,-0.20833358,0.25392956,-0.2708182,-0.32088295,0.09839653,-0.075495034,-0.18912320000000002,-0.6207001,-0.18893184,0.33303794,0.015979335,0.18583270000000002,0.44989154,-0.09130431,-0.8268112,0.04747046,-0.07206175,-0.05645269,0.022712512,0.23821937,-0.07088736,-0.20518018,-0.23352818,0.2500699,0.048338007,-0.020135032,-0.21598649,0.3996406,-0.118795656,-0.49924567,-0.49280816,0.11726882,0.17436107,0.3233217,0.26603025,0.065509245,-0.3373483,0.18648872,-0.03304291,-0.029533725,-0.16508912,0.32142133,0.33705637,0.39772588,-0.07627528,-0.078576446,0.10697384,-0.24359946,0.06952610599999999,0.29365033,-0.11955423,0.46019527,-0.20778203,0.31027538,-0.09480249,-0.05228523,0.103006,0.28882977,0.6574478,0.032823662999999996,-0.41924979999999995,0.11393078,0.3946409,-0.34795940000000003,-0.16360244,-0.8763671999999999,0.05100832,-0.35000926,0.5008710999999999,-0.36972216,-0.12036944,-0.060343996,-0.29649737,-0.3121184,0.32362196,0.138675,-0.07220923,0.17589948,-0.29717743,-0.03535732,0.0773572,0.23434044,0.54915786,0.033761922,-0.11661295599999999,-0.30958083,0.18901347,-0.1832635,0.26657736,-0.26337808,0.38988229999999996,-0.34462908,-0.23523813,-0.25726232,-0.24291906,0.075096704,0.14031292,0.44991090000000006,0.019775182,0.16476858,-0.41708909999999993,0.27584237,0.21585387,0.26337525,0.22678004,-0.09059581,0.36736587,-0.08037581,-0.26334759999999996,-0.09770081,-0.034877248,-0.5667748,0.15062477,-0.0027967163,-0.5317187,0.11312775,0.31581274,0.08770397,-0.26612276,0.12034132,0.35805258,0.20859526,-0.20984727,-0.17499806,-0.04759816,0.5382344,0.09407646,0.1557002,-0.100937836,0.1388986,0.12061758,-0.50921655,0.34320065,-0.06435795,-0.07769657,-0.09545647,0.039141897,0.20954846,-0.2977824,-0.052656032,0.16424447,0.3546172,-0.08267811,-0.08200609,0.099010795,-0.20536438,-0.08570029,0.09060531,0.28153482,0.005653558299999999,0.22417498,-0.16311514,-0.33164337,-0.50941265,-0.07167342,0.31635112,-0.26086729999999997,0.10862279,-0.30200693,-0.42970303,0.36299970000000004,0.2898485,-0.5178517,0.23033404,0.14107804,-0.3410269,-0.1248384,-0.12852837,0.45986109999999997,-0.29870117,0.06785285,-0.2507856,-0.8010468000000001,0.14792734,0.12262753,-0.026740062999999998,0.20214558,-0.12974404,-0.30136988,0.08857134,-0.28007483,-0.46660516,-0.013574979,-0.03462553,-0.44000795,0.08166315,0.25813034,-0.092524864,0.3959014,-0.2364478,0.54905,0.1074647,-0.10554849,-0.22516985,-0.28776404,0.26392946,-0.32622662,-0.23587586,-0.23038071,-0.6234010999999999,-0.092908785,-0.21096820000000002,-0.32125884,-0.018927456999999998,0.1760556,0.10477948,0.12369001,-0.098552376,0.30359435,0.32598126,-0.572045,-0.0360667,0.1704715,0.16021146,-0.18401085,-0.08418199400000001,0.0492929,0.05689063,-0.573449,0.18857469,-0.47571772,-0.20119289999999998,-0.28836492,0.19521356,-0.09592461599999999,0.34862065,-0.16975555,-0.50009555,0.09586993,-0.12414816,0.07465833,0.10313916,0.0493472,-0.25755522,0.00043673405999999996,-0.03346509,0.2511047,0.93666214,-0.080212325,0.08294511,0.557766,0.11705634,0.16136620000000002,0.23029152,0.061730817,-0.10495233,0.3500591,0.03236963,-0.46932793,0.01747711,0.37813425,-0.06617032,-0.292505,0.5442807,0.34605882,-0.3117966,-0.25612995,-0.11692006,-0.12545708,-0.23936987,-0.07696358,0.065845974,0.04322407,0.53592086,-0.30532596,0.17186275,-0.002529286,-0.10883388,-0.20086345,-0.30580026,0.24649125,-0.043114934,0.3514116,-0.26485790000000003,0.46511313,-0.07095794,-0.092909664,0.09333683,-0.025129147,0.24853788,0.25246087,0.007370532,0.039342634,0.39248782,0.1919485,0.38659403,0.09161498400000001,0.10488376,0.37330607,0.4612685,0.6779805,0.12726937,0.25165468,0.043021537,-0.18842767,0.23689824,0.20069948,0.14769833,0.41584313,-0.16382234,0.8360586999999999,0.23621346,0.45424178,0.50792927,-0.7060741999999999,-0.26823723,0.066245906,0.32121786,-0.10880303,-0.13219679999999998,0.10545206,-0.011912625,0.26587054,-0.35568249999999996,0.00012053006999999999,-0.057869032,0.33907598,-0.10073497,0.0070793615,-0.0070767845,0.4285597,-0.023228837000000002,0.045552145999999995,-0.5631723000000001,-0.11866771400000001,-0.046073962,-0.49895725,0.08196998400000001,-0.011273899999999998,-0.24219290000000002,-0.41480829999999996,-0.1270413,-0.09552985,0.09021943,0.20223755,0.13205552,-0.0686328,0.46553802,0.1024422,0.33594117,0.15617314,0.3222914,-0.14024416,0.042691663,0.27058554,0.3776699,-0.07318443,-0.3149255,-0.025362642,-0.23511837,-0.302089,0.027084576000000003,0.23669647,-0.66631573,0.27673146,-0.25850222,0.08421197,-0.05279781,0.26950997,-0.23544993,-0.18442078,-0.31533504,-0.17446579,-0.034950417000000004,0.13525774,-0.1722276,0.054195438,0.14820318,0.29032212,0.06594021,0.1820817,0.10494352,-0.07238372400000001,0.49032349999999997,-0.029341716,-0.07329284400000001,-0.3953163,-0.26138183,0.039760467,0.016864004,-0.0680182,0.18222217,0.329381,0.17269494,-0.26198933,0.6976791999999999,-0.41724120000000003,-0.16321391,-0.11873651,-0.30452573,-0.22881132,-0.1797301,0.03288219,-0.06790573,-0.15195215,0.12131501,-0.165639,0.052113235,-0.27349222,0.19950439,-0.22480597
39,1,-0.39135277,0.017919945,0.5392720999999999,0.08209009,0.267776,-0.047931115999999996,-0.11106033,0.437424,-0.050443117,-0.6120555,0.12820531,-0.23055436,0.11930661,0.20835331,0.10778257,0.4615054,-0.13398972,0.10843556,0.020593759,0.118148826,0.22592627,-0.28298348,0.10536702,0.5772606,0.42249444,-0.13906404,-0.14874664,0.04183099,-0.17625768,-0.037599873,0.43793878,0.28908744,-0.20502877,-0.29392242,0.28137429999999997,0.04798937,-0.38002329999999995,-0.22108047,-0.15959677,0.07782097,-0.65044117,-0.13852262,0.060666777000000005,-0.058561005,-0.30796126,-0.30736136,0.030426769,-0.41878062,0.18844432,-0.08528598,-0.42905465,0.021182146000000002,-0.34511632,-0.20982093,0.12546138,0.8230606,0.08063494,-0.47347516,-0.6144549,-0.42240295,0.46384218,-0.18243454,0.062176015,-0.48626843,0.03700232,-0.07424745,0.17608684,0.30339846,-0.88762736,-0.09620619,-0.3934477,0.14444974,-0.30291724,0.2880585,-0.29173544,-0.11327962,-0.19776471,0.16430536,-0.08210469,-0.28264716,-0.31249383,0.27216804,-0.3112509,0.18649451,0.0029935473999999998,0.39436153,0.21396632,0.30127472,-0.4142272,0.74529886,0.32783228,-0.3084918,0.17623827,0.12815297,0.1875381,0.042117905,0.4179819,-0.004584058,-0.32464388,0.5540007,0.40427262,-0.27060306,-0.16368443,-0.21796702,0.18118984,-0.09819002,-0.032465585,0.10165575,0.118361525,0.023675952000000004,0.023626882999999998,-0.12350933,-0.23187152,-0.34295797,-0.05266693,0.020717205,-0.04892856,0.14079428,0.05621396,0.021801194,0.029139575,0.16468975,0.14214492,0.75967205,0.015078477,-0.06763056,-0.1016841,0.45298252,0.082374565,-0.18232219,-0.044920365999999996,0.1389434,-0.056451492,-0.5157099,-0.35428205,0.18376316,0.12528677,0.109261334,-0.24365206,-0.11121069,0.07167993,-0.46929259999999995,0.61626,-0.216443,0.30885485,0.037700503999999996,-0.0066433265,-0.10810931,-0.06814947,0.18239929,0.005731155,0.08326625,-0.20721723,-0.09085613,-0.19660063,-0.32753876,-0.23159626,0.33832094,-0.087970845,0.12220102,0.31037292,0.07437287,-0.26882264,0.16066732,-0.041701317,0.05621338,0.1111378,0.2842321,-0.28869659999999997,0.04957498,-0.02482091,-0.1482703,0.6823351,-0.15664302,0.22556064,0.029150594,0.22860476,-0.080118015,0.046033744,0.19449387,-0.56443,0.04877029,0.25858805,-0.14487502,0.18152021,-0.20471147,0.04862156,-0.25090250000000003,0.14311592,0.07205921,-0.3088355,-0.06375685,-0.16867764,-0.2624342,0.24118850000000003,-0.5840727,-0.0048438464,-0.06239507,-0.48448459999999993,-0.21257019,0.14607362,0.27098405,0.22886786,0.08422331,-0.1436069,-0.26914912,0.0067563894999999995,-0.23607232,-0.13340788,0.22766839999999997,0.006339831999999999,0.20240669,0.20697516,-0.42316502,-0.07502084,-0.14724599,-0.10152428,0.05474918,0.11068612,0.28579307,0.33503249999999996,0.18268126,-0.14444406,0.4160689,-0.06378112,0.42203122,0.042007376,-0.68838304,0.34462798,0.5798,-0.11303173,-0.4949674,0.47080600000000006,-0.16798703,-0.084995516,0.2252076,-0.61644197,-0.26097164,0.024036037000000003,-0.08964973,-0.29437235,0.40220234,0.013460886000000002,0.00049614074,0.27393323,-0.35648420000000003,-0.0037465209999999996,-0.026291217999999998,-0.19053301,-0.27296942,-0.7055325,-0.09903166,0.08012345,-0.42673248,-0.17616877,-0.39815900000000004,0.027464025,-0.21254395,-0.24808604,-0.1856192,0.40070045,0.06114216,-0.119468145,0.07308814,-0.031633653,-0.5328239,0.011646035,0.014425203000000001,0.28684843,0.19450687,0.08454026,-0.031176062,-0.11603901,0.6347996,-0.13617453,-0.14603016,0.36343467,0.17598738,-0.2656,-0.12548152,0.26505363,0.24807404,-0.17212513,-0.011198181000000001,-0.090902254,-0.21663406,0.26798740000000004,0.11793754,-0.19788137,-0.19631648,-0.18113351,-0.12577702,-0.591485,-0.29086125,0.56457746,-0.037175618,-0.050182275,0.39457178,-0.029370626,-0.04289242,-0.39708530000000003,-0.23383573,0.3233526,0.25763115,-0.31806964,0.012871167,0.014174006999999999,-0.28998008,-3.9724991000000003,-0.17237514,-0.008087641,-0.3418231,0.11297326,0.011028071,0.15020889,-0.11496107,-0.28283536,-0.15989092,-0.13736996,-0.15107122,0.12043902,0.021545785,0.13606307,0.29172259999999994,0.45330313,-0.19440438,0.0076518827,0.28185633,-0.14739269,-0.8486541999999999,-0.017588744,-0.054306257999999996,0.30283287,0.1164732,-0.22744128,-0.035804316,-0.39284295,-0.11960218,0.24936184,-0.15042116,0.20948486,0.11222083,-0.0064098923,-0.06546268,-0.051833212000000004,-0.33036274,-0.1984287,-0.42429894,0.10859909,-0.40541697,-0.10785019400000001,-0.109361514,0.80571705,-0.18290299,0.099399135,0.10007509,0.070740625,0.035394985,0.16086772,0.19584323,-0.0496573,-0.33391609999999994,-0.11755766,0.1933156,0.4966795,0.57499653,-0.25924185,-0.110287026,0.19607484,-0.094070025,-0.5788868,0.010428795,-0.18120147,-0.039724614,-0.56801695,-0.13308097,-0.01193084,-0.16633582,-0.029499067,0.51531017,-0.22271965,-0.53675425,-0.009750097,-0.23687609,0.22040921,0.090159535,0.36923262,-0.18167270000000002,-0.25706017,-0.44628724,0.23313913,0.027753824,-0.08554914,-0.09345345,0.16403024,-0.20632254,-0.41093618,-0.58003986,0.066733755,-0.01455755,0.48024288,0.13965558,0.17458983,-0.33010322,0.4133661,0.030341352999999998,-0.32167396,-0.2752741,0.08109475,-0.1909472,0.3160347,0.020344364,0.0066133835,0.32248464,-0.18050213,-0.06716661,0.38896149999999996,-0.1417331,0.32163557,-0.12202539999999999,0.65467256,-0.34753907,-0.15780747,0.22888285,0.13206631,0.59386176,0.14784107,-0.24372715,-0.03282923,0.25070524,-0.19932887,-0.32854375,-0.59565604,-0.0078075969999999995,-0.36514658,0.36926275,-0.2743882,-0.17201799,-0.2457764,-0.2391581,-0.34369108,0.3969322,0.13744964,-0.042179402000000005,0.042634032999999995,-0.32780254,-0.05304073,0.059684653,0.23071776,0.36223477,0.07410226,-0.26271700000000003,-0.23060770000000003,0.47423536,-0.25495648,0.12922089999999997,-0.23584887,0.27100348,-0.4591733,-0.36757135,-0.19515696,-0.22956795,0.003961078,0.3809127,0.29418135,-0.18097205,0.12496498,-0.48307136,0.30445075,0.21497251,0.08023329,0.09698453,-0.10569036,0.72488624,0.045905586,-0.28136003,-0.019785665,-0.063395664,-0.39711887,-0.16382259,0.16648771,-0.71269083,0.041023847,0.35640508,0.18894681,-0.38595718,-0.15885659,0.25807800000000003,0.1203873,-0.16512860000000001,-0.25579650000000004,0.18839154,0.29993546,0.10795998,0.05282532400000001,-0.11469705,0.03936153,0.10214647,-0.20664725,0.50740707,0.07902274,0.064586714,-0.10376361,-0.06760453,0.3805354,-0.171395,-0.10799829999999999,0.057186794000000006,0.382994,-0.0675619,-0.09190771,0.118935406,-0.0801667,-0.21544179999999996,-0.13238835,0.42282440000000004,-0.1151596,0.056840114000000004,-0.46615073,-0.37729925,-0.43747157,0.039404842999999995,0.21206416,-0.24957135,-0.03177622,-0.00063221226,-0.39929226,0.43639162,0.31361562,-0.23636356,0.37657209999999997,0.11442668,-0.15061904,-0.21197441,0.13683283,0.21482117,-0.1958105,-0.15014468,-0.22074626,-0.9314959,0.10495399,0.19620343,-0.049831852,0.33743837,-0.0720921,-0.44973356,0.15210116,-0.14461870000000002,-0.5346619,0.14519697,-0.1497741,-0.46794713,-0.031077854,0.007364554000000001,0.03701411,0.26493543,-0.17208746,0.47237393,-0.36579752,0.013306288000000001,-0.082659125,-0.30844712,0.26243812,-0.40371314,-0.4575379,-0.24671799,-0.49104083,-0.23161466,-0.27992690000000003,-0.39753434,-0.26188928,0.18041292,0.40265408,0.24367465,0.00599454,0.03960416,0.35663593,-0.5111647,0.080474235,0.022989595,-0.0020383664,-0.3511293,-0.003137775,-0.122244835,0.1529267,-0.5524316999999999,0.44069663,-0.30431366,-0.27605835,-0.32632685,0.33154687,0.06132463,0.46970683,-0.29949063,-0.232082,-0.0047473796000000006,0.0363886,-0.10072679,0.38939995,-0.09782784,-0.18293878,0.034044053,-0.18787003,0.3941524,1.027929,-0.121319495,0.11525479,0.36467886,0.17260927,0.35799524,0.30408603,-0.00023548443,-0.114018664,0.33950192,0.11745426,-0.26347402,-0.0008222055000000001,-0.059086785,0.17210004,-0.20126029999999998,0.5578721999999999,0.47047687,-0.351995,-0.15220918,-0.31491813,-0.14883935,0.049993552000000004,-0.03132564,-0.13307127,0.13442147,0.6076068,-0.20108022,0.22527575,0.36288574,-0.138824,-0.28214702,-0.04890971,0.29740515,-0.039681297000000004,0.31263348,-0.20273322,0.31439134,-0.03748263,0.052625235,-0.04045386,-0.09235695,0.057957876,0.42904046,0.155299,0.019463586,0.516668,0.37557694,0.2932417,0.12819521,0.24508682,0.0985916,0.43558893,0.624125,0.31052577,0.20060936,0.12402925,-0.22255544,0.12358426,0.29514125,0.04219822,0.61968386,0.13600652,0.7292114000000001,0.26798064,0.30629456,0.4987626,-0.815667,-0.42449078,-0.08246,0.22745503,0.018516513000000002,-0.07632714,0.119287856,0.062554784,0.19099958,-0.27682084,-0.3401114,-0.16804989,0.3275617,-0.21671776,-0.16322692,0.12356224,0.45111713,-0.13101645,0.030524641,-0.44496253,-0.023553602000000003,-0.34209093,-0.069019355,-0.10514483599999999,0.038634066,-0.026488185,-0.37895814,0.0012760547,-0.0039026715999999997,0.38452357,0.1270209,-0.02898915,-0.039428458,0.47926447,0.09616519,0.5778181,0.017833246,0.39011163,-0.18672302,-0.15887089,0.31650809999999996,0.45840326,0.081744626,-0.116175205,0.31497678,-0.38458282,-0.24445242,0.17948247,0.33143866,-0.38359526,0.23001125,0.09278205,-0.19178268,-0.19737352,0.24204487,-0.13799578,-0.25002128,-0.12501425,-0.62084234,0.10393716,-0.18719263,-0.2553292,-0.15239339,0.22599061,0.21256109999999998,-0.06025621,0.21915998,-0.13232014,0.17823789999999998,0.06254202,0.1781409,-0.09875901,-0.27944613,-0.33676043,0.008929889,0.004168715999999999,0.32767406,0.10664935,0.3124935,0.02638519,-0.10018719,0.6774409,-0.21029922,-0.08063309,-0.17957844,-0.25577173,-0.07310625,-0.031884916,-0.02569854,0.23235194,-0.164304,-0.11431703,-0.2565504,-0.10673789,-0.36377916,0.06386476,-0.24066521
40,1,-0.08202562,0.060621336,0.5989743000000001,0.20257023,0.2267154,-0.23690154,-0.20472436,0.45696629999999994,-0.031405024,-0.42099407,0.31147420000000003,-0.35713625,0.055386998,0.2978671,0.0041170353,0.19500224,0.023861695,0.16942474,0.18947999999999998,0.11123657,0.11166786,-0.24077849,0.19575189,0.51879114,0.35374317,-0.19325139,0.013771978999999998,-0.06525527,-0.18709973,-0.112382434,0.43436140000000006,0.24886557,-0.43595868,-0.17840381,-0.0003042647,0.07986718400000001,-0.40107682,-0.1884485,-0.2239232,0.17178310000000002,-0.59986836,-0.15367761,-0.07203261,-0.067366,-0.44909948,-0.33300892,0.052783273,-0.24801728,0.29484114,-0.099883996,-0.5300288000000001,-0.09395789,-0.2864159,-0.25241628,0.22361171,0.68130004,-0.12692873,-0.48176894,-0.64511144,-0.38743183,0.60854477,-0.30598068,-0.07473999,-0.61966735,0.23713675,-0.12663534,0.12488944,0.41192340000000005,-0.8184334,-0.19571660000000002,-0.22734512,0.060178699999999995,-0.27060148,0.14218017,-0.20471895,-0.06343781,-0.2787905,0.34120926,0.07703472,-0.35958463,-0.2942744,0.30841622,-0.45922393,0.49509335,-0.17373417,0.19226035,0.07795039999999999,0.16151334,-0.29793954,0.7965154000000001,0.22005068,-0.35339013,0.24348545,0.074696764,0.1406436,0.07032709599999999,0.5018965,0.07988613,-0.25552815,0.60911554,0.35523108,-0.24798189,-0.11046893,-0.25547242,0.23710069,-0.32790682,0.14091165,0.24007849999999997,-0.003115658,0.08986423,-0.055486225,-0.096216224,-0.056218084,0.011529283000000001,-0.24413364,0.014672161999999999,0.07805295,-0.034388717,0.103777476,0.122628294,-0.019850334,0.27077335,0.17628197,0.84810096,-0.0013556298000000002,-0.007436159,-0.45462975,0.52947026,0.060010087000000004,-0.35923052,-0.049689155,-0.014049043,0.0003075442,-0.37967178,-0.12482279,0.08988695599999999,-0.08167652,-0.15905912,-0.2725703,0.18102849,0.16367242,-0.42975575,0.48913854,-0.18827789,0.055288985,0.081511565,-0.0422556,-0.13510087,-0.35372064,0.3460841,-0.019730166,0.027925685,-0.13420941,-0.08673908,-0.09533583400000001,-0.10054544,-0.35941100000000004,0.43385226,-0.15464963,0.07484259,0.35950664,-0.09383366,-0.18696208,0.34589678,-0.15669543,0.20174047,0.14664097,0.40356645,-0.28436843,0.11127619,-0.053176182999999995,-0.11187488,0.71801287,-0.17004520000000004,0.118275754,-0.20094901,0.18138869,0.04669948,-0.025429074,0.15264408,-0.6190796,0.23356387,-0.01617681,-0.013792928999999999,0.27849942,-0.20473468,0.043257885,-0.2543223,0.16584723,-0.09916993,-0.20030408,-0.23252699,-0.32099694,-0.25890195,0.11963114,-0.60761696,0.015037105,-0.08632721,-0.6385549,-0.20387347,0.060143113,0.17107765,0.27612862,0.17219977,-0.19844323,-0.388302,0.23149334,-0.25035483,0.13665812,0.22257303,0.07925638,0.5418893,0.18767408,-0.21064536,-0.033303484,0.028851185,-0.15028994,-0.11385905,0.09453293,-0.009355104,0.39999458,0.03904575,-0.16425966,0.35887793,-0.0696447,0.63551694,-0.16435876,-0.761181,0.050809525,0.54660636,-0.06521343,-0.28421018,0.77836716,-0.17662549,-0.09927787,0.12976415,-0.43933254,-0.34438017,-0.053303815,-0.08379322,-0.14066485,0.6618701,0.069680676,-0.022180926,0.30731255,-0.19484967,0.03182448,-0.14853027,-0.37196833,-0.41296202,-0.58361864,-0.43585595,0.04989702,-0.419335,-0.15859629,-0.22903252,-0.059448462,-0.28419352,-0.14073879,-0.035521093999999996,0.50475776,0.10573129,-0.1805611,0.13852318,-0.18911555,-0.5731839,-0.18581443,0.2213899,0.25841525,0.06641097,0.07278882,-0.081034705,0.011190683,0.54808927,-0.009238438,-0.21939679999999998,0.30704165,0.087132454,-0.019584676000000002,-0.2656118,0.19827661,0.44582552,0.03556503,0.10336085,0.0039050132,-0.40443609999999997,0.21903165,0.1373924,-0.14044105,-0.24746245,-0.103457175,0.0583143,-0.44765429999999995,-0.41827196,0.47055608,0.04558432,0.035271462,0.27818713,0.21281342,-0.1286678,-0.44060567,-0.13940264,0.2671415,0.16158266,-0.30922586,0.19115421,-0.004997585,-0.37082607,-4.157609,-0.22948585,-0.070601255,-0.33430190000000004,0.096439205,-0.22240673,0.06367909,-0.13718098,-0.3119875,-0.017372355,0.03022193,-0.22778879,0.2350795,0.2803671,0.19733624,0.39753574,0.284092,-0.02933817,-0.0039700484000000005,0.37604177,-0.10166217400000001,-0.55843705,0.035059206,-0.18259722,0.35095105,0.32387167,-0.17505658,-0.108764365,-0.21434519,-0.0126549825,0.15267974,-0.02759617,0.14032479999999997,0.37304997,-0.04748349,-0.031023579,0.0126857655,-0.293969,-0.30879888,-0.18685813,-0.07537402,-0.5834786,-0.01700236,-0.08352697,0.77445,-0.3370809,-0.03316471,-0.040328263999999996,0.092700645,0.27537045,0.25633779999999995,-0.098312184,-0.28687322,-0.3499392,-0.26089615,0.06738134,0.5803356,0.692563,-0.20952308,-0.19189212,-0.05591619999999999,-0.18853223,-0.5658565999999999,-0.041166786000000004,-0.11294676,-0.30755907,-0.32294932,-0.04829785,-0.017704146,-0.13896486,0.1157424,0.41459003,-0.39645949999999996,-0.61031806,-0.116981134,-0.19526002,0.31029394,-0.015239645,0.193761,0.015123911,-0.19510695,-0.23232646,0.13245805,-0.005495203000000001,0.061325073,-0.13494456,0.15340869,-0.11026775,-0.43379045,-0.6544741,0.024289103,-0.068471245,0.4701554,0.19424184,0.23995282,-0.14360085,0.30409417,-0.028786262000000003,-0.32958633,-0.38056055,0.025480554,0.30730048,0.39655617,-0.14064077,0.1574499,0.051538892,-0.13121322,0.1544554,0.25221533,-0.14127266,0.46165690000000004,-0.42434648,0.5939175999999999,-0.26730037,-0.28611645,0.06312316,0.27240290000000006,0.52183616,-0.02389755,-0.27170079999999996,-0.049893335,0.23498054,-0.31862938,-0.40078953,-0.5079802,-0.22352344,-0.34280866,0.23491646,-0.106293835,0.13069399,-0.4289894,-0.15619747,-0.28859895,0.44031423,-0.00053488277,0.0004903191599999999,0.07755728,-0.45366836,0.09551341,-0.13190246,0.24268636,0.43436065,0.09231236,0.042990644,-0.34512973,0.27084413,-0.08139888,-0.19167784,-0.31074518,0.05400961,-0.39780653,-0.20537779999999997,-0.110674605,-0.23883438,0.048492625,0.28898429999999997,0.3553652,-0.08466367,-0.16103052,-0.53610617,0.2660143,0.24223475,0.3057324,0.049943607,-0.082648955,0.73724854,0.122777544,-0.17618796,-0.021622152999999998,0.16001241,-0.25111824,-0.24024570000000003,-0.08009223,-0.64800936,-0.09355742,0.37408498,0.11896025,-0.28340992,-0.1979153,0.117763415,-0.13718845,-0.23306742,-0.22069554,0.043845885,0.41666523,0.45000553,0.11357058,-0.26982227,0.04745779,0.18165238,-0.11744858,0.47637403,-0.023247632999999997,-0.008504661,-0.11065205,-0.13848612,0.4019173,-0.21973488,-0.12778267,-0.018159643,0.49541146,-0.2987078,0.028020068999999998,0.0816609,-0.09181759,-0.26086729999999997,0.117164634,0.4159877,0.022697156,0.017905615,-0.40459752,-0.3782087,-0.45995793,0.09403938,0.12329312,-0.33181062,0.002121218,0.08888694,-0.27362528,0.3711738,0.08681160000000002,-0.10759436,0.35837063,0.08372368,-0.23081486,-0.31226087,0.21771768,0.18921833,-0.24004875,-0.24718796,0.121555805,-0.7738429,0.08123330000000001,0.16168508,-0.35841548,0.3856912,0.09870376,-0.3798315,0.34645745,-0.26428527,-0.64276767,0.07056714,-0.18450643,-0.49042612,-0.031419784,0.17992052,-0.15600298,0.40083745,-0.12083089999999999,0.6637932,-0.18228729,0.29150826,0.016576162,-0.13333702,0.26981828,-0.25987017,-0.3572344,-0.107098214,-0.53991634,-0.1458182,-0.12113848,-0.33624616,-0.23081076,0.08771281,0.34759029999999996,0.37088530000000003,-0.08193919,-0.031952094,0.12415198,-0.41139499999999996,-0.10231224400000001,0.15681885,-0.036596067,-0.19589628,0.19466345,-0.023312585,-0.051071733,-0.57341415,0.27744922,-0.18636692,-0.21687812,-0.35528255,0.27361163,0.024658784,0.15515411,-0.20982738,-0.35307223,0.28282627,0.06224919,-0.031033792,0.30615145,-0.009835657,-0.11131759,0.11264233,-0.07272142,0.15226348,0.97885734,-0.22799292,0.15886061,0.21174149,0.07247925,0.26902765,0.17605087,0.13239643,-0.27739388,0.40089116,0.10846411,-0.31300947,0.28640094,0.0055841673,0.0028780464,-0.3208497,0.6093675000000001,0.5184962000000001,-0.22516766,-0.18012421,-0.20214789,-0.167798,0.19002892,-0.10550317,0.061119232,0.0009870687,0.5705057,-0.2613711,0.034933314,0.35153803,-0.17589349,-0.13315874,-0.020225534,0.35888755,0.07478999,0.23507139999999999,-0.37230018,0.5351059,-0.12629543,-0.013476616,-0.25319743,-0.16819088,0.18020236,0.18773958,0.07813143,0.036458912999999996,0.65159374,0.44118029999999997,0.40137637,0.15279076,0.1028664,0.046457022,0.74559695,0.5124177,0.34179458,0.18345384,0.007908185,-0.11136307,0.041767176,0.2709507,0.21674672,0.6176133,0.06856159,0.7041467,0.14776967,0.23873395,0.29660640000000005,-0.5414525,-0.19685112,-0.012826488,0.34924874,0.07698843,-0.36511904,0.066888556,-0.18284641,0.04936688400000001,-0.2878677,-0.44168127,-0.21142109,0.61829984,0.026809724,-0.3026193,-0.077334315,0.34432256,0.10568324,0.18938904,-0.44876343,-0.048528235,-0.22869994,-0.2942189,-0.11947560000000002,0.05831374,-0.09376453,-0.31183067,0.017883368,0.010841163999999999,0.4503324000000001,-0.16094835,0.0047953823,-0.11606533,0.41882506,0.13711298,0.5222729,0.061501093,0.32451835,-0.28230720000000004,-0.08899834,0.103688784,0.3588462,0.22886857,-0.06502374,0.31619102,-0.21074006,-0.19277503,0.17991164,0.44088596,-0.5322428000000001,0.2150591,0.10000894,-0.085100256,-0.030176954,0.33351082,-0.29257733,-0.07948278,-0.29773402,-0.29098228,0.12918171,-0.24154554,-0.20564876,0.06663417,0.08942742,0.18678062,-0.11866318,-0.029612314,-0.046544197999999995,0.11177184400000001,0.039877143,0.13660261,-0.3364183,-0.44264644,-0.29848823,-0.079182796,-0.044760212,0.44680995,0.13846858,0.2863091,0.21046808,-0.053358443,0.62497556,-0.28849440000000004,-0.15682845,-0.2786833,-0.1854718,-0.21330949999999999,-0.16681949999999998,-0.0051641874,0.19200152,-0.11663205,-0.11734354,-0.13330416,-0.08189819999999999,-0.32819495,0.35746753,-0.48176199999999997
41,1,-0.27335483,-0.20827563,0.7707156999999999,0.14011413,0.26071772,-0.24745378,-0.29747432,0.4900731,-0.12237599,-0.674215,0.12197533,0.008982748,0.19105881,0.32537493,-0.13524131,0.43702072,0.066269286,0.09314960000000001,0.24061509999999997,-0.031231638,0.27696013,-0.21909854,0.15518104,0.6747192,0.5172545000000001,-0.060423862,0.06953262,0.19901717,-0.09749915,-0.24164815,0.42803755,0.19161679,-0.12668021,-0.25761932,0.35464653,0.09163788,-0.17379163,-0.20376495,-0.22199808,0.0091409935,-0.64378005,-0.09265763,0.069853656,0.21310905,-0.40975174,-0.5301898,0.039602466,-0.20314325,0.34639367,-0.20311762,-0.17241313,0.17413679,-0.06694800000000001,-0.22757547,0.00046657067,0.60804427,0.12516697,-0.4854785,-0.38168436,-0.487343,0.66124195,-0.18997385,0.06532925,-0.2507257,-0.11541741,-0.04697745,0.11695116,0.3446535,-0.89683926,-0.13905782,-0.26771897,0.10205369,-0.2511235,0.085732326,-0.41669932,0.030286248999999998,-0.44613507,0.05547319,0.09175612,0.016207613,0.04521776,0.11081438,-0.20664413,0.2521215,-0.054683737,0.31291705,0.21589695,0.33040357,-0.30555293,0.8103236999999999,0.16303417,-0.0005219351999999999,0.11892785,0.057040572000000005,0.13345714,0.05006269,0.3467462,-0.17318505,-0.26064974,0.49883264,0.34991747,-0.14752361,-0.26605183,0.033573024,-0.071860254,-0.104311116,-0.12293419,0.015693575,-0.009489348,0.048901892999999995,-0.008145108,-0.015386443,-0.051323957999999996,-0.30172974,-0.07414224,-0.17645502,-0.41794023,0.020859621000000002,-0.058942493,0.010765341999999999,0.20308370000000003,0.15505047,0.2883881,0.7873893,-0.120579176,-0.084232695,-0.036429655,0.41661543,0.033596907,-0.3665897,0.117315225,0.031694587,0.14909668,-0.45129082,0.013766618000000001,-0.0059013673999999995,0.09131973,0.0064621596,-0.023110867,-0.1999539,-0.07019929,-0.39406276,0.519708,-0.11818778,0.19078214,0.043362945,0.15556651,-0.090808265,-0.28322712,0.17365882,-0.20259926,-0.03945547,-0.30315322,-0.045074437,-0.33744106,-0.49954587,-0.14793995,0.316678,-0.12519576,0.23093602,0.25336203,-0.013203009,-0.2756947,0.09718641,-0.03141876,-0.12294004,0.02713439,0.31039357,-0.11422616,0.27526116,-0.02874007,-0.12818195,0.7042675,-0.16220362,0.15315805,0.03692004,0.10050576,0.037065483999999996,0.06723849,0.17821420000000002,-0.65885854,0.2789877,0.22039402,-0.10312103,0.22741170000000002,-0.25219128,-0.08549335599999999,-0.4094349,0.5505042,-0.045887697000000005,-0.3239289,0.03636701,-0.24253868,-0.25768504,0.035649400000000005,-0.7014857,0.014346218,-0.08903243,-0.40804622,-0.15289366,0.20701529999999999,0.28807104,0.26485732,-0.02449972,-0.06934256,-0.053006608,0.08694232,-0.048445087000000005,-0.12679812,0.24043858,-0.077079386,0.26423317,0.033460263,-0.4293657,-0.18919101,-0.27609316,0.09413032,-0.059821192,0.14309987,0.12897132,0.39639354,-0.09998449,-0.2806789,0.36789745,-0.14627025,0.5166332,-0.056662622999999995,-0.6236089,0.16470952,0.58570397,-0.209965,-0.41541508,0.52609277,-0.18946964,0.004221865,0.24064103,-0.6433837,-0.08459302,0.06706147,0.20769297,-0.24464047,0.28351828,0.07187084,0.10055991,-0.0012763157000000001,-0.08392484,-0.13818237,-0.055641945,-0.43972173,-0.63295466,-0.5384699000000001,-0.33927017,0.046055785999999994,-0.31831846,-0.22800818,-0.51748914,-0.23944832,-0.22668852,-0.08152012,-0.24504483,0.1840747,-0.05731057,-0.018997105,0.19303708,-0.16584125,-0.25253224,0.043605607000000005,0.015479768,0.26915938,0.29694793,-0.05571709,0.13473074,0.03746105,0.5511663,-0.28802434,0.12852353,0.40311894,0.31930357,-0.36472365,-0.19322474,0.24643357,0.30893037,-0.095430896,-0.15152957,-0.09591705,-0.24131003,0.056099277,-0.08922050000000001,-0.08737822599999999,-0.38049313,-0.20774508,-0.17753173,-0.34077734,-0.05949923,0.38340995,-0.011548217,-0.122035064,0.33616290000000004,-0.105763435,-0.008247623,-0.06685097,-0.21405943,0.43287617,0.30058447,-0.35049638,0.15049687,-0.19658488,-0.09855574,-4.3922415,-0.2837063,-0.17270786,-0.14633153,-0.0073212334,-0.040431857,0.07399164,-0.18025754,-0.1816275,-0.046676605999999995,-0.36198318,-0.23506789,0.28150198,0.12807418,0.10467676,0.20166801,0.5803636,-0.029507019,-0.061771892,0.4174412,-0.14019962,-0.7871031999999999,-0.098347664,0.0044023637,0.42663809999999996,0.21562183,-0.18624456,-0.1153963,-0.3266376,-0.09457787,-0.04470423,-0.31265414,0.40305033,0.28542936,0.0020476785,-0.07249723,0.009351673000000001,-0.24144520000000003,0.08886932,-0.32471459999999996,-0.13848214,-0.12342439999999999,-0.0040920074,-0.039332945,0.86488396,-0.26366997,-0.04424694,0.14900254,0.1011922,-0.045992877,0.119975895,0.37823185,-0.23626350000000002,-0.087881155,-0.33535057,0.29284590000000005,0.17779107,0.7381379,-0.33581766,-0.101161614,0.023857474,-0.35298455,-0.47712829999999995,0.09069746,-0.31214643,-0.13883284,-0.636644,-0.17945115,0.38964740000000003,-0.03661702,-0.038654047999999996,0.10607506,-0.08694567,-0.78454334,-0.030363277999999997,-0.14018697,0.15380606,0.29984897,0.29154792,-0.23148358,-0.13846332,-0.44233832,0.3912324,0.0040123006,-0.09352218,-0.35387045,0.15087245,0.1395766,-0.2683273,-0.23348552,0.10390455,-0.11713616,0.5758622,0.16656077,0.091904156,-0.29969957,0.28119263,-0.033675164,-0.15945202,-0.16543485,0.035057828,0.058938406,0.24589053,0.032298926,-0.11600827,0.14050439,-0.18445112,0.22356847,0.29965579999999997,-0.10241612,0.55280423,-0.28074646,0.42324284,-0.21387227,0.02363011,0.23003036,0.21142039999999998,0.43541613,-0.10872427400000001,-0.09227513,-0.027005516,0.20901026,-0.37741408,-0.39289117,-0.64994764,-0.039510313,-0.09254208,0.2803078,-0.26086822,-0.21337417,-0.39195293,-0.40260786,-0.35497445,0.08128567,0.10477527,0.03625172,0.15402204,-0.376026,-0.015506078000000001,0.058804903,0.3830341,0.4551545999999999,-0.023116054,-0.33449158,-0.23430460000000003,0.3017347,0.10150686,0.0042854347,-0.08171593,0.23729141,-0.32388762,-0.15465233,-0.077470556,0.024407652999999998,-0.20101508,0.32103005,0.13112746,-0.042952992,0.055760365,-0.38140419999999997,0.5293041999999999,0.15745853,0.13973112,-0.024930743999999998,-0.04153785,0.5074995,-0.043872032000000005,-0.04136843,-0.117733285,0.24788596,-0.36244065,-0.08843902,-0.082258135,-0.58134454,0.059714533,0.33364153,0.13593256,-0.29069978,0.26588342,0.47166044,0.21256454,-0.17035376,-0.030597564,-0.009526258000000001,0.43357027,0.12082597,0.017923482,-0.07099247,0.26424843,0.15964894,-0.35888305,0.48931032,-0.08352462,-0.27136207,0.06338063,-0.3536057,0.28914085,-0.092296705,-0.07091589,0.37265906,0.32500374,-0.028180236,-0.26241347,-0.12484776,-0.06471502,0.05243736,-0.042768095,0.09789049,0.05170070400000001,0.044267166,-0.39027935,-0.39745694,-0.44053596,0.18004489,0.25327164,-0.13088624,-0.12247859,-0.18757235,-0.23092070000000003,0.40320945,0.023897925,-0.4868397,0.22146957,0.058711477000000005,-0.15580036,-0.20195572,0.016313723999999998,0.42201543,-0.42032546,-0.13585553,-0.048585914,-0.84443617,-0.019695926000000002,0.25072163,-0.06881732,0.24221498,0.09979667,-0.299848,0.17620651,-0.18998651,-0.56437826,0.0550673,0.01603925,-0.68744975,0.06826074,0.22098320000000005,-0.049802415,0.25914410000000004,0.054782517,0.4284165,-0.087301135,-0.12050839,-0.3085637,-0.29299286,0.13483889999999998,-0.40585533,-0.17888959999999998,-0.24526271,-0.52751994,-0.16747649,-0.34106985,-0.41124457,0.13176653,0.05982827,0.38960898,0.20675309,-0.15567419,0.20783065,0.3580169,-0.70516694,0.07399902,-0.15389268,-0.055794816,-0.30453944,0.15483439,-0.22456673,-0.054884832,-0.5898954000000001,-0.023167232000000003,-0.36548415,-0.124233805,-0.26757732,0.20910574,0.21258047,0.2543344,-0.104386605,-0.5481653000000001,0.05525047,-0.20388685,0.0071649365,0.43578133,-0.06890909,-0.29837477,0.062840596,-0.04767694,0.41740617,1.0411139999999999,-0.10149962,-0.08496543,0.42087979999999997,0.12031525,0.27882373,0.31206304,0.10167284,0.010629538000000001,0.35920715,0.083465636,-0.32597370000000003,0.23019469,0.064225644,0.24792579,-0.26749486,0.48216558,0.50409937,-0.21493036,-0.19488947,-0.42616522,-0.09900878,0.002111235,0.014411729,0.28397766,0.1630941,0.47333732,-0.08670309,0.15185685,0.09171699999999999,-0.12270192,-0.18867156,-0.2587026,0.10189397,-0.21188727,0.42404348,-0.10236344,0.36639327,-0.15713254,-0.24340075,-0.064468555,-0.07593397,0.08754426,0.30482337,0.06377435,-0.02188163,0.42267194,0.051525824000000005,0.2819016,-0.06773744,0.14777674,0.18217020000000003,0.5443677,0.6608374,0.25931945,-0.10434434599999999,0.0062233442000000005,-0.17055295,-0.007726963000000001,0.3146952,-0.0648545,0.41595164,0.280417,0.62730664,0.38222235,0.40084976,0.40405515,-0.70907557,-0.110795565,-0.088676356,0.22983676,-0.07573042,-0.28405833,0.13158509,0.18203942,0.24017546,-0.030020194,0.05936765,0.07117682,0.48180977,-0.11585676,-0.017518336000000002,-0.028860629,0.29851717,-0.0012295281,0.016717348,-0.5101203,0.14637367,-0.13831408,-0.348624,-0.07871562,0.020674631000000002,-0.060092967000000004,-0.32648763,0.22663814,-0.08051328,0.2918264,0.30016905,0.03205426,-0.14688453,0.28128085,0.05007658,0.40765882,0.19190389,0.58512783,-0.26044974,-0.03201698,0.2926867,0.51255316,-0.019981552,-0.30040494,0.053031534000000005,-0.15454161,-0.33089352,0.33100802,0.37905645,-0.58973545,0.36290213,0.07434488,-0.13597536,-0.23131098,0.2487584,-0.2867865,-0.19022404,-0.26672587,-0.23284194,0.03050499,-0.15582053,-0.003240937,0.016780056,-0.15578592,0.3114272,0.026713029,-0.09246296,-0.15588188,0.066264756,0.38186926,0.0058647785,-0.23302495,-0.38280573,-0.26077205,-0.21052513,-0.23959048,0.15391300000000002,0.3322726,0.35541672,0.10499712,-0.31256002,0.62916034,-0.4133615,0.035789404,-0.06916693,-0.10450918,0.020900383999999998,-0.20377466,-0.10554403,0.14161403,-0.054379735,0.14393577,-0.3208107,-0.018738884,-0.43372872,0.42768034,-0.33815628
42,1,-0.34584618,-0.031534843,0.5772841,-0.07976524,0.24082099,-0.32711253,-0.17201429999999998,0.6661935,0.07736789,-0.57317215,0.19901589,-0.2771332,0.2664734,0.39710557,0.061835624000000006,0.49801287,-0.018697167,0.23120062,-0.052065894,0.1772807,0.09052494,-0.43627477,0.13459362,0.8386909,0.42062783,-0.15970233,0.016079526,-0.08177087,-0.26602587,-0.026484048,0.41126308,0.102072224,-0.19833893,-0.485587,0.07608665,0.17087117,-0.34335485,-0.15958512,-0.2505647,0.13687123,-0.65945315,-0.31371078,-0.009898788,0.13424796,-0.35379183,-0.44417995,-0.061778999999999994,-0.2152828,0.29198298,0.027270284,-0.23839106,0.049833536,-0.289487,-0.19557169,0.05245252,0.7167318,-0.049855914,-0.36404136,-0.47116932,-0.53126407,0.5406108000000001,-0.22245847,0.046461347,-0.5287215999999999,-0.09434214,0.08317073400000001,0.16655289,0.43427908,-0.92982113,-0.11333205,-0.20467451,0.08649076,-0.22139442,0.10407885,-0.4215204000000001,0.054018166,-0.2896373,0.19587733,-0.16990508,-0.020821735,-0.22711477,0.22820602,-0.33538762,0.5104859,-0.13277905,0.39329186,0.28749287,0.12721749,-0.22367746,0.9770583,0.18417482,-0.18829535,-0.0120358,0.12637894,0.20286676,-0.012719346000000001,0.48009497,-0.030245928,-0.4395227,0.5497996,0.37384364,-0.067965925,-0.14805011,-0.27543920000000005,0.1740122,-0.11743157,-0.033527035,-0.023061343999999998,0.13785096,0.13234152,0.0075509272999999995,-0.080287464,-0.24145555,-0.24393402,0.00330232,-0.060118392,-0.15064642,-0.01905158,0.08269899,0.013605649,0.14832008,0.18060157,0.1400347,0.6901769,-0.07628264,-0.09200381,-0.16985714,0.41628736,0.09929668,-0.26047862,0.017401822,-0.05469639,0.07559997,-0.3442712,-0.22240876,0.13937204,0.03523787,-0.17886913,-0.2175183,-0.012103072,0.08294677,-0.5398824999999999,0.58859575,0.008705586,0.14660221,0.038231783,0.040875502,-0.1618417,-0.36180627,0.27465752,0.022262308999999997,-0.14154682,-0.16456339,-0.36453077,-0.21652345,-0.31695497,-0.32543656,0.36697558,-0.049338188,0.09936081,0.30142959999999996,-0.15025426,-0.17562543,0.11608651,-0.12964831,0.19508131,0.25969198,0.34024155,-0.27261198,0.077712595,0.06482988,-0.12821352,0.68819594,-0.20603953,0.08463975,0.042003028,0.24019267,0.05088975,0.14964594,0.10301937,-0.49655609999999994,0.16462475,0.121131465,-0.17899577,0.4771977,-0.28122786,-0.22165863,-0.19993018,0.328106,-0.04865857,-0.27001664,-0.07124061,-0.17127620000000002,-0.21510862,0.12886506,-0.53340864,-0.06668673,0.02971558,-0.41222423,-0.10485358,0.02995354,0.26743996,0.03561477,0.09075145,-0.04142283,-0.23671187,0.02736585,-0.048148062,0.008060288,0.18305428,-0.16937019,0.19265471,0.16514155,-0.16770399,-0.12250451,-0.06726381,0.141256,-0.037173107000000004,-0.044105675,0.060188692,0.28745696,0.08611397,-0.21784784,0.32149708,-0.03067794,0.49068233,-0.22019888,-0.7689281,0.17973045,0.5872102,-0.07242097,-0.60286367,0.5532739000000001,-0.31232527,-0.07647945,0.043727382999999995,-0.5149143,-0.20959456,-0.06309959999999999,0.107426405,-0.25177753,0.38118187,-0.026661333,0.12010261400000001,0.11600987,-0.26530477,-0.06693276,0.024871803999999997,-0.19554237,-0.39763966,-0.57914174,-0.055376414000000006,-0.0014096026999999998,-0.3919239,-0.17320001,-0.61274314,-0.023515138999999997,-0.33474344,-0.052743275,-0.09827705,0.62489104,0.17643557,-0.02461081,0.21023074,-0.11612224,-0.48547345,-0.14448945,0.17626365,0.25388393,0.36566406,-0.046349645,0.06307356,0.0010677843,0.7115136,-0.0007266438300000001,0.04479231,0.32754016,0.08376521599999999,-0.1065897,-0.030079138,0.19109634,0.31744716,-0.11190318,0.08653718,0.06889328,-0.26436117,0.290461,-0.005571348,-0.17534699,-0.1395234,-0.19512092,-0.06631622,-0.31886238,-0.13243456,0.5013753,-0.13436165,0.037872657000000004,0.20938024,-0.13840935,0.06168036,-0.31756493,-0.17895052,0.41367659999999995,0.2167835,-0.251121,0.21215618,0.051798247,-0.38180947,-3.834553,-0.112987846,-0.06843511,-0.3160231,0.043627902999999996,-0.012967801999999999,-0.006194245500000001,-0.10231102,-0.34514123,-0.012395118,-0.19424474,-0.2132677,0.21002662,0.08614455,0.16435423,0.21540907,0.37581658,-0.09759155,-0.07254864,0.47664106,-0.14760610000000002,-0.74629366,0.022707792,0.055989906,0.40378568,0.16847509,-0.22842005,-0.32909940000000004,-0.25687227,-0.12816772,0.12863167,-0.27977547,0.16331664,0.3960424,0.013186301999999999,-0.10633139999999998,0.1271023,-0.44390354,-0.17349567,-0.39740208,0.06807593,-0.4818885,-0.23769980000000002,-0.03821747,0.87987953,-0.15657195,0.046110625999999995,0.19982697,0.108995646,-0.0115353465,0.03097792,0.054659978,-0.25011550000000005,-0.31632498,-0.12217927,-0.077802375,0.42643028,0.47243083,-0.27274704,-0.12523192,0.07793676,-0.20373525,-0.5765752,0.09028394,-0.15625858,-0.17948347,-0.66509795,-0.15571555,0.118589304,-0.103581816,0.12706207,0.39334318,-0.2700107,-0.5337116,-0.016947111,-0.21893106,0.29399708,0.06163264,0.16558449,-0.20903449999999998,-0.19622333,-0.36852917,0.34783652,0.03078458,0.035003092,-0.12058563,0.14769371,-0.06946082,-0.39058888,-0.48923972,0.18640287,0.0031104458,0.24828835,0.24303725,0.055864826,-0.42480123,0.26027742,-0.001779899,-0.14174801,-0.26648733,0.15081428,0.17389704,0.37513596,-0.0047123046,-0.14788973,0.22183287,-0.20773564,0.05544258,0.25105748,-0.09378997,0.57344717,-0.06432138400000001,0.33751318,-0.21196525,-0.074413255,0.15882739999999998,0.1636798,0.45674384,-0.057961605,-0.20418675,0.05810222,0.26793012,-0.32750830000000003,-0.06893323,-0.63305014,-0.04482124,-0.26023939999999995,0.5590221,-0.31909218,-0.26328138,-0.17440346,-0.33891059999999995,-0.42349982,0.43047159999999995,0.18175909,0.038478382,0.047772057,-0.6113738000000001,-0.12408184,0.07842869,0.39609405,0.55612093,-0.008142142,-0.17335956,-0.13757433,0.45171875,-0.01313422,0.048800144000000004,-0.37902775,0.08453361,-0.34007713,-0.19654952,-0.14085197,-0.14883484,0.018774524,0.45567614,0.28772193,-0.009155659,-0.04914133,-0.46761698,0.30189115,0.23089637,0.25912502,0.08371922,-0.09996669999999999,0.708548,0.022852996,-0.14530498,-0.10828926,0.10359729999999999,-0.33470795,0.08986114,-0.08098305,-0.7622779000000001,-0.021455397999999997,0.29770684,0.1788307,-0.29412356,0.08617763,0.22592755,0.07443989,-0.1811056,-0.16452119,0.10752313599999999,0.44156490000000004,0.06895875,0.21816261,0.0138084665,0.058521300000000005,0.18121539,-0.37276122,0.5090526,-0.04771514,-0.08499824,-0.17023298,-0.11446495,0.32758963,-0.29544172,-0.07679552,0.16379778,0.29065123,-0.12382746,-0.2872564,0.10262378,-0.07731428,-0.14192098,0.05274335,0.47372124,-0.153026,0.048965126,-0.42172524,-0.40322953,-0.13380258,0.09793829,0.25452387,-0.34230593,-0.17661399,-0.15576829,-0.42624983,0.41871908,0.010122573000000001,-0.22831832,0.15256761,0.005230668,-0.30133757,-0.11215329,0.019568793,0.48801365,-0.2968433,-0.20201847,0.011651482,-0.81078345,0.12960693,0.2185363,-0.2541739,0.116349824,0.12690055,-0.43129486,0.20533575,-0.24897350000000001,-0.461862,0.042308517000000004,0.074123815,-0.5390885999999999,-0.0015682142000000001,0.25264218,-0.036943406,0.2320542,0.011050683,0.6597499,-0.10331387,-0.00067342084,-0.15326191,-0.39771524,0.27725622,-0.50683,-0.38217315,-0.16397879999999998,-0.63745487,-0.25698218,-0.19294645,-0.34040865,-0.2794603,0.23729801,0.27202553,0.11140407599999999,-0.034445457,0.009283365,0.22439145,-0.55915886,0.14511131,0.14517131,-0.07613851,-0.22971211,0.11794372,0.03526769,0.11411405,-0.55770195,0.20803039,-0.63562495,-0.271405,-0.34006187,0.19117577,0.0384483,0.32761136,-0.34762514,-0.59389204,0.048020214000000006,-0.03436047,0.056862123,0.3677223,0.015945187,-0.15716693,-0.020526811000000002,-0.033562202,0.36187896,1.0383955,-0.2391097,0.0791008,0.46451753,0.13256282,0.30392662,0.2711384,0.07998277,-0.25378829999999997,0.35974768,0.01564741,-0.32947254,0.047141052999999995,0.17936784,-0.054144338,-0.40368024,0.5388729,0.51911664,-0.28109753,-0.21693116,-0.41512114,-0.053841814,0.08220445,-0.18269365,0.10244339999999999,0.20090553,0.49496657,-0.25213787,0.19233294,0.16904642,-0.022525001,-0.29613649999999997,0.083354555,0.35531953,-0.08258414,0.42367357,-0.37390286,0.35290626,-0.15476143,-0.033390794,-0.06431063,-0.10837928,0.15367788,0.34344804,-0.019297898,0.11781152,0.5935645,0.35829204,0.36716348,0.09060873,0.21622539999999998,0.13800965,0.48053816,0.41611704,0.41110432,0.092121325,0.1623831,-0.12123255,0.19328266,0.44830248,0.10128123,0.39668918,0.08869588,0.9568954,0.18030588,0.33215392,0.5483107,-0.8074467,-0.34494509999999995,-0.19533041,0.2853704,0.083250724,-0.20379788,0.11269536599999999,-0.06809660000000001,0.26309922,-0.25162485,-0.29476303,-0.05282619,0.49061450000000006,-0.123348415,-0.080562,0.007872571,0.35744846,0.08500885,0.012501048,-0.61568105,-0.009691335,-0.17411421,-0.16383038,-0.08791594,0.061135326,-0.18431403,-0.42642120000000006,0.021200165,0.018565413,0.27764747,-0.04149134,0.10148304,-0.06956446,0.5914020000000001,0.13988551,0.49222645,0.23616432,0.25613296,-0.21688378,-0.066216506,0.22324175,0.36219070000000003,0.04738688,-0.16074464,0.04515782,-0.32010302,-0.20105994,0.034002263,0.37121066,-0.50459534,0.2910782,0.07174135,-0.16047274,-0.12460274,0.2036252,-0.21277153,-0.19116771,-0.21667328,-0.2020728,0.10650119,0.007275462,-0.22440279999999999,0.028538926000000003,0.14541668,0.1391965,-0.12697278,0.10582877,-0.06615335,0.07477824,0.19202508,-0.0066087367,-0.08955615,-0.4808727,-0.37327287,-0.13993321,-0.17776556,0.15020849,0.31536928,0.33174613,-0.0026462357,-0.26113304,0.6556382,-0.27175534,-0.19918098,-0.16872117,-0.341723,-0.27682307,-0.17705573,-0.14581054,0.17735833,-0.10877549,-0.00967433,-0.21327835,-0.16041507,-0.28087290000000004,0.23392315,-0.4332911
43,1,-0.12490865599999999,-0.18905616,0.48039126,0.022251554,0.17070411,-0.39938667,-0.06313897,0.85281223,-0.030000014,-0.5051259,0.27579013,-0.3208022,0.16649595,0.46201800000000004,-0.2218403,0.38802055,-0.15791701,0.29075652,0.10927747,0.32808948,0.32012779999999996,-0.46741435,0.055960487999999996,0.45279086,0.46101686,-0.28467244,-0.13443454,-0.032535344,-0.4268657,-0.38331836,0.39525053,0.22227729999999996,-0.27754375,-0.06618968,0.10695979,0.03237477,0.014013851,-0.11158261,-0.23316029,0.56300366,-0.7213535,-0.3395636,0.21319741,0.086800955,-0.37605926,-0.43863362,0.25873065,-0.14891315,0.3297593,0.02122796,-0.34801668,0.05904733400000001,-0.1717525,-0.10261853,-0.016937884,0.658231,-0.064947195,-0.5115837000000001,-0.84718823,-0.03748941,0.3227355,-0.37610358,0.03546895,-0.6254215,0.2281826,0.08350389999999999,0.17060564,0.32968596,-0.86275536,-0.22621188,-0.24022019,0.12722830000000002,0.04877127,0.051899582,-0.21303594,0.15046789,-0.5032732,0.48202094,-0.16738473,-0.28516495,-0.47884446,0.60358316,-0.5148301,0.41025043,-0.06544005,0.57055926,-0.07847607,-0.12065035,-0.20921083,0.8198733,0.21113615,-0.4183147,0.08140222,-0.18447404,0.12291057,-0.19857989,0.25230432,0.080062315,-0.4380402,0.6868276999999999,0.2507522,-0.1700715,0.054794483,-0.100501694,0.22250479999999997,-0.1479851,-0.07444006,0.20997703,0.22361006,0.26758116,0.22905275,-0.010837623000000001,-0.29107259999999996,-0.34037742,-0.45574963,-0.055184975,-0.011542246,-0.29454258,-0.044025443,0.033448577,-0.11659533,-0.0633457,0.08951943,1.0440558000000002,-0.01634809,-0.15231404,-0.19704925,0.34437856,0.06442033,-0.43364769999999997,0.08031110000000001,0.27358709999999997,0.13257259,-0.5697241,-0.21047352,0.3722942,-0.111293145,-0.6161026999999999,-0.2846085,0.19783928,-0.023853972999999997,-0.27323774,0.5638793000000001,-0.03633808,0.18537116,0.19090211,0.07169591,-0.28325728,-0.24004748,0.10439103,0.06299304,-0.38025457,0.03866595,-0.0019606934,-0.42426956,-0.42997240000000003,-0.2820263,0.26693043,0.03569642,0.104561955,0.55404705,-0.040688243,0.011057353999999998,0.3767817,0.20931181,0.31888956,0.09628597,0.24644175,-0.18020333,0.015686708,-0.012881253,0.15723436,0.8830037000000001,-0.34820977,0.12926133,-0.0751695,0.20769942,0.30269372,-0.1866293,0.025936827000000003,-0.46713924,0.10774158,-0.051352136,-0.04727482400000001,0.23791964,-0.24417600000000003,0.18786307,-0.20383331,0.25028634,0.06464773,-0.36344174,-0.050558068,-0.16820873,0.036552075,0.18715091,-0.4151393,-0.08641318,-0.04031369,-0.5166031,0.01947779,0.26645979999999997,0.1394217,0.1866933,-0.071849465,-0.26148903,-0.3062904,0.06732635,-0.039044555,0.11091306,0.42017573,-0.07001096,0.62522566,0.078246936,0.18372673,0.023072552000000003,0.10043159,0.14584097,-0.12192346,0.06791191,0.018802905,-0.15395199,0.25555483,-0.23392129,0.375226,0.12085639999999999,0.72827154,-0.36909205,-0.44442353,0.07962607,0.6367965999999999,-0.069477394,-0.41216606,0.6981114,0.03621169,-0.15517078,0.15229906,-0.6137076,-0.60376006,-0.044418427999999996,-0.32598472,-0.07345454400000001,0.1002919,0.43234664,0.12804924,0.21392213,0.0020564392000000003,-0.088429146,-0.011378572,0.024018109,-0.33810043,-0.57,-0.3845723,0.12589991,-0.6483380999999999,-0.22137296,-0.21038313,-0.23735666,-0.20857960000000003,-0.12780465,0.03196392,0.82800823,0.38518023,-0.10174689999999999,0.14026389,-0.2721502,-0.6056429,0.018463576000000002,0.38464454,0.13903382,0.013480447,-0.0065355940000000005,-0.28631517,-0.12114093,0.8834284,0.005095404600000001,0.24138908,0.28828259999999994,-0.1596769,0.005816846999999999,-0.19849087,0.46595356,0.22527528,0.067482285,0.18888254,-0.1989813,-0.5281376,0.08397663,0.14209181,-0.1878259,-0.57601905,-0.44802079999999994,-0.30444813,-0.40281925,-0.030748911,0.47564265,0.0672112,0.07207205,0.107316665,0.36811262,-0.22877617,-0.12890276,-0.39034414,0.29909292,0.35848978,-0.28623104,0.18832979999999996,-0.016556222,-0.38388616,-3.6800468,-0.025359279,0.1374493,-0.54368913,0.20350763,0.026081104,0.000327155,-0.14776012,-0.37839228,-0.25742427,0.043582067,-0.43360588,0.4496848,0.0015297974,0.41600302,0.35725653,0.33960387,-0.15951383,-0.46571186,0.6452456,-0.12926875,-0.6103670999999999,0.22538087,-0.25199956,0.31015056,0.508487,-0.14030509,-0.08053037,-0.31784832,-0.07344175,0.33297357,-0.06067079,0.26610675,0.22781790000000002,0.0600058,0.019806966000000002,0.0398019,-0.21694747,-0.1396664,-0.52407277,-0.018086966,-0.36382893,-0.29431483,-0.31287828,0.8761188,-0.0049699508,-0.36268646,-0.091439344,0.12529565,0.43231085,0.042935907999999995,-0.2906559,-0.25443274,-0.4032535,-0.30735013,0.17876932,0.26113623,0.50558907,-0.16293143,-0.47422,0.03523447,-0.2861759,-0.41495016,0.15603393,0.21240914,-0.42310292,-0.24781138,0.028368665,0.19958562,0.10788030000000001,0.17295589,0.60516125,-0.19414529,-0.48082313,0.012281936,-0.042758316,-0.10127443,-0.06512298,0.05695798,0.19915767,0.010730561999999999,-0.21819371,-0.12658913,-0.15159643,-0.15545152,-0.2403544,0.48690414,-0.44552287,-0.5440293,-0.92601305,0.21783759,-0.050267942,0.22458026,0.23479234,-0.060078453,-0.10485344,0.48697725,-0.25001258,-0.13202573,-0.23379637,0.34839177,0.30657070000000003,0.6138819999999999,-0.27102917,0.10259493,0.13183485,-0.35443336,-0.17624372,0.07215880000000001,-0.02551792,0.46566564,-0.46918353,0.57829815,-0.27791762,-0.26840192,-0.06494301599999999,0.4375569,0.37729698,-0.18203129,-0.33722129999999995,-0.06134447,0.18001406,-0.4350741,-0.57773346,-0.55599964,-0.27159443,-0.45332104,0.27003768,-0.24340041,0.05914294,-0.07967614,-0.3306648,-0.36047646,0.63400835,0.009203209,-0.11350973,-0.0017423459,-0.7826233,-0.09049165,0.10364341,-0.023436805,0.51983535,-0.26910043,-0.14522023,-0.4342649,0.38186267,-0.19621842,-0.1857703,-0.33295923,0.16401517,-0.49935302,-0.36527407,-0.24374641,-0.45286205,-0.031272713,0.47588400000000003,0.45737958,-0.19246076,0.09276874,-0.37213793,0.007740499499999999,0.20627417,0.41137826,0.3717698,-0.18224928,0.49234912,-0.06491896,-0.43627822,-0.10138835,-0.06502759999999999,-0.64334154,0.25599313,-0.14518948,-0.32894674,0.15176633,0.3843955,0.37144109999999997,-0.32474790000000003,-0.012896445,0.12637766,-0.15992433,-0.2524901,-0.08714883,0.20801848,0.39285440000000005,0.20214812,0.41783404,-0.19911811,0.12855755,0.06285815,-0.46414647,0.5288366999999999,-0.2789884,-0.04629154,-0.34651798,0.0064578704,0.4900526,-0.33080879999999996,0.19299635,0.23295367,0.3842268,-0.0194203,-0.12100051,0.22613765,-0.0044594943,0.15299782,0.18985906,0.09970607599999999,-0.060757875,0.018564958,-0.10000419599999999,-0.35758927,-0.16265753,-0.14589939999999998,0.57831943,-0.33203888,-0.16389157,-0.0026835228999999997,-0.3921166,0.49940327,0.09461144,-0.11839005,0.31650764,0.15684746,-0.35932425,-0.08476218599999999,0.09675957,0.44041604,-0.34730548,-0.21017426,-0.044602893,-0.8550209000000001,0.27042076,0.05494086,-0.23297103,0.42307043,-0.17408727,-0.49981716,0.16891976,-0.3203328,-0.34602436,0.104481876,0.07920285,-0.52289546,-0.13471957,0.064611346,-0.19506021,0.6649472,0.07322057,0.6397451999999999,0.13637084,0.06971717,-0.20281386,-0.19167824,0.25629774,-0.69251806,-0.5002105,0.053019986,-0.35459359999999995,0.17113324,-0.10775085,-0.061647274,-0.08629152,0.39321053,0.2637262,0.14207247,0.2032856,0.28749284,0.022110354,-0.5365814999999999,0.03200798,0.13144325,0.08363022,-0.29058433,-0.048935734,0.12861311,-0.07432544,-0.8187679,0.41335312,-0.28504422,-0.057526145,-0.15166283,0.037020557,-0.1432276,0.27971232,-0.26499867,-0.47134647,0.28602803,-0.16959037,0.14544229,0.26710275,0.34627792,-0.33129483,-0.10057928,0.18303081,0.15266618,0.9334719000000001,-0.22992936,0.14981318,0.6580885999999999,0.042588994000000005,-0.0044171847,0.23435782,0.33982468,-0.25581329999999997,0.28420696,0.070075706,-0.43333933,0.17493416,0.39432347,-0.25085664,-0.43971828,0.82014424,0.45159623,-0.47260788,-0.43814653,-0.039342124,-0.15476926,-0.37690464,-0.013793873,0.03352358,-0.099986956,0.5278185999999999,-0.3101613,0.07306193,0.14069995,-0.1864303,-0.059900563,-0.022179555,0.14405647,0.14439404,0.08753496,-0.33062455,0.43413192,-0.34362048,-0.10945626,-0.094895035,-0.041877597999999995,0.18628061,0.18660648,-0.14056434,0.25025764,0.5575606,0.48971108,0.36426136,0.12280572,-0.010946693,0.25953376,0.9702238999999999,0.37038317,0.17690071,0.3720425,0.0025225887,0.010780685,0.20831528,0.07787909,0.29695636,0.42612344,0.014344333999999999,0.61628926,-0.05090577,0.20267802,0.43489718,-0.5657964,-0.43183494,-0.10987113,0.19689271,-0.18934949999999998,-0.32509264,-0.17415275,-0.03313592,0.35059357,-0.33097792,-0.28717047,-0.42341239999999997,0.45098892,0.058459353,-0.057925493,-0.13388629999999999,0.27650535,0.06664055599999999,0.16331396,-0.597779,-0.057937,-0.14755818,-0.48254523,-0.13463719,-0.14490494,0.24509245,-0.5555511,0.038802027999999995,-0.1975323,0.30767685,-0.0729102,-0.035462484,-0.10314671,0.75558937,0.1956582,0.58729494,0.12447235,0.05231014,-0.49511869999999997,0.11701702,0.11544834,0.46822070000000005,-0.009194139,-0.20527507,0.19820036,-0.18049665,-0.01849871,-0.19074422,0.50850093,-0.87422097,0.28932354,-0.060085606,-0.22612098,-0.011032307,0.30013259999999997,-0.1490971,-0.1363043,-0.40563065,-0.04901869,-0.14192726,0.28199297,-0.2744594,0.05413146,-0.07007583,0.20874451,0.15150256,-0.08480711,0.116463706,0.11265928,0.31435084,-0.086803235,0.07211870000000001,-0.6366616999999999,-0.4887991,0.20212853,-0.23330241,0.16018888,0.24813400000000002,0.23176713,0.02730465,-0.30836344,0.7796026999999999,-0.29873937,-0.056094617,-0.22141208,-0.3403145,-0.49352047,-0.2348774,0.08988981,0.05460615,-0.1506826,-0.009698695,-0.21668631,-0.13611591,-0.16256471,0.34752262,-0.40715715
44,1,0.048960943,-0.0760245,0.19119905,0.18690044,0.101782605,-0.30122602,0.07225585,0.3899469,0.07561856,-0.51367164,0.09136079,-0.21205918,-0.19095097,0.31600443,-0.3250275,0.23142955,-0.42513254,-0.04375346,0.37027332,-0.29381868,0.2187087,-0.44587967,0.09968776,0.48151186,0.22385238,0.17739192,-0.35930383,-0.038763538,-0.16242267,-0.18944444,0.27824384,0.08764335,-0.52461064,0.15468982,-0.32297978,0.15027308,0.12810007,-0.13379046,-0.27522603,0.27297246,-0.67282236,-0.107619084,-0.12797363,0.10604482,-0.30997202,-0.26748922,0.023375592999999997,0.07673471400000001,-0.13108803,-0.027051639,-0.5439185999999999,0.50113875,-0.20519103,0.2797722,-0.1525648,0.47479004,0.23429441,-0.644111,-0.5588545,0.047653582,-0.042815056,-0.46478230000000004,0.008739043,0.23639938,0.49941528,0.1849896,0.033836894,0.41800025,-0.7747710999999999,0.019551273,-0.48127359999999997,-0.14305173,0.02935982,0.004726129,0.29236853,-0.36887455,-0.14458106,0.44806534,0.016655272,0.16966575,-0.14308833,0.43906300000000004,-0.26869208,0.5959861,0.17762217,0.109930195,-0.062300496,-0.07640643400000001,-0.13893913,0.50871193,-0.06010802,-0.37081268,0.10116316,-0.10558455,0.28556750000000003,-0.26882038,0.014497296000000002,0.25957070000000004,-0.060175482,0.6691680999999999,0.18490313,-0.6177529,-0.12077929,-0.19782543,0.0028266828000000003,-0.08989745,0.30281788,0.13988775,0.1715889,0.09605859,0.004213677,0.10758202,-0.084639005,-0.61051786,-0.22741696,-0.071543984,0.31645602,-0.47434852,-0.0256837,0.52104247,0.022323267999999997,-0.05281633,0.12526813,0.41932938,0.37205723,-0.009637558000000001,0.03519944,0.36844790000000005,-0.032842524,-0.43046585,0.3053619,0.34764415,0.6234082,-0.38314393,-0.3381985,0.2037494,0.13917603,-0.4953588,-0.17663501,-0.030386133,-0.025439432,-0.042618588,-0.16888462,-0.081435256,0.47815692,0.234423,-0.03176677,-0.19899033,0.34730613,0.30304307,0.126377,-0.05358632,0.24551105,-0.18005498,-0.24560022,-0.35017294,-0.4413166,0.21957220000000002,0.30368888,0.446399,0.24420370000000002,-0.13227688,-0.0059107,0.1749888,0.26715216,0.14334126,0.020644963,0.13902314,0.35566166,0.24008179,-0.34926814,-0.20250084,0.5780105999999999,-0.0009749416499999999,0.27328223,-0.09692648,0.19075662,0.08838442,0.048671313,-0.13665989,-0.97821164,0.19312647,-0.171656,-0.27413085,0.17087467,-0.10226837,0.40450698,-0.49229193,-0.042535815,0.22118178,-0.41073146,-0.018031538,-0.15901734,0.053868458,0.33394083,-0.45929983,-0.31315768,-0.23008612,-0.5198885,0.2525823,0.44572288,-0.3009447,0.72309303,-0.16291031,-0.22966756,0.046330377,0.15646279999999999,0.19524916,-0.037305314,0.7186593000000001,-0.24303389,0.8424724,-0.16664761,-0.023488653999999998,0.034941956,-0.124048404,0.3579206,-0.42087853,-0.35018885,0.19110942,0.060485977999999996,-0.029820262,-0.18059121,0.52516735,0.0005932954400000001,0.6910049,0.22621211,-0.23665045,0.23848782,0.48237944,-0.16095607,-0.04085809,0.35447133,0.20364629,-0.0054189814,-0.13486107,-0.31816858,-0.22942068,-0.3061407,-0.027112586,0.10491110000000001,0.10319365,0.26529977,0.25206858,0.049958385999999994,0.48798850000000005,0.03542688,0.16445221,0.31644285,-0.14806083,-0.12819265,-0.7255742,-0.03583234,-0.59880316,-0.17682149,-0.46094772,-0.33106643,-0.29260528,-0.23073052,0.004237292,0.34030405,0.034709699999999996,0.42095342,0.18130699,-0.59282076,-0.22979671,-0.18726431,0.32734105,-0.33741146,0.22499987,0.05886585,-0.15245074,0.10408599999999998,0.3349252,-0.41386116,0.24142025,0.22299513,-0.061359826,-0.21328999,-0.20264904,0.53030765,0.36330324,-0.31191415,0.16131578,-0.25749266,-0.22229624,0.001304278,-0.24792252,-0.21549074,-0.37709835,-0.21994974,-0.40358177,-0.06426208,0.33145395,0.38863057,-0.52241033,0.30603492,0.06400176,0.031049302,-0.12809394,0.059614275,-0.109402895,0.103174955,0.24826083,-0.55074155,-0.042157948,0.43487418,-0.47345048,-3.1769462,-0.3576197,0.10355676,-0.54189956,0.15336572,0.20106769,-0.027730348,-0.45493504,-0.26458928,-0.12413197,0.01994172,-0.33991079999999996,0.18609768,0.025548216000000002,0.68388903,0.31823736,0.21725856,-0.49331966,-0.4025577,0.37345874,-0.34325522,-0.18562046,0.15522120000000003,0.18188196,0.23706609,0.6968367,0.45238729999999994,-0.052934308,-0.4242648,0.15610263,0.013884605,-0.1398127,0.24819411,-0.004462860999999999,0.10293373,0.18727043,0.13174492,-0.20257321,0.09036005,-0.24980527,0.13600726,-0.2052335,0.19743355,-0.46775216,0.56772983,-0.21005820000000003,-0.34678906,-0.4994152,-0.035856895,0.23743977,-0.03566217,-0.0018254668,-0.096970595,-0.12034777599999999,0.041466172999999995,0.24989906,-0.3106238,0.48593014,-0.19087125,-0.24634515,0.49881396,-0.26009345,-0.28451040000000005,-0.17170641,-0.07243382,-0.32496643,-0.3608675,-0.45829666,0.3462327,0.62197876,0.025379717000000003,0.08958682400000001,-0.14681691,-1.1485453,-0.17060909,0.09512747,-0.34419292,-0.13884000000000002,0.28739527,0.07989743,-0.24249066,0.0039908118,-0.02774096,-0.15404099,-0.10183981,-0.6483844,0.12391003,-0.43507865,-0.04346356,-0.32838866,0.026797196000000002,0.15604839,-0.057956934,0.21748456,-0.15806046,-0.04618506,0.5967988000000001,-0.30055124,-0.033372596000000004,-0.27225682,0.34383634,0.04303097,0.34000534,-0.38377124,0.2849778,-0.06613669,-0.4044949,0.05008209,-0.40134954,0.21033767,0.11048623,-0.6678182,0.014354598,-0.37428272,-0.33249778,0.009394895,0.25946572,0.74797505,0.070914626,-0.39103982,-0.08608626,0.5339670999999999,-0.30659893,-0.4027146,-0.99915874,-0.32223505,-0.35498223,0.37872145,-0.8126770000000001,0.08570886400000001,0.081361465,0.03572678,-0.13817839999999998,0.29497272,-0.3622216,0.1576533,0.32611263,-0.23338461,0.031064996,0.17413929,0.057384476,-0.04066191,-0.35437529999999995,-0.13860223,0.11975202,0.28424099999999997,-0.46395266,-0.014785721000000002,0.18617974,0.2319369,-0.71351975,-0.6393926,0.07685499999999999,-0.20757452,0.046357817999999995,0.33720568,0.35103986,-0.25333136,0.06572605,-0.36183909999999997,0.0825478,-0.11708252,0.269836,0.65495247,0.22984669,0.5280391999999999,-0.14267336,-0.22671033,-0.17293303,-0.25071996,-0.23615947,-0.26891714,-0.1283532,0.03434705,-0.22512084,0.47610158,0.039103652999999995,-0.061717954000000005,0.21914269,0.1590713,-0.11285539999999998,-0.23991393,-0.55586994,-0.048535492,0.49619105,-0.12131446,-0.09702193,-0.23406607,-0.27018294,0.17549898,-0.5086164000000001,0.29591635,-0.49782863,-0.061414316,-0.2565723,-0.033232752000000004,0.49937588,-0.36985657,0.22536652,0.324353,0.3331493,0.32099712,-0.3309944,0.17962185,-0.06140753,-0.13978404,0.073146954,-0.17509371,-0.32035044,0.033763923,-0.020406159,-0.3361666,-0.28980714,-0.34036392,0.32976267,-0.24713987,0.14677645,-0.22758302,-0.13416913,0.16141047,0.030900134,-0.2958163,-0.30820373,-0.17822458,-0.49508968,-0.06466008,-0.17041729999999997,0.25962397,0.071519196,-0.0035228839,-0.28557155,-1.0236055,0.3127417,0.2152206,0.21544845,0.2889619,-0.3928947,0.39572865,-0.37915418,-0.11278103,-0.07036938,-0.032360647,-0.15414208,-0.32375285,0.20330691,0.08726184,-0.20216626,0.42972570000000004,0.06359259,0.5103344,0.25827992,-0.09963296,-0.16172478,0.12165673,0.10510285,-0.32081494,-0.18548672,0.27794474,-0.2980949,0.23250309,-0.21876517,0.012983264,0.011752202,0.5318528,0.027065758,0.31577784,0.48057982,0.045835752,0.11700606,-0.423621,0.05364957,-0.30222228,0.102809355,-0.4430148,-0.11610555,-0.08389383,-0.07141071,-0.6808993,0.32521036,-0.47609650000000003,-0.002534217,0.14882915,-0.08259685,-0.06823905,0.23556107,-0.32809672,-0.13132808,0.24198736,-0.09854399,-0.08394496,0.40925267,0.38199556,0.20078367,0.45630652,0.1558275,0.33089277,0.06118425,0.2656208,-0.21407112,0.15691565,0.20976406,0.09961073,0.07095193,0.44251096,-0.11597649,0.28521399999999997,0.30456427,-0.63942504,0.20463222,0.47214338,-0.37184933,-0.18988422,0.46020964,0.2835291,-0.78061366,0.1522756,0.017230462,-0.15080057,-0.5648544,0.009900098000000001,0.38217896,-0.44806072,0.45961857,-0.25233945,0.580566,0.27314629999999995,-0.455575,-0.0799752,0.23577605,0.25632244,0.20182541,0.30338562,-0.6054406999999999,0.49340174,-0.21067156,-0.13241719,0.33094165,0.03144651,0.10419721,0.005850755,0.03511462,0.37875968,0.5702599,0.49839053,0.21840896,0.29480278,0.047885145999999996,-0.25274557,0.7321885,0.537794,-0.33398962,0.6748841999999999,-0.45150512,-0.16782811,0.30003294,0.122794524,-0.3270145,-0.03202591,-0.2497158,0.53315985,-0.06540067,-0.066481024,0.43972784,-0.032734312,-0.56932616,-0.04945405,0.027492867999999997,-0.39712813,0.062673874,-0.0033067442,-0.06380343,0.51979166,0.11548212,0.10954685,-0.2745687,0.14566363,-0.016135631,-0.10445951,-0.20124660000000003,0.0819956,-0.12885174,0.17646058,-0.35048282,-0.33659540000000004,0.16051534,-0.85319704,-0.19457531,0.45780966,0.27756315,-0.74015385,0.52489316,-0.36610386,-0.24136694,-0.09649214,0.10630453,-0.35583183,0.5447053000000001,-0.08659876,0.40279278,0.10145369,0.049887485999999995,-0.19004212,-0.08522555,-0.07038751,-0.059700664,0.09878257,0.012855658,0.09034402,0.18245833,-0.06861012400000001,-0.06769582,0.09317612,-0.7630344,-0.00820924,0.20476109,0.10937258,0.14689125,0.081044555,-0.12222806,0.13624988,-0.39756644,0.17415054,-0.11719234,0.4929814,-0.27662542,0.18545899,-0.0502278,0.33493656,0.41327748,0.3123357,0.08250248,0.09279796,0.30665582,-0.32684562,0.23897924,-0.03445286,-0.08716415,0.030588536,-0.48648363,-0.45978513,0.059618595999999996,0.13115646,0.24307832,0.17200944,-0.31065068,-0.3138344,-0.17895379999999997,-0.81549156,-0.2741881,-0.04667471,0.43614373,-0.020158172,0.2502309,-0.36867872,-0.10108597,-0.18431522,-0.17863059,0.27493814,0.26549456,0.12950327
45,6,-0.15941478,0.05525136,0.4835099,-0.19645318,0.2698192,-0.47080427,0.01477929,0.6596041,0.053487808,-0.5745435999999999,0.24979009,-0.3929992,0.28179467,0.56382835,-0.020785599999999998,0.22814125,0.03701511,0.11094002,0.14952485,0.2662482,0.07794617,-0.38407186,0.10107297,0.7114498,0.4604916,-0.13970365,-0.06170898,-0.109181054,-0.17338435,-0.06893337,0.47941965,0.06853604,-0.034730274,-0.25802672,-0.024360800000000002,0.09047476,-0.17672302,-0.038779605,-0.23582110000000003,0.07544556,-0.6764633000000001,-0.04120594,0.15406744,-0.08657669,-0.32099667,-0.55252546,-0.06891924,-0.3725042,0.2905101,-0.04903414,-0.34699136,0.027475392,-0.35512698,-0.29456595,0.054757774,0.7905810000000001,-0.39181024,-0.5272180000000001,-0.7985398,-0.24219789,0.37677085,-0.23427698,-0.06136664,-0.56680095,0.28562742,0.004838359,0.14138085,0.30451256,-0.7321516,-0.16151870000000002,-0.17304206,0.018950526000000002,-0.13202946,0.27068213,-0.55417114,0.0978995,-0.39424309999999996,0.26477695,-0.049738057,-0.26110435,-0.36073459999999996,0.18903485,-0.58900154,0.51611656,-0.15592018,0.32460794,0.07362268,0.045996512999999996,-0.40256379999999997,0.8563375,0.2990273,-0.41775447,0.07696405,-0.20127255,0.3344132,-0.18705606,0.49663076,0.18890971,-0.29930344,0.796669,0.29968116,-0.06607422,-0.25041977,-0.36376926,0.14997734,-0.21135624,0.19509578,0.31809217,-0.007832236999999999,-0.011867491499999999,0.12687461,-0.24347684,-0.23648097,-0.15578969,-0.18228129999999998,0.02918375,0.125563,-0.02913709,0.034108948,0.039206002000000004,-0.04867238,0.0934897,0.020280616,0.87587035,0.12224695,-0.03606288,-0.43037355,0.35458744,0.0013716692000000001,-0.2924232,0.036991092999999996,0.02704487,-0.03857547,-0.6926565,-0.27306348,0.17081746,-0.10956935599999999,-0.3495492,-0.48680693,0.15943345,0.03180277,-0.37220868,0.5450337,-0.093631566,0.13807036,0.1501343,-0.009603098000000001,-0.10194495,-0.3569738,0.29262573,0.015240558999999999,-0.15152432,-0.18515263,-0.076575555,-0.18001501,-0.09759730000000001,-0.43226552,0.34294176,-0.099378355,0.25378165,0.42541704,-0.16450606,0.0120402435,0.37614706,0.026657784,0.16349129999999998,0.025376184,0.26712537,-0.13416820000000002,0.09184253,0.11943614,0.16338108,0.5390516,-0.07329051,-0.1009032,-0.23159105,0.1898869,0.09280016,-0.053380813,0.12687708,-0.5523474,0.12271832,0.010117149,-0.20245169,0.39697924,-0.17214733,-0.14589820000000003,-0.06318458,0.28813428,-0.015840212,-0.25521332,-0.16074061,-0.5609268,-0.26883644,0.25462323,-0.48161337,-0.28370429999999996,0.13508329,-0.55845624,-0.033809333999999996,0.3322522,0.19336538,0.14194587,0.3978197,-0.2824708,-0.21716002,0.20501873,-0.021478292000000003,-0.016152402,0.3235133,0.006281168,0.54542553,0.10047307,-0.12772794,0.16289367,-0.015676476,0.017673343,-0.17563328,0.022632682999999997,-0.10964569,0.3319417,0.16569556,-0.17649634,0.41577536,0.16608092,0.46893959999999996,-0.308942,-0.85051125,0.28253508,0.40549509999999994,-0.023565091,-0.46882227,0.7800876999999999,-0.1215847,0.041256465,0.10608952,-0.55998576,-0.39062113,0.20538925,-0.22512701,-0.24328884,0.24370511,0.11444151400000001,0.17558332,0.43271247,-0.048844304000000005,-0.24903911,-0.15993616,0.0077041443,-0.2193252,-0.43745870000000003,-0.40492284,0.14380766,-0.4435414000000001,-0.09796104,-0.45783240000000003,0.012682296000000001,-0.41967648,-0.33748870000000003,-0.104826525,0.6411523,0.21145292,-0.20383152,0.07886576,-0.05322679,-0.58746105,-0.17729077,0.29483727,0.3102685,0.2681323,0.0048392084,-0.087543815,-0.04244117,0.5512413,0.0009687889,-0.12332353,0.34669828,0.1439204,0.01621219,-0.17018344,0.22871262,0.2524438,-0.20148575,0.089589044,0.22008012,-0.45279646,0.24960737,0.104146525,-0.40803888,-0.23583154,-0.07443119599999999,-0.15115857,-0.54240435,-0.27992734,0.49496275,0.02463732,0.2260886,0.42097682,0.10652664,-0.17079267,-0.36714673,0.026095461,0.26074803,0.30777016,-0.25184852,0.24693885,-0.09117287,-0.43605155,-3.9852142,-0.17712046,0.17217481,-0.44670078,0.20610408,-0.09822557,-0.020931136,-0.2637636,-0.46642607,-0.20901807,0.048944722999999996,-0.24842128,0.49314013,0.19118343,0.34999526,0.344142,0.2588556,0.09871651,-0.0007263050999999999,0.39218658,-0.08673962,-0.5714102,0.09643638,-0.16548346,0.1488245,0.14245416,-0.25613818,-0.090621635,-0.23228769,-0.009761755,0.46431443,0.018397614,0.090647615,0.20396228,0.19063637,0.031094847000000002,-0.071277395,-0.45023698,-0.2155908,-0.46677786,0.32774428,-0.53212184,-0.15855429,-0.15048811,0.8157161999999999,-0.49948093,0.13771886,-0.014718938999999999,-0.11247737,0.19372258,0.07187617,-0.16048531,-0.12869185,-0.21794339999999998,-0.41502586,0.12115922,0.49405536,0.6211383,-0.34174016,-0.2742843,-0.016013395,-0.3167773,-0.6125672,0.16648659,-0.21917222,-0.3150712,-0.29229656,-0.1985109,0.057015425999999994,-0.14602129,0.20677967,0.26917893,-0.48469558,-0.649812,-0.14709912,-0.060480293,0.14865324,-0.031618107,0.4089062,-0.16084836,-0.07967969,-0.2643288,0.24432531,-0.032031097,-0.09196728,0.026534265,0.37443197,-0.24387488,-0.58870816,-0.8138215999999999,0.1097873,0.19361791,0.18801656,0.30245809999999995,0.11649902,-0.13193001,0.19009867,-0.10948056,0.06344204,-0.08538654,0.29427132,0.45060623,0.5774769000000001,0.039703667000000005,0.24191202,0.11884091,-0.2928575,0.09237583,0.32920170000000004,-0.05162871,0.42391405,-0.41520340000000006,0.57374305,-0.11654494,-0.48203559999999995,-0.046219800000000005,0.24672094,0.4089406,0.05028319,-0.25277242,0.18984389999999998,0.4430655,-0.45701414,-0.0030587567,-0.6693408000000001,-0.30363128,-0.32849813,0.40805563,-0.38029063,-0.0527465,-0.24997693,-0.22427675,-0.36296069999999997,0.70120394,-0.12737489,0.0630245,0.046776287,-0.5509406,-0.17426732,-0.103009455,0.023159937999999998,0.50082403,-0.08090347,-0.06787438,-0.24722418,0.42781990000000003,-0.14918447,0.026763087,-0.2918252,0.23372236,-0.30652365,-0.29964375,-0.13447407,-0.36580038,-0.05385624,0.36867332,0.2429194,0.03795236,0.24224614,-0.4179375,0.013196538999999998,0.32398555,0.15861131,0.30708563,-0.01606774,0.69535255,-0.08275662,-0.30884959999999995,-0.14160912,0.1144839,-0.32118714,0.050032176,-0.19636984,-0.61528754,-0.10337948,0.53569126,0.02038733,-0.30507696,-0.16943799,0.24098764,0.05394143,-0.21681581,-0.23179111,0.13963827,0.24838872,0.31586727,0.3221589,-0.29101659999999996,0.19022498,0.19414924,-0.5100294,0.5017709,-0.11897200000000001,0.006314755,-0.29279763,-0.039992955,0.26560396,-0.49779502,-0.10850861,0.08727496,0.32535163,0.07935855,0.020263438999999998,0.1716271,-0.08254861,-0.15094791,0.32425293,0.18499878,-0.04550452,0.04862622,-0.32776856,-0.25003493,-0.23859526,0.20167762,0.33680084,-0.43785563,-0.08412332,0.021351482999999997,-0.4498503,0.3652683,0.04551142,-0.13520536,0.43934432,0.06366227599999999,-0.52238864,-0.17896828,0.21768242,0.24717787,-0.23468958,-0.055782937000000005,-0.08586923,-0.85679173,0.08071467,0.034300473,-0.5548896,0.42723712,0.08667910000000001,-0.39744946,0.42112485,-0.1384148,-0.31835383,0.10810074,0.014271878,-0.45782888,-0.11405911,-0.00031478622000000005,-0.093749546,0.45827258,-0.20421709,0.64054966,-0.06502124,0.042523026,0.055583317,-0.4139763,0.20478867,-0.30206567,-0.4091329,-0.08185574400000001,-0.6530182,-0.1538799,-0.07944195,-0.2881391,-0.22814718,0.23170237,0.22004488,0.18357287,-0.024366824,0.07389943,0.09255918,-0.5147735,-0.048937753,0.15493684,0.026167318,-0.16444504,0.19367751,0.011314109,0.012207043999999998,-0.6218697,0.3658318,-0.15679912,-0.38007846,-0.19855218,0.29256886,-0.16448012,0.19758582,-0.31173944,-0.41850716,0.08626402,-0.14575653,0.045808993,0.21334718,0.015353713,-0.1032874,-0.08750559,0.055092882,0.14949067,1.0038295,-0.22806334,0.37132558,0.463262,0.12738252,0.35033400000000003,0.16826838,0.009959121999999999,-0.39873657,0.42112008,0.14304323,-0.38606533,0.3589094,0.17949204,-0.21027371,-0.37267712,0.67148685,0.5244759,-0.27708063,-0.30175766,-0.059214565999999996,-0.22653714,-0.042951453,-0.1057558,0.019021837,-0.17457129,0.6685022,-0.11536324,-0.011623236,0.20540182,-0.33300546,-0.41776055,0.17402235,0.5683733,-0.032722127000000004,0.32266086,-0.437899,0.47304428,-0.19160531,-0.05866682,-0.12261048,-0.051774263,-0.019695623,0.24668089,-0.012040695,0.14633463,0.7121224,0.44488835,0.40004867,0.17470784,0.055406764000000004,0.11626607,0.6037792,0.35149726,0.33671495,0.4013123,-0.030645795,-0.21576734,0.11011549,0.569326,0.32665834,0.54281664,-0.08378749,0.93434733,0.13723697,0.23152804,0.5138718,-0.5559387,-0.42921513,-0.15766647,0.19551815,-0.054622807,-0.42031968,0.124347895,-0.24284814,0.14131004,-0.43693477,-0.29823565,-0.3195645,0.38437676,-0.2037293,-0.2372516,-0.021470945,0.2991318,0.11532144,-0.020985845,-0.40644032,0.09410503,-0.07659830000000001,-0.39332342,-0.045424886,0.10872108,0.0010302993,-0.29402658,-0.100307584,0.016479036000000002,0.17852179999999998,-0.14453809,0.19392620000000002,-0.063332625,0.46423504,0.19617784,0.42589703,0.13822684,0.016483812,-0.33596159999999997,0.09014081,0.24268101,0.36727536,0.11101267,-0.27441305,0.30826348,-0.15859763,0.012645396000000001,0.122481965,0.47348616,-0.83996135,0.16674389,-0.068911955,-0.07391658400000001,-0.03884367,0.3986362,-0.1716832,0.05223013,-0.26331455,-0.21523981,0.2478518,0.098619156,-0.36785614,-0.07588329,0.037440334,0.48615313,-0.20369479,0.22276476,0.24272321,0.14556466,0.2664031,-0.060874507,-0.16481216,-0.58217275,-0.43183962,-0.23409857,-0.14157043,0.26315442,0.20183855,0.26763037,0.17176834,-0.27371615,0.8757870999999999,-0.39542059999999996,-0.18141043,-0.07378933,-0.19732338,-0.39796543,-0.21004057,0.10883143,0.06105802,-0.35453123,0.0772054,-0.19911224,-0.02136127,-0.23235050000000002,0.20417325,-0.42629072
46,6,-0.36402237,0.03767385,0.43715602,0.042065345,0.32925025,-0.40192693,-0.21944724,0.471024,0.22061591,-0.50181484,0.09603281,-0.25873587,0.27474633,0.06261604,0.044260077,0.42129686,0.010315491,0.103406,0.026568078,0.12653908,-0.21927203,-0.43184537,0.28180920000000004,0.78607255,0.43627718,0.0894728,0.053465005,0.010987376,-0.06098123,-0.09958229,0.42383492,0.0021565887,-0.32033437,-0.5912871,0.22545646,0.1733682,-0.06848971,0.09987152,-0.2480754,0.24255726,-0.68966794,-0.0868443,0.030011091,-0.06562756,-0.05822096400000001,-0.12673461,0.35453907,-0.3965019,0.31476784,-0.09091987,-0.58582604,0.08276138,-0.22375233,-0.42577246,0.06507699,0.6052006,-0.1608255,-0.7124421,-0.7192392,-0.39256218,0.3558482,-0.07143608,-0.05096806,-0.2927897,0.32483843,-0.07796875,0.09965906,0.35674676,-0.6348431,0.090767816,-0.17263494,0.23624761,-0.28665290000000004,0.032972507000000005,-0.32832795,-0.2077055,-0.33693126,0.53792447,0.080055684,0.12416035,-0.18983127,0.40912452,-0.21585476,0.51366764,-0.09952768,0.25038496,0.028565966,0.010148131,-0.46387592,0.7103576,0.07561321,-0.20858125,0.040525556000000004,0.045156937,0.067875996,-0.26032013,0.5531325,0.16189721,-0.28508288,0.369165,0.38963225,-0.24280801,-0.22193134,-0.17459537,0.052319265999999996,-0.1673301,0.18606324,-0.19417287,-0.32015294,0.017956931000000002,-0.061240117999999996,-0.46334872,-0.08992525,-0.17401046,-0.15322083,0.23113119999999998,-0.072333075,0.019150611,-0.12817594,-0.23698539,0.16185458,0.18109159,-0.023314415,0.5592307,-0.12895827,-0.11937471,-0.20199755,0.4225748,-0.012103309,-0.3885584,0.27756637,-0.08601524,-0.1440254,-0.5336312,-0.2047263,0.29122734,0.005471949499999999,-0.26840422,-0.20881374,0.18772368,0.12405467,-0.39612225,0.38399735,-0.17095686,0.07006891,-0.27470002,0.01227325,-0.20114747,-0.17445278,0.21380253,-0.114179745,0.18196762,-0.20840225,-0.24080773,-0.06806963,-0.076834604,-0.3250731,0.16659671,-0.22220002,0.16881433,0.22849412,0.00095397304,-0.11313371,0.098896205,-0.00029895574,0.22031154,-0.17428301,-0.11917426,-0.13278307,0.22986811,0.061485417,-0.20387317,0.42283228,-0.055525895,0.31686917,-0.23303413,0.10898402,-0.0094357915,-0.13728964,0.15193178,-0.5576594,0.40429276,0.10189082,-0.20857318,0.41630839999999997,-0.33963084,-0.104209736,-0.35246336,0.21737091,-0.07953504,-0.039904855,-0.28719306,-0.36210406,0.11968693,-0.028757786,-0.6322539,-0.12789261,0.06305524,-0.31589606,-0.24790765,0.11153862,-0.12670225,-0.018810121000000003,0.109604865,-0.31909543,0.18894815,0.26497158,-0.31150255,0.08160879,0.35375535,-0.17617287,0.26312140000000006,-0.04245139,-0.13197114,0.21732946,-0.09722487,-0.0742791,-0.06270429,-0.07766516,-0.1725754,0.5193209,0.11906062,-0.22265984,0.40110490000000004,-0.16399914,0.671004,-0.26112667,-0.7627743,0.27033326,0.55881536,-0.03175727,-0.40169385,0.22363542,-0.25667712,0.12664174,0.05418755,-0.58740044,-0.13008745,0.16728784,-0.14398462,0.053465817,0.49333996,-0.21079805,0.032259215,0.318017,-0.061526075,0.023336192999999998,0.16242011,-0.2007908,-0.042863872000000004,-0.3927344,-0.23444894,-0.07440793,-0.41054672,0.13499716,-0.39443973,-0.23618306,-0.2598301,-0.059120994,-0.20418641,0.276014,-0.04246914,-0.17173807,0.00046471265,-0.09106181599999999,-0.6792640999999999,0.05847159,0.23647308,0.36863965,0.1831779,-0.049423434,0.12009884,0.27005354,0.26393294,-0.30869272,-0.15345488,0.42367917,0.14008224,-0.077083714,-0.106972896,0.59829307,0.15087306,-0.16190365,-0.14781196,0.18123405,-0.12206322,0.35082042,-0.06265916,-0.54000205,-0.02395436,0.072787225,0.051205255,-0.4261013,-0.20522621,0.48280987,0.022256252999999997,0.021931622,0.51782686,0.020055966,0.041977275,-0.37731293,-0.25436372,0.45207885,0.022256297999999997,0.12957199,0.09685287,-0.036007375,-0.6585812,-4.566382,-0.02483031,-0.33465013,0.13975085,0.42780548,-0.21701068,0.29514864,-0.037074868,-0.26641154,0.24338597,-0.25280294,-0.004437239,0.5237793,0.15502594,0.05866509,0.5615355,0.3829181,-0.35240406,0.10214047,0.41342947,-0.15441507,-0.7288423,0.18200171,-0.080585144,0.17474222,0.37860888,-0.35914126,0.36608579999999996,-0.31330050000000004,0.0037167398,0.16918387,-0.26752734,0.068559386,0.17508143,0.17320107,-0.2908118,-0.26051348,-0.24522999,-0.16838978,-0.5392832,0.04186237,-0.36833236,-0.16415595,-0.13271053,1.0399790999999998,-0.1511905,0.057302184000000006,-0.22418647,-0.09281457,0.22388968,0.14313439,0.2778555,0.17681856,-0.17439088,-0.008663595999999999,-0.015979722,0.48344293,0.32230082,-0.39208362,-0.051215135,0.04625496,-0.18652993,-0.6207263000000001,0.093262844,-0.11362936,-0.24988581,-0.2861385,-0.22668979,-0.12743686,-0.2939893,0.19753775,0.43475565,-0.00020904167,-0.7736639,-0.17995523,-0.50969356,0.45675108,-0.0012044306,0.11319937599999999,-0.32386905,0.052382447,-0.2574277,0.12792896,0.05903816,-0.06575723,-0.007610754,0.20068352,0.303701,-0.20994224,-0.37392294,0.16959856,0.111160114,0.3231949,0.22837092,0.10136768,-0.2501223,0.26552070000000005,0.080542855,-0.2302862,-0.18305217,0.33732086,0.042598248,0.33360115,-0.030885836,0.2788712,0.20716664,-0.24764803,-0.11194776,0.08210004,0.08724733400000001,0.30589068,-0.21757115,0.23973359,-0.28564104,-0.16459914,0.081034854,0.13100797,0.48450129999999997,0.070586175,-0.1652882,0.15445282,0.35873052,-0.12815410000000002,0.16192104,-0.69184273,-0.13241637,-0.34745827,0.38290143,0.007259859699999999,0.022124917999999997,-0.14803122,-0.21647870000000002,-0.13673013,0.5136377999999999,0.051397804000000005,0.0026149766,0.022472776,-0.47324017,-0.3095323,-0.046446398,0.095317714,0.6668824000000001,-0.006305628000000001,-0.07577093,0.046225734000000004,0.2801965,-0.22109202,0.14284623,-0.25623512,0.32529068,-0.3512573,-0.13611148,-0.10236692,-0.41263,-0.034233924,0.4105427,0.28086045,-0.06409204,0.17983598,-0.12539685,-0.18004015,0.2907073,0.028632067,0.16409168,0.23757486,0.7781195,-0.07348847,-0.07584739,0.02697372,0.21440598,-0.29800084,-0.19591513,-0.030338185,-0.7059071,0.100920975,0.22230716,0.2783206,-0.20251474,-0.10783419,0.39423909999999995,0.011159926,-0.1962678,-0.34078407,0.21854001,0.32149068,0.10420144,0.25433692,-0.35484537,0.044792213,0.09274404,0.06667235,0.22154886,-0.2918403,0.19530326,-0.112344205,-0.041197382000000005,0.39177352,-0.42614776,-0.04429339,0.011108502,0.28739128,-0.10940730000000001,-0.34529707,0.33438993,-0.17381267,-0.26872298,0.022433027999999997,0.024402487999999996,-0.052929292999999995,0.21461335,-0.21855432,-0.09900797,0.14115685,-0.09861088,-0.047844186,-0.4228906,-0.0005269844,-0.27361333,-0.41926494,0.20338997,-0.14567205,-0.2447822,0.43014556,0.06907619,-0.22554086,-0.26310626,-0.059457827000000005,0.38520396,-0.34012990000000004,-0.286225,-0.08183233,-0.7398969,0.21988504,0.071606636,-0.4341394,0.29616329999999996,-0.19748223,-0.28588086,0.2777097,-0.06747339999999999,-0.5667547,-0.043418862,-0.09182538,-0.19203009,-0.13639849999999998,-0.12719628,-0.1425886,0.47624266,0.0007279885499999999,0.6485604,-0.025485156000000002,-0.026759882999999998,0.12862822,0.020800944,0.3853205,-0.21366782,-0.108957425,-0.35574508,-0.2794861,-0.31534059999999997,-0.16875494,-0.38879043,-0.11619261,0.13638484,0.13853885,0.38565305,-0.08909114,-0.16547714,0.21913579999999996,-0.5572497,-0.08263635,0.17859360000000002,-0.09434661,-0.18765183,0.00911221,0.16357669,0.09828989999999999,-0.51005197,0.1410904,-0.38485178,-0.23888539,-0.063616246,-0.14466156,0.22065195,0.3403388,-0.36100596,-0.29369655,0.45260334,-0.19630879,-0.12681814,0.09437372,-0.32197395,-0.0776327,-0.017522583,-0.37894636,0.30844570000000004,0.81772333,-0.0010570004,0.1258503,0.64465153,0.08942049,0.36221149999999996,0.16191478,0.22501747,-0.44770190000000004,0.43349677,-0.03084158,-0.5425975000000001,0.41018197,-0.029233921,0.16163838,-0.39594153,0.70315796,0.48301852,-0.27167240000000004,-0.32389906,-0.24972787,-0.2089703,0.29496497,-0.26344228,-0.1852864,-0.03080965,0.46488258,-0.15189247,0.15730765,0.30516443,-0.085254595,-0.18227406,0.0014725596,0.049169865,0.02137798,0.6005718000000001,-0.16150223,0.24541904,-0.18183658,0.22898445,0.26193908,0.14794397,0.19710247,0.20133717,-0.03291858,0.48785877,0.51129013,0.49259803,0.29399723,0.10064317,0.26772943,0.09921129,0.48392045,0.36228013,0.36516416,-0.12967029,-0.05856857,-0.30922303,0.20223695,0.044836774,0.1338213,0.5418984,0.15064396,0.62710506,0.15644184,0.044950042,0.68004173,-0.6651679,-0.36266097,-0.5084225,0.13502437,-0.23724106,-0.17037234,0.50619245,-0.11177944,0.1797455,-0.37620074,-0.35966408,-0.016756188,0.056413434000000005,-0.03502493,-0.19203697,0.05867462,0.44116357,0.2671841,-0.19751762,-0.46549797,-0.17230782,-0.22171086,-0.0387023,0.08682824,0.25407395,0.009494881,-0.3663617,-0.03445935,-0.014409048999999998,0.17671457,0.1354203,0.33525340000000003,-0.1194156,0.5159037000000001,0.07606554,0.36080328,0.20517670000000002,0.23127820000000002,0.1384487,-0.2618711,0.34938398,0.2691573,0.13326053,-0.20431359,0.12460518,-0.4147923,-0.39238048,0.24355541,0.45874557,-0.5076554,0.28412503,0.12456829,0.18841682,-0.037971887999999995,0.08548178,0.056502252999999995,-0.07510444,-0.12884206,-0.43350340000000004,0.23344204,0.08002371,-0.29448718,0.017412338,0.09745787,0.25056636,0.06335945,0.25652447,0.020789903000000002,-0.26755592,0.010068615,0.13244323,-0.09640433,-0.3751233,-0.49840567,-0.11330053,-0.0038241686,-0.063334204,0.24595803,0.25739875,0.046880707,-0.055357724000000004,0.45422399999999996,-0.35776895,-0.39207557,-0.44151148,-0.17989878,0.036248382,-0.21625434,-0.04275242,-0.06188204,-0.35163626,-0.07147179,0.03951754,-0.25269708,-0.19780362,0.15814763,-0.28357753
47,6,0.03938518,0.11299762,0.2909481,-0.11963909,0.12045819999999999,-0.48362452,0.06457223,0.5977411,-0.0044463309999999995,-0.6199851,0.32801092,-0.47588348,0.19662318,0.5624608,0.038274854,0.41231287,0.10782834,0.090678334,0.18335862,0.2533597,0.06795253,-0.3225146,0.2006509,0.6924847,0.39101487,-0.034441147000000005,-0.06836445,0.078547016,-0.18520561,0.008090591,0.48975006,-0.016346171,-0.08304364,-0.23273760000000002,0.0068999330000000005,0.042966362,-0.043620806,-0.1488661,-0.17539464,0.34295636,-0.6370643,-0.19173068,0.07430609,-0.071834005,-0.24218017,-0.5254199,0.20320304,-0.08914388,0.452716,-0.0076595885,-0.42701300000000003,0.055044465,-0.24942912,-0.26360244,0.17100286,0.5928185,-0.3312822,-0.35645705,-0.81523675,-0.3581498,0.34059295,-0.22553383,-0.20509487,-0.682796,0.2747929,0.26708853,0.24621509,0.29408976,-0.8700635,-0.07097473,-0.15681376,-0.11763432,-0.039085984,0.09189843,-0.43269676,-0.015222548,-0.31386903,0.33874540000000003,0.12996805,-0.23720053,-0.2959991,0.36409953,-0.5900677,0.5232661,-0.07005579,0.31388772,0.16472162,0.02884068,-0.28596318,0.6309996,0.100227535,-0.5020482,0.12776192,-0.061696722999999995,0.27186775,-0.2973571,0.58297867,0.082326755,-0.37337857,0.7178026999999999,0.16106108,-0.13781172,0.002883302,-0.118292525,0.08366378,-0.10753596,0.15167207,0.22049364,0.032287654,0.15503404,0.0003552681,-0.33624837,-0.3851053,-0.22540238,-0.09241494,0.18055739999999998,0.21006653,-0.15647274,0.009624125,0.13357641,-0.05312282,0.04210528,0.07583373,0.85795426,-0.24276817,-0.14497562,-0.6045029000000001,0.31810394,-0.07744825,-0.36463365,0.075473666,0.048062637000000005,-0.09207941,-0.5415770000000001,-0.24597249999999998,0.13083784,0.0019185826999999999,-0.29942706,-0.56186193,0.43276078,-0.0073309448,-0.3241002,0.6773631,0.016049072,0.13629285,-0.056749545,-0.041224476,-0.11448509,-0.30313087,0.133375,-0.012738273,-0.23047704,-0.16431984,-0.24762826,-0.25331324,-0.08387777,-0.5941255999999999,0.291522,-0.17561857,0.27128379999999996,0.23116827,-0.13130316,-0.03830035,0.36129674,-0.07089896,0.29287836,0.021694586000000002,0.17169212,-0.28203106,0.24366906,0.016259527,0.12394193,0.53654134,-0.30377546,0.08938689,-0.23345860000000002,0.33796158,0.032032635,-0.17567123,0.13313745,-0.53048146,0.20148455,-0.098090544,-0.0853218,0.36871293,-0.25071526,-0.068712525,-0.14529744,0.31249005,-0.075274594,-0.227744,-0.2412708,-0.104432024,0.12689549,0.33241683,-0.3938647,-0.11043091,0.16951014,-0.59762967,0.10193063,0.08441871,0.2197343,0.06695922,0.27523294,-0.33608595,-0.155665,0.3136943,-0.14524305,0.054538663,0.12367127,-0.14604634,0.53664523,0.16957381,0.03063635,0.06864775,-0.020667473000000002,-0.060106356,-0.19479246,-0.05326737,-0.27991354,0.19034890000000002,0.0518675,-0.32789650000000004,0.33495346,0.1635719,0.5468123,-0.2281674,-0.8869945,0.19195634,0.64180577,0.08638325,-0.5597477,0.6630444000000001,-0.08388885,-0.008506821,0.13338722,-0.4544496,-0.34194267,0.18826921,-0.26791582,-0.11787159,0.33353838,-0.009528097,0.16620646,0.24209788,-0.042779937000000004,-0.17597409,0.007845274000000001,0.0060744155,-0.23968703,-0.39633206,-0.49818966,0.28192386,-0.43218327,0.04569777,-0.2525473,-0.14973585,-0.4440571,-0.17076136,-0.11095406,0.63073105,0.07495198,-0.08177474,0.050030343,-0.17439818,-0.5389081,-0.028618902,0.33573714,0.28651854,0.058908176,-0.11946984,0.10780792,0.15085626,0.73004985,-0.034537505,0.112984315,0.21651128,-0.018944465,-0.012227482,-0.18959172,0.27801085,0.34918708,-0.15726489,0.08511028400000001,-0.04506797,-0.10862108,0.10338908,0.31918672,-0.31534487,-0.24320088,-0.099157415,-0.017173242,-0.54654914,-0.23067564,0.28406677,-0.06368108,0.06328497,0.10205191,0.19339006,-0.082352124,-0.37202620000000003,-0.04274965,0.20512474,0.16423535,-0.1382058,0.31391576,-0.022874156,-0.38625303,-4.025304,0.18951800000000002,0.068348855,-0.26528665,0.22488629999999998,-0.07866035,0.19652556,-0.117824055,-0.31155577,-0.10229642,-0.052395992,-0.06445256,0.51244265,0.22921254,0.16250503,0.39367712,0.24391174,-0.2636348,-0.12323281,0.42769143,0.030279864,-0.6494589,0.19255129999999998,-0.23949388,0.29360342,0.34281892,-0.41922719999999997,-0.042043585,-0.31120205,-0.06224165,0.3376377,-0.25344536,0.06769563,0.05447292,0.08669481,-0.0876014,0.11409781,-0.45397170000000003,-0.23059748,-0.42537892,0.12350363,-0.64754355,-0.25055429999999995,-0.19300061,0.9301643,-0.25368217,-0.01022975,0.059065204,-0.10731704,0.35677326,0.099589296,-0.16722369,-0.12388800000000001,-0.24471027,-0.20205316,0.053162478,0.5754682,0.35928836,-0.1673162,-0.43372878,0.0046783313,-0.12188489999999999,-0.6017707,0.08470659,-0.07556365,-0.30512407,-0.21355048,-0.14065658,-0.20383759,-0.16898909,0.3064507,0.48653814,-0.33514443,-0.5512186,-0.09943895,-0.061401255,0.20894624,-0.16732864,0.004766414,-0.14964582,0.05877169,-0.41446152,0.031079397,0.006275939,-0.021636115,-0.084586516,0.4068912,-0.20660403,-0.42932879999999995,-0.76239014,0.3006239,0.013743597,0.06855797,0.3149638,0.17972682,-0.09504703,0.33926904,-0.016883874,-0.095178574,-0.20802122,0.2841112,0.40306786,0.381589,-0.049520057,0.08618354,0.16887538,-0.14341845,-0.09822036,0.14680696,0.025026583999999998,0.40573728,-0.33149666,0.35558733,-0.0970644,-0.27291515,-0.14806385,0.35365546,0.22830010000000003,0.015819885,-0.3335151,0.103775695,0.38245776,-0.27974823,0.17950317,-0.30975544,-0.18605445,-0.2572997,0.40345562,-0.10323831,-0.09350005,0.00033335827,-0.22486328,-0.37953020000000004,0.6774744,0.0139937075,0.1333353,-0.12516719,-0.7566523,-0.17044458,0.034580834,0.2956297,0.49547440000000004,-0.19161953,-0.038032725,0.06677383,0.5061392,-0.32073277,-0.018074468,-0.22063296,0.055418182,-0.3126363,-0.21831852,-0.23241623,-0.6568980999999999,0.16764265,0.3497384,0.33070120000000003,0.0045938278,0.17861912,-0.2600358,-0.06437813,0.32988623,0.240186,0.35543850000000005,-0.26509640000000007,0.69342625,-0.018567642,-0.26078429999999997,0.07847167599999999,0.12690218,-0.34631103,0.17105491,-0.15218356,-0.6532366999999999,-0.008887108000000001,0.3543155,0.110804155,-0.3133022,-0.16842082,0.17747322,-0.029861422000000002,-0.14533502,-0.17196065,0.18084237,0.33695674,0.220505,0.32851577,-0.38148752,0.016769499,0.221187,-0.30828673,0.34266037,-0.03918387,0.05561052599999999,-0.39226004,-0.06942761,0.3723571,-0.4811815,-0.036488682,-0.006924095600000001,0.43023828,-0.044899262,0.009970654,0.13824119,-0.034116067,-0.22038019,0.12679507,0.18913253,-0.047855597,0.28223968,-0.18704720000000002,-0.17928454,-0.039312854,0.14916219,0.24675584,-0.68114394,0.07361746,0.02517132,-0.38733178,0.39054337,0.00469693,-0.1978987,0.28341055,-0.07578591,-0.50989103,-0.15979384,8.7648914e-05,0.3565453,-0.19368614,-0.27874434,-0.088136874,-0.8352264000000001,0.04388737,-0.021280057999999998,-0.40705749999999996,0.5399161,0.003987511599999999,-0.26064610000000005,0.32879144,-0.24799938,-0.26488979999999995,0.048475537,-0.0036326738,-0.43950534,-0.058957137,-0.08160173,-0.1833048,0.70771635,-0.04114754,0.5381547,-0.12688422,0.13395272,0.1315461,-0.3654598,0.30081868,-0.27741686,-0.2640872,-0.059017177999999997,-0.28107584,-0.11132979400000001,-0.17610356,-0.16670433,-0.2433629,0.26030645,0.15151565,0.12651466,-0.017034668,-0.09569259,0.023313986000000002,-0.56422734,0.07004096,0.23706521,-0.044952575,-0.34471643,0.08397301,0.08372438,0.061787527,-0.6564904,0.3676738,-0.30658358,-0.17120935,-0.06735761,-0.018810083999999998,-0.08313576,0.36977714,-0.39831075,-0.33658633,0.29068187,0.08941669999999999,-0.033620737000000005,0.074842215,-0.088008136,-0.09852338,0.22172959,-0.0771681,0.06684955,0.8062695,-0.14020012,0.34750983,0.47173770000000004,0.050603744000000006,0.19072084,0.026184312999999997,0.2086823,-0.40834737,0.28191546,0.09771342,-0.31314105,0.24356562,0.22775653,-0.18766682,-0.45022893,0.68756604,0.5100253,-0.4171189,-0.32365268,-0.27613637,-0.1644719,-0.03834389,-0.10315426,-0.05744315,-0.049352642,0.6378045,-0.07190334,0.10947355,0.33246893,-0.22331578,-0.39012724,0.16976961,0.36339864,-0.08803555,0.25839463,-0.44571720000000004,0.31308416,-0.18862203,0.14255509,-0.24480109,0.04280621,-0.007784238000000001,0.098664284,-0.12842081,0.22205354,0.7162343000000001,0.44187307,0.59374696,0.10933373,0.059418444,0.20785935,0.8260004000000001,0.093032934,0.18780842,0.14215931,-0.0005008351000000001,-0.17284264,0.22297729999999996,0.14013666,0.2406686,0.3740085,0.11793207,0.8951848,0.08155196,-0.04798416,0.4228052,-0.53240895,-0.33035663,-0.12532881,0.29539534,-0.47130123,-0.40251362,-0.0063706837,-0.16615303,0.04861125,-0.40750724,-0.37030533,-0.3585711,0.40578994,-0.14708105,-0.4269673,0.10064714,0.22755133,0.16265689,0.041080188,-0.49465045,-0.18890648,-0.03619665,-0.44313842,-0.0616241,-0.07517186,-0.06692006,-0.63436884,0.022188092000000003,-0.04407563,0.104428075,-0.06442606,0.3024071,-0.23819092,0.5874076,0.12016263,0.48783332,0.28985202,0.08248564,-0.24732219,-0.065744944,0.11269684,0.28295165,0.062179964000000004,-0.06585011,0.050395455,-0.12180581,-0.007467941,0.16934982,0.6170356,-0.6665494000000001,0.114988916,0.0029843138,-0.010234986,0.051334914,0.23504984,-0.36906582,-0.008018556,-0.21998164,-0.19137813,0.06789201,0.15992168,-0.35992625,-0.087683834,-0.046519402,0.27893865,-0.048275154,-0.0006793471000000001,0.108159974,0.033704698,-0.074858345,0.12501119,-0.023061024,-0.52954584,-0.40989754,-0.08290611,-0.012756458500000002,0.19224747,0.31041697,0.28243166,0.31455475,-0.13976303,0.7851733,-0.24661423,-0.06908675,-0.20162244,-0.12299160000000002,-0.21918926,-0.25010383,0.0922941,0.10539707,-0.30308238,0.15415168,-0.23687704,-0.1989135,-0.12274928,0.21924143,-0.39642298
48,6,-0.03433976,0.16474941,0.4930670999999999,-0.14794475,0.2358185,-0.304357,0.050197902999999995,0.71420527,-0.027882915,-0.47846562,0.313332,-0.54951745,0.1517886,0.687369,0.090855815,0.4843513,-0.07913705,0.17833267,0.08238889,0.40439388,-0.029275497,-0.2723683,0.3451023,0.834232,0.44374853,-0.18510345,-0.19370120000000002,-0.031816445,-0.19976862,-0.107704945,0.51718235,-0.03430996,-0.29675677,-0.35826156,0.027839608,0.060734435999999996,-0.28549796,-0.086661406,-0.14245835,0.3577935,-0.7881684,-0.32077262,0.20340997,-0.016069967,-0.32308847,-0.53915346,-6.206618e-06,-0.21225421,0.45227203,0.16926472,-0.36809522,0.07357962400000001,-0.3097348,-0.35499212,0.22672766,0.5854333,-0.31195176,-0.39411690000000005,-0.83619934,-0.23838565,0.18253870000000003,-0.28274953,-0.20688786,-0.69377846,0.44837144,0.11884674,0.14891717,0.21259212,-0.77179444,-0.19495775,-0.2532829,-0.043559037,-0.05832564,0.08889188,-0.35865840000000004,0.064836726,-0.34444043,0.3025422,0.07526131,-0.13032568,-0.3568377,0.36086799999999997,-0.64754754,0.6285721,-0.07065561,0.49427888,-0.004090287,0.20697577,-0.30489886,0.7159153,0.13054982,-0.43792079999999994,0.07982784,-0.07161293,0.30454573,-0.18208359,0.3866501,0.019912045,-0.73769164,0.69938636,0.24401060000000002,-0.30223364,0.093248546,-0.26034647,0.16008064,0.06769573,0.18772474,0.10084067,0.15840479999999998,0.22503307,0.17562397,-0.24683881,-0.3341135,-0.24017867,-0.21231344,0.13727070000000002,0.22277378,0.01577057,0.13897583,-0.039559662,-0.15589528,-0.0042224409999999995,0.10412963,0.9762247,-0.021528422999999998,-0.033145927,-0.40611312,0.35941540000000005,-0.035940107,-0.37664843,0.11909303,0.22949989999999998,0.005580573,-0.5889342,-0.10489296,0.28854197,0.13078523,-0.44898668,-0.33537164,0.28477278,0.22131291,-0.4431151,0.7705795999999999,0.12838438,0.03557054,-0.034653623,0.021293872999999998,-0.14859988,-0.38442704,-0.058654162999999995,0.01405188,-0.12386349599999999,-0.20899323,-0.26106438,0.024437364,0.0019167193,-0.6367409,0.22710411,-0.015270623999999998,0.089250475,0.33967385,-0.07404121,-0.08012716,0.40628827,-0.19181289,0.30798236,0.117742896,0.22245967,-0.35562453,0.07123989,-0.044196814,0.115029536,0.5370720999999999,-0.281202,0.17582355,-0.1389396,0.21628139999999998,0.13943129999999998,-0.043698087000000004,0.07352953400000001,-0.44806024,0.16953804,-0.19685012,-0.20788488,0.38193792,-0.19121854,0.2526888,0.090242855,0.14648063,-0.107455455,-0.30315614,-0.20362009,-0.24276029,-0.051612984,0.39053538,-0.5216556,-0.15587994,0.20283885,-0.50709236,-0.06818391,0.04455046,0.34212038,0.09824531,0.110562965,-0.29816220000000004,-0.3526822,0.057370856,-0.2693107,-0.0036109413,0.10823431,-0.07711436599999999,0.39507790000000004,0.011507513999999998,-0.08471277,-0.08146805,0.092094295,-0.06706902,-0.08850788,-0.25558048,-0.24665692,0.052490134,0.039475974,-0.11904174,0.37436354,0.08183253,0.6052105999999999,-0.26406303,-0.9146549,0.35768932,0.46978549999999997,0.014216243,-0.6171473000000001,0.6815732,-0.123645596,-0.055204116,0.05447525,-0.45638,-0.39465627,0.04891452599999999,-0.16559644,-0.27180296,0.32093832,0.027630407000000003,0.17055008,0.53440464,-0.18492001,-0.3051497,-0.15820849,-0.13144374,-0.13939488,-0.36961952,-0.27014402,0.027899176,-0.3918011,-0.07101921,-0.2891803,-0.19986022,-0.3968844,-0.05917223,0.12671596,0.5404145,0.10382913,-0.23332407,-0.035109904,-0.06320531,-0.77980155,-0.13984424,0.2503854,0.4038945,0.10491052,0.17422177,0.17234325,0.061862953,0.67630607,0.19437817,-0.20394018,0.070631735,0.20332728,0.10680704,0.05327426,0.20400982,0.30804014,-0.2626937,0.07408703,-0.06465248,-0.13435787,0.15730374,0.3615491,-0.45729083,-0.08697767599999999,-0.0147316735,-0.15092546,-0.5637555000000001,-0.37616974,0.47487026,-0.022931963,0.26111308,0.1719329,0.15662324,-0.12720482,-0.21714029999999998,0.06404797,0.16290255,0.19379000000000002,-0.14762186,0.13342765,0.100052185,-0.49925163,-3.6524053,-0.049400993,0.14744091,-0.41646945,0.39631320000000003,0.026818441000000002,0.08242283,-0.08720755,-0.39973167,-0.13185716,0.10087038,-0.06506913,0.3793083,0.110819586,0.21913543,0.26849829999999997,0.24700208,-0.13330562,-0.033645574,0.58200085,-0.031996932,-0.63551956,0.10809931,-0.14448692,0.18524402,0.36401993,-0.32130894,-0.18653333,-0.16524355,-0.13712852,0.2937066,-0.22591916,-0.03659827,0.07484356,0.13077772,-0.11637163,-0.0056828666,-0.58247757,-0.29136267,-0.47205618,0.15703653,-0.61064506,-0.185642,-0.31887516,0.8482042999999999,-0.37677252,-0.11834832,0.054611392,-0.028544886000000002,0.1431338,0.092721865,-0.113082096,-0.021142763999999998,-0.5646213000000001,-0.19263306,-0.11945469,0.47506258,0.5488644,-0.046158552,-0.34851792,0.10318737,-0.16602779999999998,-0.83299196,0.00137931,0.07327895,-0.30213845,-0.48796964,-0.38263544,-0.036912117,-0.32678074,0.050310414000000005,0.49771434,-0.34992573,-0.4133274,-0.08059662,-0.20382089999999997,0.29992694,-0.21727988,0.05936424,-0.26042375,-0.21235268,-0.27070948,-0.08768371,-0.11320096,-0.013642066000000001,-0.29117632,0.30106002,-0.29143968,-0.30256096,-0.7396951999999999,0.27100047,0.17800818,0.23915331,0.36534452,0.21510671,-0.14210865,0.24782373,0.2446741,-0.13565241,-0.31702018,0.25008675,0.2933824,0.572472,-0.21012294,-0.014325663999999998,0.02051121,-0.36741840000000003,-0.14312352,0.23042807,-0.10948788,0.31927586,-0.26246318,0.2517087,-0.13218157,-0.21853149,-0.11859419,0.23354912,0.4802281,0.02834713,-0.40155083,0.08048591,0.5814406,-0.31536198,0.14263208,-0.5347439,-0.06749862,-0.22154379,0.44931054,-0.08896364,-0.25159773,-0.14660703,-0.22646298,-0.15287124,0.7138084,0.021665819,0.290641,-0.08745766,-0.6445964,-0.21823195,0.118905015,0.23902854,0.51913375,0.00622202,0.045882605,-0.009178211,0.47761703,-0.165036,0.08168337,-0.29695508,0.10865094,-0.43230355,-0.30001986,-0.24744296,-0.5650189,0.30533790000000005,0.42929179999999995,0.43603679999999995,-0.12110673,0.3201687,-0.54282266,-0.123894654,0.4587958,0.13870935,0.42222366,-0.12932298,0.6073675000000001,-0.07375916,-0.21558131,0.07967847,0.046246454000000006,-0.4619411,0.32137322,-0.077063255,-0.58084524,0.012312331000000001,0.44737609999999994,-0.00018869204,-0.23915471,-0.19151574,0.30829429999999997,0.03513049,-0.09212623,-0.20851550000000002,0.10368521,0.33400527,0.23235297,0.3755492,-0.3785995,0.14589927,0.22020136,-0.39894179999999996,0.55816597,-0.15330015,-0.085594915,-0.42417488,-0.05802573,0.23270149999999998,-0.49865034,0.0046485374,-0.01260362,0.2779333,-0.036432702000000004,-0.071739875,0.336097,-0.16992708,-0.23498756,-0.0062350156,0.29729623,-0.055890657,0.31502709999999995,-0.31142977,-0.38783336,0.059963999999999996,0.21049117,0.19234708,-0.47119940000000005,0.06364592,0.031909604,-0.5243220000000001,0.28541157,-0.26044106,-0.3263278,0.5183331,0.04045553,-0.50371546,-0.21822646,-0.040348526,0.48990685,-0.2659893,-0.20396797,-0.20042917,-0.8449032,0.26658782,-0.028836623,-0.25491586,0.53085023,0.0062591769999999994,-0.39915347,0.29134348,-0.19854292,-0.15260023,0.032600752999999996,-0.18686077,-0.44568703,-0.054354127,0.16278172,-0.09862873,0.65698373,-0.20817967,0.49425316,-0.16146345,0.054619756,0.012972431999999999,-0.4983941,0.3470982,-0.26345593,-0.377406,-0.07836634,-0.44340092,-0.22430319,-0.17291753,-0.16963515,-0.16764864,0.24362157,0.38893342,-0.04011624,-0.11975815,0.047890514,0.105809025,-0.34303218,0.053031005,0.22456047,-0.06171193,-0.24325454,0.10773834,0.16807947,0.068153515,-0.6282823000000001,0.43414790000000003,-0.3435742,-0.35940707,-0.0424791,0.06419019,-0.08180014,0.27080745,-0.3032915,-0.20928827,0.2898417,0.07233933,0.07536616,0.14736870000000002,0.11024433,-0.1704096,0.26963976,-0.04732655400000001,0.13447712,0.9252265,-0.1370368,0.36938193,0.408519,0.020405333,0.25494227,0.13921607,0.060119465,-0.4198875,0.36052695,0.22518632,-0.31573585,0.15432754,0.2451683,-0.37101835,-0.53554064,0.8239040999999999,0.42520070000000004,-0.24649872,-0.24616705,-0.16154029999999997,-0.27952692,-0.015310282,-0.17587347,-0.10701179999999999,-0.06267791,0.37003812,-0.15215987,0.051469263,0.38182518,-0.2842019,-0.40479827,0.031835746,0.42834064,-0.01875861,0.47302879999999997,-0.3623873,0.42165747,-0.16369073,0.039230786000000004,-0.16785884,0.06106782,0.29978990000000005,0.16737033,0.10918357,0.056691717,0.5028402,0.43156996,0.44175518,0.32656464,0.104082555,0.2032898,0.57432795,0.22456527,0.30814376,0.2965954,0.027014565,-0.22578306,0.18194771,0.06425726,0.43178016,0.29973164,0.2554629,0.9051331,0.04009264,0.054566737000000004,0.6851213,-0.6308307,-0.455613,0.01985014,0.44558474,-0.38034546,-0.1265924,0.077471346,-0.37957883,0.04955567,-0.59761953,-0.44230652,-0.30424520000000005,0.26712057,-0.27288836,-0.29707825,0.072570786,0.29560590000000003,0.25614703,0.12524846,-0.57523066,-0.06684797,-0.09600202,-0.28559685,-0.24108365,-0.10440732,-0.13061725,-0.38757333,0.1073497,-0.07149149,0.34005219999999997,-0.026154397000000003,0.15717325,-0.24824484,0.48983625,0.18218857,0.35002259999999996,0.19231291,0.101108335,-0.30539697,-0.050054707000000004,0.29156587,0.2741824,0.072011985,-0.18223046,0.04448679,-0.11905557,-0.22562875,0.0856187,0.6192960999999999,-0.57723063,0.12540619,-0.20527142,-0.0065687490000000005,-0.020082315,0.23486869,-0.16145426,0.13433662,-0.21460563,-0.09618191400000001,0.16053571,-0.20493308,-0.23499922,-0.08067903,0.24881348,0.17770325,-0.090778604,0.09678124,0.061557762,0.27160156,0.063008055,0.027473701,-0.07748758,-0.5027067,-0.3810298,0.038916476,-0.16623746,0.08865587400000001,0.17790012,0.36937785,0.2315437,-0.23464452,0.7897944,-0.20282234,-0.2210531,-0.32870525,-0.37421295,-0.39082822,-0.34048036,0.25314316,0.13892645,-0.31687754,0.14644879,-0.15630856,0.037244402,-0.18287525,0.19699089,-0.44683427
49,6,0.24468006,0.010238639,0.45790398,-0.042217555999999996,-0.030855784,-0.37960088,0.18788156,0.78041685,0.005279651,-0.48502259999999997,0.0097827315,-0.18401869,-0.26875025,0.769844,-0.18241046,0.39618284,-0.49653850000000005,0.0077238585999999994,0.23001267,0.24982597,0.42160606,0.033676475,0.23295516,0.5446781999999999,0.6990826,-0.37017095,-0.39074633,0.057261612,-0.17457503,-0.37906059999999997,0.25490302,0.18736252,-0.36689693,0.12160058,-0.021037757,0.14419602,0.21417545,0.22752038,-0.1883319,0.5294149,-0.50798285,-0.14123437,0.28966479999999994,-0.06420371,-0.09725428400000001,-0.52433556,0.67383295,-0.48053533,0.22333422,-0.018830700000000002,-0.55748713,0.077443786,-0.0133422,0.17051838,0.38372344,0.15401872,-0.56808966,-0.38607040000000004,-0.90818727,0.21537536,0.29874986,-0.24819681,-0.21134470000000002,-0.5171787,0.44317216,0.36474133,0.17138259,0.23494077,-0.76965415,0.25052226,-0.16172463,-0.34193385,-0.091146305,0.13817802,-0.26146346,0.0531226,-0.35835612,0.40927652,-0.010563396999999999,-0.34875643,-0.102802984,0.024647912,-0.43141863,0.5646643,0.047019187000000004,0.27182508,0.24478485,-0.038948897,-0.22462471,0.49330583,0.19232963,-0.47240722,-0.21529368,-0.22999512,0.3331458,-0.48007834,0.43404296,0.13096142,-0.34376976,0.8774004000000001,0.40361217,-0.4229876,0.1953134,-0.23383056,0.13208732,-0.005805708000000001,0.006202079,0.15041554,0.38298923,0.13998336,0.5074624,-0.053572714,-0.24617554,-0.40561244,-0.26980194,0.044155583,0.5294937,-0.035254344,0.037887927,0.04829898,-0.24159819,0.24043491,-0.06196477,0.76146245,-0.24628320000000004,-0.014364531000000002,0.1855269,0.26568379999999997,-0.37613106,-0.39198458,0.108256854,0.23383427,0.21197748,-0.7243582,-0.4916307,0.11098417,0.45317194,-0.47117600000000004,-0.73785996,0.30744240000000006,0.15368392,0.028940646,0.5780112,0.21814738,0.24766646,0.118084624,-0.18240331,0.047229607,-0.015258833000000001,-0.13919805,0.103143126,-0.28243002,0.17951259,-0.46609467,-0.34468922,0.305133,-0.55125934,0.4005397,-0.13007501,0.58257365,0.47699067,-0.46639505,0.21223818,0.6099729,0.14459446,0.64907485,0.10111949,-0.05142275,0.32354373,0.13402376,-0.15131868,-0.07435688,0.41438553,-0.6431336,-0.21371779999999999,0.009660382,0.23190479999999997,0.38459727,0.041746497,-0.12748028,-1.0401782,0.019973379,-0.31274447,-0.34659797,0.5429848,-0.2852524,0.16379295,-0.094044454,0.18736225,-0.12408912,-0.11267916,-0.06523723,-0.101196304,0.023832983999999998,0.5935568,-0.17114994,-0.48046905,-0.056253467,-0.5103824,0.5344511,0.39180803,0.5030685,0.6557907,0.07388739,-0.32712746,0.368411,0.23899515,-0.34891504,0.109216854,0.43797997,-0.47027338,0.447701,0.20205283,-0.33595264,-0.053284008,-0.02648014,0.5298499,-0.5444222,-0.10684672,-0.52162635,-0.23031427,-0.28347775,-0.32880142,0.47426143,0.20663531,0.27812004,-0.15381631,-0.17506605,0.10692985,0.26571685,-0.049487199999999995,-0.29961953,0.7507343000000001,0.30571127,0.06085830000000001,0.24555970000000002,-0.38348648,-0.45475215,-0.00067568745,-0.13527761,-0.31091386,-0.016488481,0.34148347,0.37623152,0.11473938,-0.032983373999999996,-0.3084683,-0.44688649999999996,-0.03096716,0.24953347,-0.28030184,-0.67256635,0.050182275,-0.6186282,0.042828646,0.10227816,-0.20169255,-0.13686183,-0.06729139,0.20268308,0.32191446,0.034562867000000004,-0.07338683,0.20548648,-0.5393414000000001,-0.5878954000000001,0.24022729999999998,0.2686779,0.19818136,-0.11975609,-0.040813662,-0.36056309999999997,-0.19553767,0.5603602,0.11794921,0.25011632,0.54620814,0.31331646,0.05098686,0.07773424,0.27177027,0.47600922,-0.32671264,0.08213313,-0.12216614,-0.63607603,-0.05983049,0.040232338,-0.42861274,-0.21183491,-0.32949093,-1.6712225e-05,-0.33243449999999997,-0.1742263,0.51137507,-0.39150068,0.12797663,0.20420045,0.32234734,-0.38313448,-0.20553589,-0.2055199,0.09962599,0.26639807,-0.5827511,0.18498686,-0.04219778,-0.3116276,-3.3652233999999996,-0.18080829,-0.03396418,-0.23871838,0.25875562,0.16944534,0.10522855,-0.14266248,-0.58812183,-0.41867155,-0.08348338,-0.08660177,0.38503328,0.39044264,0.29237998,0.40867737,0.28903723,-0.3082399,-0.4381282,0.47955640000000005,-0.08388432,-0.2738551,0.05652102,-0.5932208000000001,0.32166100000000003,0.49297842,0.15469997,0.13317977,-0.1136289,-0.076144345,0.39162558,-0.45518747,-0.20177647,0.029493732,0.040685542000000005,-0.16975324,-0.06764911,-0.29152265,-0.08334246,-0.26988718,-0.09835139999999999,-0.6093675000000001,0.2226654,-0.2369192,0.8904685999999999,-0.21538736,-0.20568231,-0.37697127,-0.14734659,0.40783784,-0.10284695,-0.16792379999999998,0.029075907999999998,-0.72049546,-0.17489846,0.34839517,0.46174243,0.41024286,0.06152449,-0.84918404,0.103769094,-0.20008239,-0.6454719,-0.3001023,0.0991823,-0.18132654,-0.38900536,-0.12579188,-0.13158689999999998,-0.29012263,0.33054283,0.38493156,-0.144344,-0.7100833000000001,-0.49798042,0.014791414,0.006761968,-0.16564505,0.21588196,-0.045169625,0.0028048982,-0.026928287000000002,0.08767401400000001,-0.3981923,-0.006290324,-0.32958072,0.35525995,-0.06990947,-0.07850292,-0.4174556,0.047145203,0.10909892,-0.25110143,0.15661775,0.026406376000000002,0.12644504,0.3123401,-0.051673368,0.05508683,-0.026784625,0.16142361,0.20097034,0.8453218000000001,-0.17381841,-0.23162304,0.09929518400000001,-0.5996031999999999,-0.067839965,-0.12800656,0.07247654,0.69007844,-0.6671701,0.4290129,0.07771777,-0.6694548,-0.19497809,0.067479365,0.2843123,-0.018072505,-0.31135046,-0.042615455,0.5032696,-0.20007229,-0.17012984,-0.7861051,-0.15364417,-0.17539017,0.0009584977,-0.2175279,-0.051497142999999995,-0.064088315,0.13831533,0.018453966999999998,0.5795351,-0.01105522,-0.050257973,-0.15156092,-0.5301769000000001,0.15806618,-0.053467035,0.32220924,0.44981140000000003,-0.20010187,0.17088318,-0.032147493,0.39352357,-0.28086278,-0.23511408,-0.15469177,0.16893639,-0.02144407,-0.48117402,0.019436628,-0.54867846,0.41518196,-0.04957994,0.17585859,-0.06707653400000001,-0.006350989499999999,-0.18634987,-0.17474604,0.17483051,0.13456429999999997,0.5668880000000001,0.0018400457999999998,0.40221009999999996,-0.20934813,-0.41220109999999993,0.12395489,-0.23031348,-0.7288069,0.28562129999999997,-0.38355064,-0.13117371,0.101484135,0.09402322,0.21526657,-0.4376545,-0.035684597,0.36908743,-0.110222414,-0.38103157,-0.27187362,-0.22265002,0.4093863,0.25119197,0.26115325,-0.31836656,0.27599436,-0.032339156,-0.7662581,0.46196556,-0.30182582,-0.12214705,-0.33491284,-0.10837093,0.45610029999999996,-0.5652242,-0.16850741,0.46500957,0.33369377,-0.096652545,0.017178228,0.23782247,-0.28586534,-0.07901032,0.033560593,-0.11533807,-0.17825808,0.22724518,-0.06481031,-0.10553177400000001,-0.17052849,-0.03843244,0.031108912000000002,-0.53131145,-0.1390194,0.31076017,-0.30015594,0.22815633,-0.25652010000000003,-0.45115808,0.41219315,-0.14253378,-0.5617685,-0.35539103,0.014853115,0.08383752400000001,-0.46777302,-0.20578392,-0.34542677,-0.37027133,0.34120435,-0.024073007,-0.57771957,0.34835079999999996,-0.24805886,-0.0450995,-0.17809409,0.31572148,-0.15132116,-0.15041679,0.062321695999999996,-0.4350773,-0.15557979,0.22007121,-0.16600126,0.5775326,0.061247237,0.36960667,0.118306994,0.11302103,0.004420964,-0.5267743,0.23556036,-0.43087086,-0.23803808,0.17263404,-0.17565659,0.248187,-0.014671842,-0.49787429999999994,0.12666644,0.58322483,0.13366479,0.21353522,0.05983401,0.35625246,-0.050900087000000004,-0.054956608,-0.034766845,0.6127918000000001,-0.03476291,-0.2997787,-0.031469587,0.20452696,-0.4327474,-0.53889984,0.50243366,-0.33584400000000003,0.30647868,0.07710789,0.009129748,-0.14098588,-0.044399142,-0.6395470999999999,-0.06464991,0.36602715,-0.026340647000000002,-0.29284197,0.2356161,0.35049640000000004,-0.32989824,0.6408824000000001,0.15140575,0.24276899,0.5999001,0.20142737,-0.15778162,0.14727832,0.27015966,0.13820504,-0.24074475,0.29235700000000003,-0.3492873,0.41375148,0.41506448,-0.12675989,0.33753783,0.28946075,-0.14813532,-0.39748812,0.52568763,0.5542395,-0.38142008,-0.11183165,-0.26319380000000003,-0.7560664,-0.3542054,0.12940782,0.08366005,-0.052276757,0.17350923,0.07692701,-0.057276662,0.40774694,-0.44855535,-0.32857555,0.33074033,0.22804986,-0.053803685999999996,0.54239285,-0.4054457,0.48206124,-0.23934009999999997,-0.18535803,0.07420594,-0.18961647,0.20492785,0.102372184,-0.111344896,0.03631007,0.4687977,0.26777488,0.38475364,0.2611015,-0.3172993,0.35192233,0.87472034,0.16864401,-0.017364789,0.64218336,-0.19574997,-0.4493071,0.062238435999999994,0.12219358,0.23389548,0.22846197,0.117464215,0.40528390000000003,0.2101573,-0.09860555,0.3679495,-0.23592041,-0.23793985,0.09230788,0.22939566,-0.29991788,-0.40773246,-0.26429868,-0.30143026,0.36393148,-0.27229968,-0.1854015,-0.5594806,0.3388677,-0.10364883,-0.1543424,0.07467660000000001,0.03773565,0.21958524,-0.17132856,-0.50817585,-0.40131298,-0.0061403667,-0.84467864,-0.07639594400000001,0.05216134,0.32690784,-0.48546082,0.09337736,-0.21024664,0.0026385834999999996,-0.030513497,0.7079715999999999,-0.36140229999999995,0.5447976,0.19787829,0.53530926,-0.10835584,0.07945179,-0.20893489,0.08256058,0.40032548,0.14847009,0.10631059,0.027702797,-0.14666441,-0.5020978,-0.6079143,0.2445667,0.5723405,-1.0419361999999999,0.23345974,-0.3795219,-0.12060039,0.17495339999999998,0.0128560625,0.14321211,-0.08192854,-0.43930644,-0.60427356,-0.061321642,0.12944202,0.10991946,-0.34365067,0.06061675,0.48172948,0.055535205,0.28076702,0.31429229999999997,0.0865765,0.2345127,-0.23117703,0.30756682,-0.51773965,-0.0871938,0.15185748,-0.13461958,-0.2968725,0.16833606,0.17180267,0.7068453,-0.09121306,-0.24018516,-0.38496226,0.09026944,-0.1339402,-0.34078452,-0.15614066,0.27793005,-0.10590907,0.19186933,-0.35371324,0.086115226,-0.15749016,0.11957805,0.23822808,0.3917994,-0.24577157
50,0,-0.13161156,0.047303595,-0.02827844,-0.16976014,-0.0021996559,-0.17666511,0.0020078863,0.60115534,-0.049157567,-0.4135612,0.040057056,-0.13547753,0.16193310000000002,0.11767989400000001,-0.35295168,0.68341774,-0.058155037,0.068263814,-0.13885106,0.26553390000000004,0.10512082,-0.19030985,-0.023874688999999998,0.30675548,0.46843950000000006,-0.11837523,-0.33848667,0.06063957,-0.64413345,0.05580195,0.20391765,0.095254935,0.10996874,-0.26648846,-0.15224232,0.06928363400000001,-0.05561524,0.02891456,-0.16610876,0.43444276,-0.52372545,-0.46609125,0.30269897,-0.10417374,-0.111370385,-0.06680831,-0.07852366,-0.0059131025,-0.017794857,0.15294123,-0.2277643,0.16726866,-0.086155236,0.06640626,0.102477394,0.43616453,0.043325838,-0.6181922,-0.19459010000000002,-0.18511121,0.32411632,-0.19032791,0.0817481,-0.36607137,0.31542373,0.28979227,-0.029841896,0.64563644,-0.82945204,0.06196018,0.063419454,-0.051519148,-0.17744492,-0.08274818,-0.09260216,-0.03303551,-0.005903238000000001,0.40863878,-0.29216817,0.40055174,-0.36510944,0.28264746,-0.16235444,0.26732975,0.1213241,-0.04553204,0.027683506,-0.038424863999999996,-0.0749404,0.46088904,-0.13629958,-0.2032088,-0.14838889,0.12726869999999998,0.35194367,-0.44200093,0.13876149,-0.021535877000000002,-0.35602444,0.40898959999999995,0.22500381,-0.047793182999999996,-0.009253994,0.081899956,-0.25098377,-0.15214925,0.22045854,-0.06312723,0.15480329999999998,0.22859547,0.10666199,-0.036480747,0.28090835,-0.25427428,-0.16966810000000002,0.12307701,0.008527164,-0.25489694,0.15914837,0.04041629,0.047547437000000005,0.010842216000000002,0.04806757,0.68659246,-0.0315656,-0.0068619065,0.110487506,0.19485644,-0.12646642,-0.31771478,0.012772273999999998,0.08950428,0.35168484,-0.2182411,-0.1017362,0.09708687,-0.11981857,-0.27042046,-0.3030811,0.19769959,0.12219031,0.11245461,0.04175075,-0.2075891,0.34201095,-0.07760003,-0.17134787,-0.17663398,-0.039886795,0.17960939,-0.10776349,-0.06559863,-0.22771148,-0.11181041,-0.14112714,-0.31168804,0.31178418,0.26511290000000004,0.18205258,0.2647373,0.11951675,-0.06475444,-0.120591246,0.12280941,0.1844968,-0.09378312,0.029432022999999998,0.17295296,0.06643708,-0.12558052,-0.18734497,-0.5407553,0.60627115,-0.25737637,-0.14829694,0.045447536,0.35201764,0.10080745,0.39202335,0.07376435,-0.6847346,-0.0046997042,0.30949748,-0.25365707,0.5060306999999999,-0.27552316,0.16506426,-0.29544598,0.26525962,0.3656801,-0.41562209999999994,-0.41695648,-0.21374977,-0.029884016,-0.04915707,-0.43238696,-0.3844772,-0.023798998,-0.18054813,-0.000288425,0.22494301,0.14018182,0.16425826,-0.113845155,-0.15529620000000002,0.26302534,0.13039441,-0.18073216,-0.111161694,0.5181511,-0.5526371,0.650015,0.12268013,-0.07718061,0.04401631,0.07748245,0.43365532,-0.27448273,-0.17129429,0.22235623,-0.05399666,0.039692156,-0.12908314,0.50281024,-0.22493212,0.7491127,0.03677874,-0.14316122,0.2755995,0.34915465,-0.035729896000000004,-0.20536658,0.25405785,-0.17826626,0.23460455,-0.10837807,-0.36517635,-0.17993777,0.13267779999999998,0.04817616,-0.26860818,0.18057814,0.20402396,0.05099749,0.111072734,0.016532572,-0.23442042,0.008919856,0.14149313,-0.28300434,-0.38129613,-0.31392032,0.03762008,-0.41984987,0.021152432999999998,-0.25689554,-0.22369120000000003,0.08911469,0.1917949,0.17565262,0.48492736,0.14497808,0.02122906,0.19496746,-0.27072263,-0.07913701,0.06159524,0.1538861,0.2685739,0.23213987,-0.14530468,0.20594613,-0.19229728,0.7039741,-0.05295836,0.03779698,0.23680452,0.0041487979999999995,-0.03332219,0.041780554,0.34955177,0.20244196,-0.03797332,0.21038103,0.015496632,-0.3526632,0.09259771,-0.009871032,-0.060064695999999994,-0.28003034,0.00053479074,0.19109093,-0.23043063,-0.018440617,0.67938244,0.13259645,0.3735888,0.18477012,-0.118964136,-0.12859875,-0.07902552,-0.16074309,0.04485444,0.15020369,-0.40024509999999996,0.11302364,0.029233491,-0.6301939999999999,-3.8062503,-0.38092253,0.10234948,-0.29595953,0.20030014,-0.010130768,-0.29223877,-0.17947756,-0.47666606,-0.27289492,-0.20838325,-0.155374,0.3772942,-0.02865981,-0.012082879,0.010048458,0.10183577,-0.24154837,-0.14170639999999998,0.44028252,-0.1699433,-0.41104382,0.24523818,0.013597138,0.2541864,0.40500635,-0.062048066,0.20677150000000002,-0.12917331,-0.16241156,-0.08386676,-0.32662420000000003,-0.08445285,0.51129866,-0.19071618,-0.3171261,0.18608047,-0.38015574,0.37071982,-0.38069433,0.006655487,-0.08910259599999999,0.11486079,-0.22863236,0.5549696,-0.32512075,-0.24241209,-0.32278347,0.04689077,0.09490156,-0.01834954,0.081171885,0.11765089,-0.24194112,-0.015022906,-0.10574937,0.109209344,0.37639368,-0.08424351,-0.2676925,0.33100525,-0.29279205,-0.46285954,-0.08799639,-0.17784163,-0.15248322,-0.28013465,-0.14947659,0.2547176,0.16395596,-0.044108164000000005,0.31119087,-0.1343914,-0.8527033000000002,-0.14080514,-0.17822000000000002,-0.10929606,-0.015401448,0.41858655,0.061756622000000004,-0.263982,-0.42810893,0.3172526,-0.28213996,-0.22704203,-0.3595031,0.09706892,0.011392471999999999,-0.043713855999999995,-0.17558095,-0.040205996,0.10924903,0.30791584,0.28803283,0.18885896,0.18636827,0.43240753,-0.04914645,0.15824081,-0.032111187,0.45502275,-0.111195765,0.3317065,-0.1857858,0.007943967,0.48696423,-0.527849,0.13255273,0.09600376,0.18198174,0.12787169999999998,-0.39786345,0.076048,-0.3242521,-0.24182892,0.09088442,0.2412384,0.38833463,-0.10954149,-0.26442116,-0.22836044,0.38547426,-0.09164115,-0.31330687,-0.52447766,-0.15210955,-0.22372620000000001,0.24688773,-0.022482937,-0.092822134,-0.26068732,-0.031429216,-0.21404564,0.28169793,0.13387415,-0.09255819,0.13125332,-0.4712409000000001,-0.14458025,0.40322779999999997,0.036217988,0.29018307,0.17621738,-0.02713775,0.16291898,0.3833603,-0.21008262,-0.009796446,-0.06818998,0.20722595,-0.1876444,-0.28957915,0.094568305,0.046735972,0.08564276,-0.020696193,0.2270346,-0.19445074,-0.20659132,0.016166445,0.40836573,-0.003972628,0.33062008,-0.06890173,0.0506778,-0.05875678,0.18019736,-0.078003675,-0.013343863000000001,-0.06747745,-0.47145024,0.35927063,-0.024075616,-0.1417447,-0.20777106,0.45413327,0.057248674000000006,-0.1209387,-0.0920564,0.3414542,0.24448875,-0.20984674,-0.16030098,0.07129110000000001,0.46743026,0.07287861400000001,0.095284596,-0.12256887,0.016828673,0.21386425,-0.49456173,0.16142908,-0.1776424,-0.28826636,-0.15317868,-0.19129209,0.41003427,-0.17751524,-0.08909371,0.14148915,-0.15035453,0.23173706,-0.28745943,0.022323659,-0.17519997,-0.14253917,-0.09001197,-0.27970470000000003,-0.0061667323999999996,0.057806768,-0.13854960000000002,-0.26687038,-0.11244191,-0.51471627,0.1028739,-0.11461775,-0.19182277,-0.12037498,-0.20486176,0.18452227,-0.27645093,-0.15927470000000002,0.10663837,0.153367,-0.20454212,-0.02000448,-0.010492568999999998,0.22017005,-0.6565405,-0.09291855,-0.038957983,-0.40287384,0.23213544,0.19271424,-0.027929321,0.034707554,-0.14874505,0.113271736,-0.19183178,0.07224926,-0.049036175,-0.13611612,-0.03544429,-0.27489406,0.5733393,-0.3935307,0.0005052855,0.22030583,0.11004951,0.4406218,0.40296498,-0.11848178,-0.14983605,-0.44244579999999994,0.044467599999999996,-0.72545207,-0.35498688,-0.21497457,-0.35309622,-0.15553276,-0.28325707,-0.040269125,-0.09074,0.18522374,0.07188618,0.020421628,-0.20642272,0.20789298,0.32838324,-0.36479253,-0.061373383,-0.0049964935,-0.0834076,0.23235503,-0.14988898,-0.22820815,-0.09630010000000001,-0.33282864,-0.0643801,-0.61950594,-0.18724613,0.007953309,-0.3983119,-0.28048047,0.33259612,-0.27925375,-0.33980954,-0.0810809,-0.19530149,-0.12633999,0.26069146,0.31065136,-0.10996562,0.16061124,-0.15820268,0.15488338,0.63222593,-0.059033907999999996,0.016027818,0.2771881,0.00998837,-0.09227577,0.07431145,0.1416618,-0.19723076,0.40502024,-0.078062244,-0.6651381,-0.07686525,0.093321845,-0.30115813,-0.44653630000000005,0.4796206,0.33430645,-0.053265553,-0.25522715,0.09922755,-0.4455803,-0.3707957,0.18820484,0.08607573,-0.22035615,0.29562327,0.023369214,0.014474338,0.21271548,-0.19891669,-0.3204877,0.02021564,0.038857499999999996,0.11364122,0.53965425,-0.18591125,0.21692562,-0.088124946,0.16305001,0.36923140000000004,-0.17971763,0.04222664,0.21685370000000004,0.04912899,0.24600482,0.32231754,0.43901405,0.19345483,0.15365908,0.16468355,0.120018065,0.5906209,0.4702800999999999,-0.055644084,0.25191545,-0.19279882,-0.2300355,0.068707824,0.09847809,0.27803043,0.14559832,-0.021751052000000003,0.67283094,-0.015459913,-0.07939339,0.21744886,-0.7428523,-0.33721903,0.09077577,0.06721172,-0.24289282,-0.066952296,-0.08336832,0.15245804,0.21852939,-0.4873014,0.06076256,-0.30936912,0.1944611,-0.10193566,0.30427662,-0.15971586,0.20904687,0.14277789,-0.093932375,-0.41774088,0.038088925,0.08229639,-0.24676931,0.08284566,0.003748788,0.07835992,-0.18188336,0.01775912,-0.3520443,0.26961666,0.33114590000000005,0.30689037,-0.21396789,0.41624504,0.06008027,0.45932752,0.25614256,0.2266926,-0.30011815,0.039590605,0.43016648,0.30753163,0.025696654,-0.1041636,0.018094853,-0.40233737,-0.14638028,0.25668034,0.32677009999999995,-0.8853776,0.04733502,-0.4783733,-0.03438531,0.16019046,-0.24743013,0.15521935,-0.03841003,-0.46736455,-0.25190429999999997,-0.116170146,0.527424,-0.069140986,-0.015956613999999997,0.086794354,0.37827852,0.00964447,0.011966497,0.07083054,0.19456685,0.22424957,-0.13705531,0.11056197,-0.46416888,0.093496606,0.17265913,-0.20034960000000002,-0.11891252,0.16355911,0.31293663,-0.17983833,-0.24194479,0.07865696,-0.16227052,0.16317849,-0.28434774,-0.40765223,-0.1931751,-0.14953491,-0.14543082,-0.15885656,-0.20592587,-0.008971052,-0.09908268,-0.17083141,-0.009281413,0.20331827,-0.120610416
51,15,-0.15061529,-0.10759513,0.3563907,-0.051259915999999996,0.19097556,-0.19707549,-0.28724440000000007,0.6561425999999999,-0.032654487,-0.19484624,0.21299762,-0.28985122,0.10613828,0.18300618,-0.07891969,0.47612172,0.041530437999999996,-0.07174741,-0.16443036,0.18023525,0.13388214,-0.23237227,0.21322878,0.6606598000000001,0.5194886,-0.18945220000000002,0.048259065,-0.0012753581,-0.27873433,-0.11991777,0.3461112,-0.058798752999999995,-0.23819384,-0.45604134,0.15293153,-0.037357837000000005,-0.070110045,-0.07082102,-0.2644558,0.025906587000000002,-0.57986844,-0.15086922,0.12812662,-0.012987061000000001,-0.24825007,-0.1216433,0.14558718,-0.28638990000000003,0.3044383,-0.20893127,-0.4781210999999999,0.18962383,-0.14236088,-0.24522048,-0.050085958,0.58855087,-0.17830016,-0.3007183,-0.74431074,-0.19278997,0.43805274,-0.32004970000000005,0.011471296,-0.3008887,0.17942193,-0.0035795009999999997,0.21800928,0.33732274,-0.777327,0.051132917,-0.30312273,0.019697405,-0.18713516,-0.11328010000000002,-0.17414443,0.11072059,-0.09211517,0.29522598,-0.07589373,0.044566322,-0.26393193,0.22915177,-0.43210444,0.20739214,-0.04847008,0.19889088,0.10670312,0.05989192,-0.20598093,0.80200887,0.090096295,-0.39230427,0.108356915,-0.03608887,0.0198916,-0.22455454,0.28293118,0.22654736,-0.24965231,0.47411720000000007,0.25783017,-0.436713,0.043515436,-0.28430500000000003,0.08322174,-0.17363249,0.04701788,0.054471467,-0.10467924,0.15945965,-0.07622003599999999,-0.19162627,-0.22373225,-0.1979025,-0.17832358,-0.0040541166,-0.09289373,-0.082238376,0.2416096,0.17455557,0.06803319599999999,-0.0020972819,0.18939374,0.5830251000000001,0.064257935,0.014285968000000001,-0.13827221,0.3751353,-0.09294669,-0.35337043,0.15378118,0.023140656000000003,0.13399431,-0.23659216,-0.11334645,0.22075671,0.05551031,-0.27875727,-0.29095134,0.093425885,0.20924139,-0.29413414,0.22550884,-0.04717704,0.052038167,0.02574312,0.0066279094,-0.28217667,-0.23065408,0.24594599,0.00940386,0.03949231,-0.12937078,-0.24046974,-0.09964606,-0.29842779999999997,-0.37644064,0.14420237,-0.19507551,0.06450661,0.44716576,-0.004324080399999999,0.1476604,0.26448348,0.3451611,0.21376108,0.15509503,-0.023945142000000003,-0.4805218,0.12654245,-0.12354949999999999,0.030540809,0.72267276,-0.15996198,0.019094208,0.12327593,0.23255348,0.10987811,0.20174095,-0.04660373,-0.5458223000000001,0.20777278,0.029121378,-0.19427466,0.24197875,-0.10935034,0.20764601,-0.097053885,0.33620834,0.08869081,-0.13716094,-0.22966399999999998,-0.20614502,-0.18642363,0.20829459,-0.59559,-0.009705679,0.014953355,-0.28007972,-0.01057186,0.062406838,0.106472544,0.27994975,0.053961142999999996,-0.002528073,0.00496416,0.23185486,-0.024132,0.01037405,0.43014250000000004,-0.16901839999999999,0.5145282999999999,-0.015996385,-0.041086514,0.00030377365,0.09297694,0.09050716,-0.15716018,0.13805234,-0.06621723,0.042532,0.10479469599999999,-0.14346536,0.28387344,0.04484629,0.6754359999999999,-0.15479681,-0.508579,0.15547515,0.42118073,-0.19048406,-0.24173298,0.39169028,-0.10363453,0.23694572,-0.07159067,-0.56673586,-0.29914308,0.007918543,-0.06218271,0.0008434044999999999,0.3534442,-0.054273645999999995,0.27264804,0.14416514,-0.061957885,-0.04442866,-0.07725362,-0.22021999999999997,-0.20405558,-0.62171435,-0.34566468,0.11094942,-0.35121533,-0.30650163,-0.21925816,-0.3965816,-0.3180072,-0.0915051,0.011202456999999999,0.5625071,0.1983944,-0.13339286,0.12511596,-0.1451575,-0.26531532,-0.15050174,0.10812308,0.25866639999999996,0.28713915,0.06434795,0.025979613999999998,0.0018670863,0.56795067,-0.09327118,-0.09462965,0.30797154,0.016855203,0.067674465,-0.080802344,0.22567254,0.20650777,-0.08217145,0.09990357,0.081768245,-0.39866674,0.21087877,0.26955488,-0.058722895,-0.16139832,-0.033745363,-0.0010943193,-0.51054454,-0.1814886,0.53690565,0.113439165,-0.041634012000000005,0.124034375,0.07244374599999999,0.013324927,-0.031955357999999996,-0.14761296,0.34602928,0.25493202,-0.09870759400000001,0.08283152,-0.22717188,-0.36390993,-4.277826999999999,-0.19249877,-0.09323306,-0.51522475,0.14698148,-0.076638065,-0.11701887,-0.03436991,-0.22228512,-0.2065078,-0.15816633,-0.26569968,0.09226208,0.0965832,0.3344727,0.23867771,0.104439005,-0.18404387,-0.009914655999999999,0.6046136,-0.098899975,-0.6171392,0.17162783,-0.10230701,0.21437663,0.50550884,-0.21306664,-0.085440315,-0.26907718,-0.090993024,0.012708586000000001,-0.120298445,0.05034796,0.41140467,0.13247545,-0.15110353,-0.029499996,-0.43786383,-0.28980088,-0.33933055,0.008874455500000001,-0.34615225,-0.07050101,-0.13130459,0.92901415,-0.11153694,0.0026555190000000003,-0.065236844,0.08996122,0.23337054,0.081396505,0.10259595,-0.31524253,-0.21917371,-0.20196119,-0.030339954,0.40940267,0.30315027,-0.12504934,-0.12126965,0.015077576,-0.12321785,-0.25723708,0.05559844,-0.020009281,-0.39053363,-0.29238394,0.07728503,0.015717158000000002,0.10002085,0.028908633,0.23339975,-0.1533971,-0.5439003000000001,-0.23360844,-0.2488,0.06567012,0.008599543000000001,0.04812791599999999,-0.14156228,-0.1619281,-0.4523264,0.17911877,-0.06956438,-0.08386958,-0.29161644,0.10446832,-0.22918364,-0.31836987,-0.65633947,0.21009563,0.15601772,0.23250315,0.10296780000000001,-0.06470225,-0.13334836,0.26280284,-0.23503953,0.022957979,-0.41367784,0.19153214,0.0055261413,0.47860762,-0.09201061,-0.0020213393,-0.05398604,-0.23216216,-0.13082252,0.08479971,0.06502093,0.50919306,-0.26839748,0.42297986,-0.15514527,-0.21233779999999997,0.09722827,0.1673213,0.29907057,-0.11492727,-0.2305532,-0.07666616,0.23456068,-0.22245446,-0.16042763,-0.6927612,-0.19268279,-0.17815582,0.12796433,-0.012951909,0.069634154,-0.14190124,-0.24773389,-0.18837018,0.4483323,0.17417328,0.0070773534999999995,0.085750066,-0.5614545999999999,0.020512195,0.08165672,0.10179819,0.49154884,0.09449923,-0.08617221,-0.11443437,0.28932068,-0.13352165,0.047145735,-0.17066216,0.15439464,-0.36796555,-0.112214305,-0.18186621,-0.3984081,-0.10192938,0.2960115,0.43295747,-0.04565227,-0.041736312000000005,-0.26157728,0.21782269,0.046233885,0.09372098,0.21681102,0.02917195,0.48378402,0.06337805,-0.046954512999999996,0.11429704,0.08287015,-0.40882748,-0.022854736,-0.01956573,-0.38226497,0.066614635,0.52676773,0.032692496,-0.19943914,0.014723048999999998,0.2655287,0.08815541,-0.13742715,-0.07832743,0.05189665,0.37808636,0.29499266,0.13286823,-0.17590646,-0.08589646,0.098498456,-0.20869720000000003,0.48568365,-0.16373862,0.15853697,-0.18793857,-0.12027009,0.33979657,-0.1731542,-0.0043620835,0.021691734,0.18143559,-0.096847154,-0.23688117,0.24721865,0.0038687019,-0.13456793,0.17643552,0.26672173,0.16864744,0.18818374,-0.13281232,-0.35166165,-0.2193201,-0.19075927,0.19191912,-0.41965094,-0.021984981,-0.22437572,-0.25264677,0.27355799999999997,-0.13731262,-0.15871283,0.16595942,0.025310568999999998,-0.29515344,-0.19098867,0.2455893,0.14564870000000002,-0.29254553,-0.28998676,0.06757084,-0.9098685999999999,0.20708065,0.16465564,-0.21328004,0.19781138,-0.22150904,-0.34001058,0.13831381,-0.12660249,-0.29012835,0.1715797,0.041040264,-0.34776205,0.033101622000000004,-0.009614269,-0.06373039999999999,0.5030126,-0.16695157,0.5354394,0.19175741,0.08737637,0.09531432,-0.3101699,0.15472779999999997,-0.386822,-0.5097391,-0.115298264,-0.37588945,-0.1136991,0.021577133,-0.09327662,-0.1461687,0.05053965,0.19842434,0.09805001,-0.025700857999999997,0.13934834,0.05183963,-0.5003335,0.13948765,0.08975031,-0.055145945,-0.1769612,0.1330053,0.018280676000000003,-0.073902115,-0.497007,0.4032941,-0.32863805,-0.21137962,-0.043652855,0.19003291,-0.12577552,0.25476822,-0.2958034,-0.21033655,0.25529063,0.03992682,-0.035730887,0.31349608,0.19547209,-0.28216335,0.07038249,-0.31663552,0.06915139999999999,1.0020632999999999,-0.14124261,0.18556172,0.41974577,0.2572492,0.08685557,0.20939489,0.13344595,-0.50535566,0.28146198,0.12447574,-0.6368901,0.23044829999999997,0.05997077,-0.101114765,-0.3413418,0.5192992000000001,0.42772236,-0.25460503,-0.38946292,0.043642767,-0.15982153,-0.12629521,-0.14063862,0.13546683,0.09227174,0.4958814,-0.2783089,0.1206125,0.13712506,-0.22537863,-0.30389273,-0.0012139787,0.12503362,0.06029725,0.5978346999999999,-0.4711825,0.33365044,-0.17862487,0.11580352,0.025233672999999998,-0.044573884,0.22127032,0.11078659,-0.0002288691,0.23147869,0.50322765,0.25884494,0.33029884,0.22957394,0.17928573,-0.05849415400000001,0.5368065,0.3834234,0.2646989,0.25869912,-0.03564178,-0.3314249,0.09021572,0.31400487,0.06834166,0.45476648,0.054196667000000004,0.7261954,0.18362801,0.12714283,0.46218687,-0.533446,-0.39963059999999995,-0.013107828,0.18272448,-0.28894390000000003,-0.14582641,-5.9805185e-05,0.0019172361,0.12582792,-0.1955998,-0.37067038,-0.25219935,0.28796124,-0.17442901,-0.028562532999999998,0.04183425,0.25674227,0.20166533,-0.05171116,-0.6749545,-0.098439224,-0.26429176,-0.35619754,0.03496167,0.1259364,-0.40377063,-0.35366035,0.07898832,-0.25884589999999996,0.06746258599999999,-0.07027230000000001,0.040406972,-0.26581138,0.36097595,0.2544334,0.49643543,0.045989137,0.07531904,-0.18562554,-0.08860166,0.37085682,0.38989624,0.17561749999999998,-0.09347588,0.28979027,-0.23769839,0.050623454000000005,0.13015455,0.44008183,-0.65832615,0.28327912,-0.14413905,-0.026303068,0.02894185,0.13265808,-0.10552057599999999,0.12331668,-0.45993540000000005,-0.27247682,0.000603399,0.14095825,-0.12971951,0.21063727,0.11144167,0.14712481,-0.10718685,0.0017188282,0.046998788,0.09430521,0.062601425,0.045420802999999996,-0.16873209,-0.43008265,-0.22209002,0.019689751999999998,-0.14194173,0.16411389999999998,0.15089147,0.21406340000000001,-0.15429612,-0.22022773,0.49184605,-0.13885385,-0.1291891,-0.35908914,-0.37399772,-0.18257086,-0.18088967,0.01425528,0.11569198,-0.25001884,0.19242884,-0.06369988,-0.13148265,-0.18581432,0.35713547,-0.10409896
52,6,-0.32372603,-0.15229458,0.123786055,0.044938646,0.19262967,-0.14690205,0.009512503,0.5482514,0.14424664,-0.3200874,0.2997735,-0.1430764,0.1805359,0.2693364,0.035807636000000004,0.4470692,0.064714156,-0.2555932,-0.05804355,0.19173376,0.09442643,-0.15625179,0.05479007,0.5966602,0.26783520000000005,-0.11672702,0.09137949,-0.22701164,-0.006739495,0.009118599,0.51066023,-0.06983665,-0.06263293,-0.35753462,0.021247013999999998,0.021510134,-0.09678691,0.15562026,-0.28162159999999997,0.10679371,-0.63899374,-0.22900186,0.086808145,-0.14791615,-0.17989795,-0.11332442599999999,0.14063135,-0.31919786,0.33824940000000003,-0.14586197,-0.4296225,0.03823225,-0.04546797599999999,-0.25515693,0.08430909,0.46575147,-0.21910661,-0.42044719999999997,-0.7706128000000001,-0.18761271,0.20679355,-0.25464368,-0.16408072,-0.17142287,0.3282587,-0.04663062,0.18664238,0.3148019,-0.53621393,-0.1632033,-0.35318083,-0.01777322,-0.1988231,-0.042493842999999996,-0.19061495,0.010215359,0.04730535,0.17454943,-0.037762046,0.07946065,-0.2414848,0.26636920000000003,-0.65465355,0.3839474,-0.029667577,0.33019990000000005,0.3152511,0.011119048999999999,-0.3333565,0.6236864000000001,0.12316098,-0.38991988,0.32702225,-0.12203356,0.27185324,-0.06835993,0.43985559999999996,0.28353320000000004,-0.2786252,0.50725645,0.24215315,-0.2090586,-0.08630964,-0.33867624,0.14089403,-0.3751935,0.29706088,0.016152155,-0.03478512,0.18538214,-0.094961114,-0.16667357,-0.2337212,-0.2642465,-0.1606582,0.070041455,-0.15811461,-0.004661821,0.38284543,0.36839807,-0.10161707,0.20958897,0.12835863,0.64615417,-0.04000873,-0.0031691296000000003,-0.15018621,0.3446031,-0.3433656,-0.28628600000000004,0.18594553,0.37251452,0.15128182,-0.58834904,-0.21152847,0.06223542,-0.14796177,-0.19032009,-0.32456887,0.10388311,0.13320158,-0.41611314,0.47489673,-0.009691429,-0.14284866,-0.012532816,-0.036569245,-0.26834187,-0.2083632,0.11217947,-0.059179943,-0.006883045,-0.020575123,-0.22071475,-0.012186188,0.065405406,-0.5103922000000001,0.18546827,-0.37653995,-0.0033481071999999995,0.46255144,-0.1678314,-0.0071508493000000005,0.5054118,0.3054068,0.1840868,-0.08169708,0.112651974,-0.20289443,0.15230167,-0.12911333,-0.06610543,0.6687913000000001,-0.26990515,0.25490257,-0.108215,0.42365816,0.25646603,0.23667276,-0.02492202,-0.46776092,0.10335452,-0.23855795,-0.036627103,0.36601368,-0.0032937243,0.29778868,0.08355066,0.22522645,0.13727768,-0.36679816,-0.30024883,-0.22294891,-0.21066356,0.14546014,-0.40704376,-0.06058717,0.21990468,-0.39335835,0.06572454400000001,0.05250531,-0.020706387,0.22844052,0.21983653,0.03014207,-0.19159786,0.08726418,-0.19573654,0.0025169472,0.6166368,-0.10532099,0.38268203,-0.052168865,-0.10214896,0.097094506,0.15338507,-0.011921242,-0.12523396,0.33692187,-0.27353626,0.22059375,-0.16712001,-0.14609553,0.27897477,0.12646301,0.694819,-0.068309695,-0.694496,0.36213076,0.20264511,-0.037242617,-0.2810777,0.45672545,-0.055166375,0.2574621,-0.038084254,-0.3790712,-0.3430207,-0.091823,-0.12884389,-0.064211234,0.47099030000000003,-0.017552365,0.32246172,0.30393615,0.07154416,0.02032602,0.08978232,-0.18248133,-0.08711334,-0.44745055,-0.18404602,0.06517998,-0.42302280000000003,-0.25569963,-0.22277774,-0.29312629,-0.51063323,0.0005451905,0.02517505,0.365525,0.32528809999999997,-0.24507037,-0.11749007,-0.03933863,-0.46393487,-0.20040807,0.38185468,0.07902973,0.055226736,-0.058066322999999996,-0.044576775,-0.029318854,0.46775073,-0.17040753,-0.22449008,0.11074416,0.109649815,0.08996744,0.075118355,0.017617807,0.24486493,-0.34033364,0.27613395,0.060486358,-0.30481708,0.16310923,0.030569972,-0.26273412,-0.013187043999999998,-0.0013788545,0.017921159,-0.7033705,-0.38984656,0.50530124,0.07066887,-0.046949685,0.20349184,0.11815987,0.08627145,-0.26046956,0.05739092,0.3772164,0.12990871,-0.025287911,0.16630416,-0.22553933,-0.2850855,-4.4519595999999995,-0.06677201,0.051635562999999995,-0.3950752,0.15043001,0.044624723,-0.014949898,-0.22947301,-0.35878786,-0.2082917,-0.039586175,-0.221727,0.19014478,0.30696118,0.40463093,0.25862753,0.093495846,-0.20264849,0.14273962,0.6003378,-0.067044735,-0.603754,0.07544123400000001,-0.14248154,0.20400994,0.29459256,-0.33347222,-0.033137962,-0.25458112,0.09134254,0.13244581,0.036471777000000004,-0.010364748,0.25282452,0.18667264,-0.057945587,0.005086404,-0.50936645,-0.35206637,-0.42737970000000003,-0.11552353,-0.55782753,-0.22302742,-0.010718603,0.67468214,-0.06381566,0.20950347,-0.12273529,-0.0030848729999999997,0.35603797,0.21700428,0.060237784,-0.1987672,-0.29570097,-0.24419528,-0.14114289,0.3899788,0.19407551,-0.13076696,-0.32294714,-0.120282285,-0.15880357,-0.67503804,-0.13983968,0.057174973,-0.22757111,-0.27689198,-0.049633313,-0.057089972999999995,-0.060747586,0.026733202999999997,0.18873410000000002,-0.40126172,-0.53946555,-0.14551052,-0.15456285,0.13570054,-0.22131659,-0.0014302048,-0.06476049,-0.1064277,-0.10862906,0.09827144,-0.19599868,-0.058207395999999995,-0.13583218,0.13012989,-0.12240487,-0.46082127,-0.47205153,0.115604274,0.18479782,0.13957688,0.115812466,0.22033760000000002,-0.10723355,0.24950443,-0.17482649,-0.026922114,-0.3880686,0.13242015,0.09493824,0.5225965,-0.02892002,0.052307356,0.0045595756,-0.39070117,-0.0034298755,0.31438717,-0.018737181999999998,0.33640817,-0.2757755,0.554879,-0.05995973,-0.49501032,0.10093996,0.18269467,0.09547711,-0.051302448,-0.32645556,-0.13764122,0.27464095,-0.34557953,-0.07531815,-0.5311834,-0.3114882,-0.18587568,0.26412140000000006,-0.10877085,0.3280998,-0.08016836,-0.084054634,-0.2678708,0.32622504,0.010469001,0.0719613,-0.043801665,-0.4693353,0.16784316,0.06784113,0.20114516,0.3441567,0.14622805,0.10791098,-0.21354969,0.42583397,0.015319788,0.0756849,-0.34940386,0.2194118,-0.20859197,-0.19099064,-0.08023398,-0.21898957,0.11591987,0.27861023,0.32981703,-0.24453068,0.032132156,-0.48105225,0.19124126,0.09448928,0.26604099999999997,0.1685519,0.10314818,0.7432074000000001,0.07658279999999999,-0.39865884,0.014971275,0.20989297,-0.38467425,0.012535763,-0.32603514,-0.31360298,0.00094082905,0.43736579999999997,0.011264378,-0.25712785,-0.27531102,0.32890847,0.104150794,-0.2043806,-0.17348976,-0.20814829999999998,0.24418336,0.21293405,-0.020376401000000002,-0.2974788,-0.10880732,0.2786163,-0.057838275999999994,0.5507525,0.007879391999999999,0.12492413,-0.23308109,-0.073105365,0.2673337,-0.37311584,0.0032698934000000004,-0.11327480000000001,0.13127467,-0.052985884000000004,-0.03202795,0.23397670000000004,-0.04541715599999999,-0.23837878,0.24244893,0.18617317,-0.034887403,0.19038895,-0.19967481,-0.40201086,-0.30618033,-0.06567028,0.03410601,-0.40587829999999997,-0.071877,-0.03550119,-0.4833937,0.38654786,-0.05147694,-0.071162,0.12993279,0.03918334,-0.41696468,-0.33641079999999995,0.06493536400000001,-0.10335645,-0.47317746,-0.13937333,0.06424780000000001,-0.9141244000000001,0.25136915,-0.02689366,-0.29833546,0.15506877,-0.12075448,-0.30791202,0.42301613,-0.10164285,-0.22094317,0.15152100000000002,0.04376142,-0.20913531,0.13473544,-0.044481106,-0.1017941,0.35968740000000005,-0.27998298,0.58811617,-0.07252472,0.020640677,0.19022311,-0.42972627,0.3470384,-0.21201356,-0.43673167,0.004128693,-0.27079675,-0.16864802,-0.10685196,0.15087289,-0.2968646,-0.036784403,0.39322740000000006,0.1606277,-0.2022031,-0.057164818,-0.15050249,-0.50336134,0.25230607,-0.11897753,-0.0035826354,-0.11623363,0.2947156,0.037268657000000004,0.04862431,-0.49378279999999997,0.75712407,-0.28078544,-0.2832275,-0.04357044,0.4279774,-0.07205332,0.0876461,-0.4500479,-0.21015213,0.32320952,0.017809853,0.08511731,0.38772064,0.031532876,-0.28767600000000004,0.08092164,-0.16915925,0.14217020000000002,0.56787425,-0.13829982,0.18938315,0.1401314,0.20267777,0.07592158,0.31877983,0.3247772,-0.31936884,0.30631068,0.20318426,-0.62080777,0.33546042,0.15393421,-0.19279379,-0.33036342,0.5338323,0.4483206,-0.3239026,-0.43234375,0.018288959,-0.29051238,0.06925151,0.061950835999999995,0.27519205,-0.029765595,0.60561526,-0.37687874,0.10150109,0.28322947,-0.25446925,-0.032724574,0.09971693,0.33040166,0.107700735,0.50446206,-0.25691003,0.26544714,-0.10091119999999999,0.013944406999999999,0.13049906,-0.18525472,0.107649066,0.11517631,0.029760118999999998,0.1564958,0.40454838,0.5153795,0.5698746,0.36168742,0.25234923,-0.077873796,0.6117535,0.2620451,0.18086763,0.3871554,-0.028543249,-0.13719414,0.20330535,0.5001278,0.24338627,0.38302958,0.10384957,0.8374636999999999,0.18981685,0.048498936,0.41561863,-0.24401006,-0.12729636,0.03509282,0.21612622,-0.23842345,-0.13846347,0.15644644,0.00040784295,0.13692124,-0.30437335,-0.43167904,-0.31252329999999995,0.26339564,0.072450675,-0.24577548,0.033073552,0.18180113,0.1866701,0.09553617,-0.46758085,-0.3300635,-0.34046987,-0.27796012,-0.019904943,-0.11014509,-0.2212078,-0.14027517,0.000347731,-0.10382073,0.1460089,-0.29255167,-0.062817074,-0.38090008,0.20129804,0.0770466,0.35324112,0.025387244,-0.045205947,-0.22489236,-0.08128602,0.34787884,0.17398037,0.22838159,-0.07278076,0.30828920000000004,-0.20747595,-0.0011909257,0.060744844000000006,0.6303541,-0.6405774999999999,0.24930066,-0.33908957,0.026477186,0.099301405,0.04672828,-0.43589079999999997,0.30216214,-0.32240397,-0.321945,0.015524004,0.13953532,-0.19507861,0.05373529,0.29344052,0.38558334,-0.20498131,-0.06347281,0.08776066,0.14382078,-0.010954097,-0.10500874,-0.2807274,-0.24554846,-0.40331203,0.043282412,-0.16165596,0.17885557,0.26853108,0.26296148,-0.12673354,-0.1342763,0.48447606,-0.32849672,-0.027436806,-0.30224022,-0.1546178,-0.2619476,-0.12003679,0.03582594,0.09643724599999999,-0.30936490000000005,0.13221338,-0.08999553,-0.18426208,-0.32464337,0.22353734,-0.1682033
53,6,-0.23574606,-0.16679685,0.41684708,0.088844225,0.044932852999999995,-0.22584864,-0.074211344,0.76605767,-0.21387549,-0.38034409999999996,0.4452979,-0.48080865,0.021189574,0.31155413,-0.19424908,0.48934212,0.25186735,0.05560701,0.08974621,0.15041842,-0.19800921,-0.2126143,0.1668346,0.458237,0.36880246,-0.21151714,-0.28537290000000004,-0.16497967,-0.0226604,-0.25688082,0.20749986,0.069577396,-0.30465657,-0.18123205,-0.04338296,-0.17190841,-0.324042,-0.033774834,-0.50303954,0.26241085,-0.44966602,-0.44307464,-0.13603793,0.20223978,-0.25419858,-0.24634573,-0.30329666,0.119212426,0.06636281,0.050947558,-0.18035617,-0.20299813,-0.34929335,-0.11849443,0.32478708,0.60895544,-0.15501173,-0.24296112,-0.36792243,-0.34630075,0.24863085,-0.051306434000000005,-0.010667948,-0.29085463,0.23237166,-0.009369472,0.03949737,0.42765465,-0.36368614,-0.22905298,-0.82114875,-0.3620472,-0.07911236599999999,-0.15946749999999998,-0.3286716,0.024326117999999997,-0.42287713,0.3134356,0.0008446455,-0.04786504,-0.08031793,0.55356365,-0.5929946999999999,0.44925636,-0.08789109,0.472818,0.007353528000000001,-0.05761529,-0.27310103,0.64252883,0.04065767,-0.19211417,0.08594373599999999,0.28117615,-0.015113597,-0.22636485,0.21835656,0.032026336,-0.18934625,0.6251547,0.34731957,-0.223171,-0.090581976,-0.17267363,0.044919886,-0.080137864,0.35166752,0.12096061599999999,0.31511279999999997,-0.2246507,-0.06380445,-0.20012243,-0.15688519,0.07011642,-0.22272427,0.06685917,-0.15543716,-0.29553896,0.36519518,0.16151439,0.11084247,0.094286546,-0.020115143000000002,0.6875493,-0.17916787,-0.32075807,-0.3738883,0.33524165,-0.27357465,-0.3173023,-0.083523184,0.18667975,0.20354462,-0.48683935,-0.14211176,0.49493808,0.09129361,-0.100820385,-0.42493862,-0.1212249,0.30249729999999997,0.10448515400000001,0.22518452,-0.04103654,0.072414964,0.07905202,0.08693508,-0.30453613,-0.10970871,-0.030464817,0.33161125,-0.26879475,0.20729694,-0.29673773,-0.19334958,-0.10200421,-0.56589156,0.32005465,0.20355510000000002,0.13733894,0.18331,-0.34860542,0.29665706,0.26567724,-0.13645881,-0.03908167,-0.0770845,0.21819338,-0.3107179,0.27153987,0.040100716,0.028086836,0.82861006,0.102316365,0.26424503,-0.25263217,0.27125916,0.3706586,-0.039498933,0.27981344,-0.7347126,0.5310206999999999,0.029318467,-0.11113248,0.3288185,0.25367185,0.25704515,-0.14939111,0.3803855,0.10431049,-0.06893806,-0.058147818,-0.17897557,-0.38539484,-0.07333603,-0.55784845,0.102866724,-0.020905767,-0.5947585,-0.28257242,-0.14420076,-0.25003505,0.062357455,0.043599814,0.090504944,0.02576164,0.26700318,-0.16313641,0.07451789,0.22108129,-0.060645767,0.3406592,-0.073440425,-0.22810483,0.16351202,-0.18134664,0.08354320400000001,-0.46208018,-0.23893371,0.2475837,0.20730217,-0.09904783,-0.16191491,0.37826878,0.08800882,0.5056009,0.19582984,-0.260241,-0.05428006,0.5781923000000001,0.31329376,-0.09655096,0.54386044,-0.43272033,0.20786238,0.10050402,-0.43905553,-0.13955610000000002,-0.039524518,0.08443745,-0.12857783,0.45927578,0.20970137,0.086706445,0.23513632,-0.064652406,-0.05895322,-0.359646,-0.18830104,-0.5741363,-0.49289647,-0.5245941999999999,-0.09382869,-0.063546345,-0.07704629,-0.49934515,-0.06569685,-0.008193356,-0.16956194,-0.11687138,0.3974835,-0.1514968,-0.13447979,0.041897763,-0.18105265,-0.5179362,-0.18558466,-0.046497147999999995,0.28515622,0.09936319,0.29023698,0.04459362,0.26642546,0.47879920000000004,-0.32871500000000003,-0.31024587,0.28627533,0.0121256225,0.0319461,-0.19244626,0.08794525,0.7259183000000001,-0.62735313,-0.017187791,-0.09133835,0.0062523084,-0.26011813,0.113298655,-0.15582020000000002,-0.20140739,-0.122373596,-0.20447958,-0.32473093,-0.20231704,0.37568468,0.25761873,-0.008163643,0.44779244,0.03988896,0.33696586,-0.23329215,-0.0075440765,0.08815763,0.05662185,-0.22708936,0.37905437,-0.14639515,-0.05756889,-4.050313500000001,0.08056830599999999,0.26742738,-0.29032627,0.35595202,0.022275167999999998,0.19532170000000001,0.015741196000000002,-0.24409369,-0.37099236,-0.07811479,-0.07364809,0.14040703,0.51505774,0.18951537,0.19016393,0.10839331,-0.053829512999999996,-0.08521142,0.61577624,-0.17388469,-0.7320986999999999,-0.027777994,-0.31516662,0.32094023,0.21348372,-0.018325267,-0.0035009503,-0.12597187,-0.10542123,-0.12546055,0.030773288,0.33114153,-0.044809014,0.03650705,-0.18292776,0.13772109,-0.06349876,-0.23193857,-0.2729831,-0.14617972,-0.48985752,-0.16970208,0.05050862,0.6426102,-0.22788644,0.31196678,-0.058076925999999994,0.124109685,0.07222286,0.46242332,-0.02011501,-0.27896620000000005,-0.23128271,-0.35957876,-0.0048505603,0.031008177999999997,0.41656604,0.16955924,-0.45027438,0.028811777,0.101711914,-0.49484468,0.05247723,-0.18755856,-0.08760745,-0.25914299999999996,-0.06653243,0.20729389999999998,0.07805978,0.13292257,0.29153174,-0.69103205,-0.8239263000000001,-0.059418194,0.003698328,0.25503755,-0.33143392,0.06058939,-0.15844938,-0.16828847,0.20467138,0.09672754,-0.0012778759,0.06524305,-0.28831363,0.030473912000000002,-0.09768426,-0.3696937,-0.32419473,0.23950617,-0.12712665,0.6264556,0.5216881,0.4725515,-0.1511803,0.37849486,0.24120216,-0.007834286999999999,-0.3506567,-0.07764157,0.015602198999999999,0.38267988,0.15922329,0.014732781,-0.006963243,-0.25016665,-0.014514128000000001,0.014710754,-0.010184081999999999,0.26324949999999997,-0.18054438,0.46488327,-0.27755988,-0.43745318,-0.18921217,0.23448367,0.5169511,0.011384555,-0.007875754,-0.048286755,0.7687108,-0.3322907,-0.06394946,-0.6090848000000001,-0.028695982000000002,-0.41899213,0.059007727,-0.055990733,0.15813084,-0.26950702,-0.20297423,0.013054927,-0.085396685,-0.051269512999999996,0.12715277,0.35207006,-0.32806134,0.10094967,0.26456136,0.50725955,0.5827287,0.11562889999999999,-0.26100564,0.019450426,0.14169177,-0.1542491,0.109783694,-0.16992137,0.17952943,-0.21641998,0.004334128,-0.25033537,-0.2695568,0.15642484,-0.0987341,0.47144794,-0.15588229999999997,-0.10600734,-0.6818486,0.09053316,0.37853104,0.16508089,0.31042105,0.15845743,0.655594,0.25032362,-0.25110170000000004,-0.20259026,0.27404654,0.009219123000000001,0.26306292,-0.033691876,-0.64692926,-0.48006153,0.91351813,0.09125935,-0.08245724,0.17128763,0.024342157000000003,0.056738578,0.16334659,-0.39409596,-0.08975948,0.03730937,0.2889825,-0.09850561,-0.27781907,-0.048116405,0.18796176,0.10505743,0.3501498,-0.14981171,-0.12786981,-0.12345169,-0.4122221,0.08266552,-0.6765349,-0.06822684,0.14303525,0.49712259999999997,-0.0286449,0.12017934,0.26995346,-0.13465765,0.06723652,0.16406506,0.020645486,-0.02154165,0.36135855,-0.18333854,-0.46904832,-0.58274686,0.35062903,0.3925209,-0.041137133,0.058147005999999994,0.017697148,-0.3940872,0.20781216,-0.19153044,-0.3198123,-0.00553745,0.023604472999999997,-0.43711105,-0.11046878,-0.37333623,-0.08820669,-0.44460478,-0.38138273,0.07148324,-0.52019393,-0.019108394,0.40355176,-0.21233115,0.44565502,-0.12071453,-0.29854473,0.36393509999999996,-0.015956786,-0.44142017,-0.12871237,-0.17847556,-0.51867473,-0.18497923,0.116227075,-0.01937906,0.49054417,-0.15017626,0.5307597,-0.35932034,-0.04905346,-0.21788856,-0.30711220000000006,-0.06487633,-0.52582854,-0.39213112,-0.11725787,-0.35533875,-0.28592518,-0.15286438,-0.07278861,-0.07452008,-0.13174166,0.19416556,0.12218903,-0.00816511,-0.13463327,0.069250435,-0.38792288,0.21143523,-0.24698862,0.11762168,-0.18750018,0.26960889,0.11839565,0.12228493,-0.48634797,0.29449922,-0.26614642,-0.19919154,0.053274,0.026307443,-0.36704844,-0.09162236,-0.18294394,-0.46589676,0.23485677,-0.30228665,-0.07380696,0.20089212,0.10476640599999999,0.049693762999999995,-0.02974635,-0.0054461530000000005,0.09868321599999999,0.5585066999999999,-0.14118785,-0.08331065,0.17656384,-0.18839191,0.24683695,0.38607329999999995,0.256777,-0.29318553,0.34592745,0.25108078,-0.24437335,0.100736655,0.3576236,-0.23376027,-0.43777767,0.48516035,0.40056992,-0.51608384,-0.23581111,0.051567297000000005,-0.28768299999999997,0.085860185,0.11554098,-0.01773046,0.11742899999999999,0.41939209999999993,-0.39734206,0.38473657,0.1567097,-0.18927035,-0.12339026,-0.10488167,0.33973200000000003,-0.090392075,0.40871602,-0.52053994,0.33199412,-0.06602673,-0.20171085,-0.15541019,0.19863674,0.41347170000000005,0.11957345,0.12870643,-0.0001463741,0.49076048,0.39902909999999997,0.19425349,0.31510162,-0.18507597,0.14195544,0.38955432,0.44420640000000006,0.25001243,0.033856742,-0.14445886,-0.16272862,0.2986086,0.33871090000000004,0.46302205,0.5303097,0.16204011,0.6269599,0.05066315,0.0970294,0.42318577,-0.605578,-0.002289544,0.1967184,0.04634226,-0.19620682,-0.18083876,0.09575559,-0.31247717,0.13223825,-0.10909381,-0.023025933999999998,0.012972346000000001,0.42172003,-0.10069905,-0.36260784,-0.12976244,0.42862105,0.041877255,-0.008505705,-0.43363786,-0.03336802,-0.28223940000000003,-0.48864350000000006,-0.09743105,-0.13496731,-0.29523772,-0.33516999999999997,0.22861214,-0.042592085999999994,-0.005157508,0.07663754,0.092990294,-0.2739836,0.2504535,0.34919837,0.26018468,0.22329538,0.37397566,-0.20317216,0.01995458,0.05927359,0.21385741,0.08018643,-0.07115379,0.19386414,0.04420669,-0.07708965,0.033538826,0.31685624,-0.7651945,0.36470285,-0.14529808,0.08145919,-0.1787116,0.18793792,-0.17731954,0.38474143,-0.37826908,-0.009627646,-0.28874362,0.031513855,-0.20034866,-0.005427459,0.37906343,0.7398464,-0.41095018,0.03296987,-0.11364995,0.11607321,0.18048641,-0.26131448,-0.08786919,-0.21761088,-0.7247747,0.0043384999999999995,-0.18916658,-0.04049184,0.44716445,0.22860429,0.017675232,-0.29838592,0.33820307,-0.34087414,-0.34681273,-0.31746063,-0.026862541,-0.10356815,-0.07575549999999999,-0.17196889999999998,0.20454891,0.074600235,0.2067254,-0.23113933,0.05872482,-0.33282048,0.38249454,-0.08339136
54,1,-0.3181079,-0.20522767,0.43330318,0.031416595,0.06950204,-0.1389641,-0.089820065,0.44789296,-0.13110274,-0.4471299,0.44090265,-0.3122442,0.13765398,0.28234673,-0.17449218,0.41727468,0.064484745,-0.07241151,0.15056340000000001,0.5208224,0.25374070000000004,-0.10375755,0.078885265,0.5591010000000001,0.45472237,-0.41434160000000003,-0.04446259,-0.14957546,-0.31787509999999997,-0.031823765,0.5991524,-0.10582924,-0.09402963,-0.19510293,0.215563,-0.10823169,-0.16851486,-0.14191628,-0.17580219,0.19978401,-0.5112041,-0.3808955,0.113008365,-0.11079975,-0.26333836,-0.25205833,0.16377835,-0.14280052,0.28985047,-0.016576497,-0.48730135,0.1515116,-0.23777275,-0.30945277,0.06063414,0.47479036,-0.035854752999999996,-0.3122888,-0.7369763,-0.3327974,0.5209925,-0.15046282,0.07917575,-0.49253820000000004,0.15994564,-0.09789579,0.20816934,0.31321967,-0.6628868,-0.11360823,-0.42750397,-0.08931699400000001,-0.15755123,-0.08707642,-0.43369769999999996,0.070475146,-0.24031246,0.43140329999999993,0.09660845,-0.041308165,-0.35212645,0.24448398,-0.6322733,0.30723256,-0.06028639,0.30410323,0.13686271,-0.04029168,-0.23540740000000002,0.7811596,0.34633097,-0.35293925,-0.056549348,-0.029357132999999997,0.23488937,-0.21419711,0.42099074,0.10804191,-0.31368779999999996,0.44776306,0.14240865,-0.359131,0.14184676,-0.1508865,0.18951122,-0.31927848,0.21553904,0.21054006,0.14003521,0.26819193,-0.13378879999999999,-0.21097589,-0.13689384,-0.13928212,-0.1825308,-0.070258155,-0.07283778,-0.11237197,0.29687303,0.20209782,-0.06300948599999999,0.06138031,0.22814617,0.7980364999999999,0.07269464,-0.021806878999999998,-0.17291467,0.2599914,-0.16979675,-0.27308998,0.2033443,0.13437602,-0.0076652709999999995,-0.31174463,-0.23554906,0.091452375,-0.043596912,-0.39911494,-0.43443722,0.13564298,-0.013114912,-0.3328219,0.39988628,-0.1389878,-0.04184056,-0.10003457,-0.03690483,-0.15387408,-0.34054643,0.2501177,-0.13064009,-0.23477694,-0.08120237,-0.29435617,-0.08296778,-0.046218257,-0.42899215,0.369181,-0.28103212,0.08659843,0.48033947,0.016111143,0.013046486999999999,0.5271066,0.29457575,0.11615573,-0.009397935,0.24359693,-0.20956501,0.19809213,0.090813644,0.0011880614,0.725046,-0.073558725,-0.073519915,-0.18832766,0.11844238,0.28150266,0.18539266,-0.0052752495,-0.50632143,0.13112694,-0.04381184,0.09450206,0.29589236,-0.13402213,0.14981373,-0.07372396,0.25004375,-0.0148274815,-0.3257906,-0.23261267,-0.07755181,-0.18201874,0.17242289,-0.5339721,-0.06663327,-0.07510096599999999,-0.43213096,-0.031392075,0.06801784,0.013047271000000001,0.2625627,0.10354183,1.7972393e-06,-0.180509,0.20883437,-0.037911963,0.09743128,0.34555486,-0.081638575,0.46937177,-0.04097452,0.010680983,-0.068313405,-0.050217368,0.025487954,-0.26733506,0.20759410000000003,-0.09118832,-0.0033175398,0.124924436,0.005721181999999999,0.41838485,0.13527846,0.7671686,-0.17128894,-0.60351634,0.13373729999999998,0.46209870000000003,-0.22037295,-0.29924864,0.6488849,-0.14376041,0.18201654,-0.005710879,-0.21594998,-0.15356243,-0.058302723,-0.23661675,-0.14101745,0.31353593,0.22082426,0.18252693,0.13962841,-0.02867176,-0.04624045,-0.1671729,-0.28044719,-0.29630724,-0.51967835,-0.24764718,0.23319611,-0.53895783,-0.26513192,-0.21331318,-0.22617048,-0.4406969,-0.08116389999999998,-0.00051247154,0.6878901,0.38977155,-0.32620895,-0.04588769400000001,-0.22400746,-0.37696305,-0.2589245,0.3639128,0.3622689,0.11138771,-0.018361619,-0.11952701,-0.020128200000000002,0.6355029999999999,-0.008263508000000001,-0.007073234300000001,0.24891077,-0.02222582,0.04399467,-0.22020142,0.28185666,0.34488,0.005787696700000001,0.1379889,0.10553676,-0.42642299999999994,0.098805524,0.17070559,-0.18419203,-0.31745338,0.18554008,-0.052800400000000004,-0.44420132,-0.25579589999999996,0.46685743,0.2249307,-0.06325256,0.090211846,0.38720986,-0.052132264000000005,-0.18023063,-0.018720169,0.39955842,0.18799669,-0.22137363,0.055288005999999994,-0.23865087,-0.21074353,-4.2034650000000005,-0.17365633,0.0804108,-0.31769314,0.15861937,-0.023762832999999997,-0.15951699,-0.18206432,-0.47218263,-0.30039036,0.0060975940000000005,-0.39094633,0.15530938,0.14201294,0.29864395,0.44953394,0.2901958,-0.14645264,-0.10548253,0.8048691,-0.17625429,-0.49436817,0.33508578,-0.35754153,0.3187478,0.42565200000000003,-0.3956711,-0.07781787,-0.41013852,-0.16324271,0.11085041,0.021375393,-0.008086247,0.23617472,0.17593193,-0.0479256,0.1557846,-0.65485835,-0.32326059999999995,-0.44356441,-0.17546722,-0.5668598000000001,-0.047884595,-0.038127452,0.8372424,0.0137447575,0.060562125999999994,0.0070343823,-0.034720633,0.27598655,0.040319514,0.05074796,-0.24845065,-0.36636662,-0.26320118,-0.026216842,0.41083726,0.54427487,-0.23648034,-0.38168404,-0.32839733,-0.07721724,-0.4659531,0.053710654000000004,0.20486008,-0.26905897,-0.34695473,0.041470915,0.04732212400000001,-0.039600853,0.08146588,0.3364968,-0.15480378,-0.55373144,-0.17041932,-0.06293204,0.09479529,-0.09157697,0.052901382999999996,0.22580087,-0.13941234,-0.24233842,0.19544241,-0.39980140000000003,-0.122336455,-0.04894254,0.23297669,-0.15688038,-0.38534433,-0.40567958,0.08637015,0.11105654,0.2870238,0.25443697,0.3196357,-0.14888962,0.41900423,-0.3083881,0.14580256,-0.41776267,0.12184707,0.38602509999999995,0.5652608,0.01917811,0.028433941,0.010208132,-0.3463824,0.0016576188,0.013726413,-0.07842423,0.67671204,-0.6257311,0.29237166,-0.03261,-0.24016362,-0.10091687,0.34610328,0.22206375,-0.14863788,-0.2898321,-0.17996857,0.29116577,-0.42900020000000005,-0.48277438,-0.65627587,-0.09915552,-0.34530884,0.19774619,-0.15458438,0.25009882,-0.26006162,-0.14275467,-0.15807998,0.49584052,0.10873542,0.24742924,0.14523457,-0.6341658,0.11235842,0.0025578875,0.23888096,0.3091532,0.17883599,-0.08927869999999999,-0.14377698,0.39963868,-0.06237584,-0.083355136,-0.3053745,0.17421083,-0.10869116,-0.18204707,-0.06714828,-0.44200020000000007,0.15892304,0.22086775,0.26740724,-0.16713421,-0.06779539,-0.5218670999999999,0.27118465,0.13557139999999998,0.30896416,0.14005269,-0.076761976,0.5854756999999999,0.21918091,-0.30667445,0.13737358,0.06646154,-0.5580903,-0.11628800000000002,-0.38816598,-0.41073564,-0.091062926,0.37807673,-0.023183712999999998,-0.18005508,-0.017453771,0.18420099,-0.008076887,-0.056677733,0.0348927,-0.09751107,0.5117152,0.45143476,0.14555535,-0.24662562,0.1729051,0.29108992,-0.30163237,0.514299,-0.2089397,0.15781127,-0.17383444,-0.07879027,0.46656734,-0.30657968,-0.03321635,0.11969312,0.31224775,-0.14219534,-0.10228567599999999,0.018061034,-0.03419467,0.04996813,0.32435787,0.29103629999999997,0.064161524,0.00897051,-0.12854172,-0.38993266,-0.37997252,0.10246468,0.20722319,-0.46060070000000003,-0.056917388,-0.12518929,-0.36098462,0.32215196,-0.17850956,-0.13348553,0.018785913,-0.06432867,-0.34001723,-0.45857440000000005,0.13166977,0.15351494,-0.39193365,-0.17127739,0.14480907,-0.6402829000000001,0.31634304,0.28207509999999997,-0.22880736,0.28812033,0.027455926000000002,-0.30719587,0.281132,-0.22495724,-0.19675316,0.20912158,0.09420606,-0.4647918,0.11589153,0.008101591,-0.038617834,0.31473115,-0.07093448,0.71153444,0.25348172,0.015188766000000001,-0.019947423,-0.42444170000000003,0.21288322,-0.4843407,-0.49810649999999995,-0.05706369,-0.38956237,-0.11395986400000001,-0.044830743,-0.19111829,-0.0926709,-0.09235884,0.19337910000000003,0.11718756,0.037933856,0.20458378,-0.100080214,-0.49610358,0.12788154,0.034366686,-0.045796417,-0.19528270000000003,0.24790777,0.042460803,-0.14036915,-0.3576258,0.51274586,-0.37491572,-0.2907737,-0.09536219,0.13868663,-0.19984734,0.23766229,-0.03954798,-0.14397101,0.16887598,-0.15094662,0.11245224599999999,0.22160006,0.09771638,-0.18453489,-0.14368953,-0.15680714,-0.029450545,0.78978604,-0.25961408,0.30571237,0.42833075,0.24175212,-0.19498335,0.16987178,0.31029803,-0.45080644,0.22846505,0.22168499,-0.52758723,0.30083200000000004,0.17890903,-0.27814907,-0.24577480000000002,0.66813827,0.3270889,-0.27781525,-0.5237848,-0.025472812,-0.27432698,-0.05845186,0.11841926,0.12341351,0.08225947,0.54089576,-0.29528385,0.027613147999999997,0.109869584,-0.1586162,-0.30886137,-0.054855864000000004,0.39924840000000006,0.10849976,0.46536466,-0.5226555,0.35643747,0.061596665999999994,-0.06367539,-0.012508466999999999,0.03145946,0.27802306,0.15457684,-0.08931102,0.20819505,0.57206094,0.31715515,0.42448542,0.21423133,0.12765871,-0.10252914,0.6610816999999999,0.47077537,0.28060132,0.43581983,0.056995273,-0.1450135,-0.0057284962,0.44339880000000004,0.29289737,0.16871515,-0.20832123,0.9516779000000001,0.26265132,0.08977683,0.39996767,-0.4762369000000001,-0.3947369,0.008735111,0.25087038,-0.2783907,-0.45634300000000005,-0.106592156,-0.07797699400000001,0.044467599999999996,-0.25837913,-0.2962244,-0.35775164,0.43107158,0.08349229400000001,-0.089097224,-0.08412705,0.28828067,0.24304663,0.07883710000000001,-0.5661099,-0.12749612,-0.39532208,-0.3790415,-0.21882583,0.048688499999999996,-0.34669706,-0.2302094,-0.06656849999999999,-0.21854079,0.27267963,-0.20409635,0.007947095999999999,-0.117965825,0.37343663,0.2654675,0.6161164000000001,0.02508368,0.061217126,-0.1597948,0.051726565,0.19341569,0.33692673,0.16571341,-0.18075459,0.14809166,-0.25959256,0.16835143,-0.12967123,0.37712556,-0.7236509,0.24214669,-0.23800275,-0.019490924,0.042208433,0.19251257,-0.32006818,0.18648836,-0.35092235,-0.12948999,-0.052369405,0.16218688,-0.32565725,0.07479258,-0.011139746,0.18383835,-0.20908517,-0.025151331000000002,0.21753788,0.13280717,0.13253851,-0.1494075,-0.24960108,-0.48098043,-0.17300111,-0.054596197,-0.18917486,0.22799647,0.28163648,0.19631535,-0.14212285,-0.2798748,0.82009345,-0.12232042,-0.20985772,-0.19060618,-0.17374563,-0.5170205,-0.16706155,0.18923286,0.0038232465999999995,-0.15952396,0.15887207,-0.17930959,-0.18598612,-0.40365383,0.38006812,-0.24598612
55,6,-0.28513685,0.0048612286,0.25697523,0.030942796,0.08140283,-0.35086152,-0.03472815,0.45132829999999996,0.26129746,-0.26296443,0.19147272,-0.38025093,-0.014995534,0.30604818,-0.25357179999999996,0.40800086,-0.18892771,-0.054346572999999995,-0.031526145,0.27894342,0.04761961,-0.22597238,-0.14183992,0.5295788,0.2624758,-0.21923672,0.22067498,-0.36800900000000003,-0.09768545,0.07797612,0.64712894,0.35299167,-0.112005256,-0.18606904,0.23751701,0.08486731,-0.07867794,-0.16078195,-0.31351918,-0.062969275,-0.5367297,-0.37464032,-0.10777181400000001,0.17265137,-0.09608516,-0.28403875,0.21847151,0.011848016000000001,0.005497325999999999,-0.091929875,-0.57140166,-0.11503754599999999,-0.33235443,-0.033431947000000004,0.050883647000000004,0.71359223,-0.11650144,-0.461179,-0.31513357,-0.16923673,0.3176631,-0.12800574,-0.028000614,-0.38258553,0.26656443,0.09197943,0.08465303,0.43033656,-0.8027524,-0.4555867,-0.5067834,-0.08967426,-0.358718,0.13786359,-0.19001179999999998,0.10268206,-0.28404707,0.05357643,-0.18871227,0.07941707,-0.14263281,0.4442429,-0.05297129,0.51996803,0.37261832,0.40399559999999995,0.24449989,0.105764605,-0.14573854,0.63665956,0.5325353,-0.5014377999999999,-0.075596444,-0.08526084,0.20388766,0.12979765,0.19098619,0.18978162,0.03800206,0.6715604000000001,0.22706762,-0.41643173,-0.060403245999999994,-0.45518379999999997,0.10616926,-0.23022418,0.024709709,0.09442957,0.2429252,0.13935605,0.15447527,-0.032404397,-0.2402087,-0.37774852,-0.12688148,-0.037841734,-0.06579667,-0.22214581,0.36039177,0.18465813,0.37176213,-0.2267106,0.010108055,0.54027677,0.14355513,0.022882602999999998,0.062827565,0.3767313,-0.12937774,-0.23979957,0.0049571306,0.2888555,0.24303260000000002,-0.50454235,-0.5582267,0.028191307999999998,-0.12202137,-0.07963475,-0.44053695,0.04002216,-0.025433835,-0.09123010000000001,0.532956,0.013237998,0.14664699,0.22273602,-0.016116975,-0.3707759,0.10655459,0.11485672,-0.060068537000000005,-0.06954186,-0.008487312,-0.17093815,-0.12834169,-0.1925832,-0.07991969,0.10959831,-0.31614166,0.021517057000000003,0.4471375,-0.22863954,-0.035569526000000004,0.4445905,0.5883303000000001,0.098823555,-0.23378982,0.44522646,-0.0017490847,0.07028928400000001,0.021158835,-0.37392142,0.6501775,-0.2808437,0.31096999999999997,-0.11903451400000001,0.24553855,-0.20553836,0.3930127,-0.01219927,-0.6062705,-0.061457463,0.17461446,-0.09816678,0.30032673,0.088606685,-0.031522382,-0.2968843,0.13242917,-0.02028998,-0.6372376999999999,-0.025092543999999998,-0.057721127000000004,-0.29495509999999997,0.34750846,-0.5634319000000001,-0.07811609,0.12101027,-0.52278453,-0.19848122,0.13577777,0.14403574,0.31974497,0.20724018,0.023866765,0.003387687,0.48391005,-0.17234203,0.054350194000000004,0.48040298,-0.006837207,0.45673594,-0.05167995,-0.025742047999999997,0.1854,-0.0873796,-0.016360756,-0.008022807,0.33735996,-0.018578874,0.07456747400000001,-0.027730154,-0.3811294,0.35689148,0.13552160000000002,0.91809237,0.18397523,-0.5455528000000001,0.19975954,0.18551713,-0.008771024,-0.3257695,0.6376206,-0.42294973,-0.0059012664,-0.070218295,-0.4374357,-0.37043396,-0.20015278,-0.27700135,-0.35916993,0.675779,-0.25859118,0.21528396,0.07403858,-0.15019728,0.07271429,-0.008500349,0.1853862,-0.14219834,-0.6060293000000001,-0.40342906,0.06786779,-0.46680839999999996,-0.40205267,-0.3536088,-0.16173652,-0.42640167,-0.28203765,-0.082416676,0.40065515,0.16470802,-0.107788414,0.020208417,-0.20778035,-0.25891063,0.059650075,0.23821102,0.24207811,0.029913189,0.12720315,-0.27544045,-0.031536266,0.7438081,-0.2526788,0.037390694,0.28651273,0.16189282,0.28358427,0.059521715999999995,0.40855893,0.36407882,-0.30416158,0.16995654,-0.19317892,-0.26745608,0.29774815,0.25661618,-0.12462866,-0.37382147,0.12537289,-0.14408892,-0.30002323,-0.25541958,0.46029842,0.04350742,-0.10492491,0.22911982,0.038932417000000004,-0.021928642,-0.11199359,0.13612925,0.20708539999999998,0.31251755,-0.38175514,0.12566864,-0.17066789,-0.30949727,-3.6497424,-0.008305189000000001,0.27282026,-0.35332403,0.27794695,0.16108747,0.20962246,-0.055418804,-0.25928320000000005,-0.31278390000000006,0.14822266,-0.33456165,-0.09150786,0.09295965,0.12520038,0.44530228,-0.11784719,-0.17759041,0.04283205,0.5438885,-0.13776115,-0.44435078,0.14480217,-0.22469829999999996,0.7340766,0.06885954,-0.56049407,-0.011818468,-0.37069,0.017842935,0.066424675,-0.17550553,0.15913154,0.01311548,-0.21854731,-0.028491442999999998,0.22397916,-0.6934085,-0.32442877,-0.4888119000000001,-0.042205375,-0.7468441,0.04966406,-0.062010888,0.53289217,-0.32463446,0.064783774,0.05727398,0.25357714,0.2424024,0.029100823999999997,0.1607762,-0.4675374,-0.45612258,-0.28208944,0.19706784,0.074052356,0.6598611999999999,-0.23110074,-0.15014894,-0.20723337,-0.07642161,-0.43389463,-0.0031982432,0.041887976,-0.1879158,-0.31965783,-0.2773751,0.09971751,0.1286617,0.20321997,0.5436456999999999,-0.18105228,-0.6630184,-0.012699641999999999,-0.07002869,0.10378408,-0.07703998,0.50105697,-0.13230428,-0.21325578,-0.21026492,-0.03566128,-0.44167706,-0.057135306,0.041319203,0.104461364,-0.15533787,-0.27462876,-0.5235698000000001,0.21431154,0.26870900000000003,0.41964778,0.19811429,-0.036383457,-0.22819127,0.3462436,-0.25491694,0.04934943,-0.43728065,0.32857102,0.41703144,0.43134317,-0.091006614,-0.007995826,0.06111906,-0.44637072,0.34282875,0.08387597,0.043691635,0.43031853,-0.469908,0.49259970000000003,-0.12973510000000002,-0.35195932,-0.013405713,0.26185808,0.43177748,0.2514956,-0.21208376,-0.22909000000000002,0.76241946,-0.5837248,-0.3850824,-1.0472238999999999,-0.0117605785,-0.34708932,-0.038201984,-0.30390787,0.048439562,-0.25575748,-0.1949485,-0.4597952,0.35058534,0.17032029,0.16803710000000002,0.36075214,-0.18442582,0.26294225,0.091118045,0.17485242,0.22258070000000002,-0.24082329999999996,-0.2074319,-0.33403979999999994,0.42493767,0.053349342,0.053391602,-0.032346938,0.0755315,-0.2919526,-0.204175,-0.2905727,-0.16217452,-0.107184306,0.1424624,0.44869890000000007,-0.30391404,0.11684271,-0.6849733,0.4783782999999999,0.27562335,0.17499198,0.19581164,0.1900429,0.53026545,0.30810457,-0.29244238,-0.390948,0.0761086,-0.559067,0.06300154,0.002859458,-0.5208138,-0.2377591,0.60563046,-0.11915673,-0.14593175,-0.27373424,0.30074796,0.15478091,-0.085565604,-0.27618703,-0.15405934,0.14978169,0.114665,0.062185388,-0.24981482,0.06979452,0.14530483,-0.49562982,0.4167247,0.007833941,-0.2740336,-0.06331786,-0.04523363,0.30471575,-0.5088305999999999,0.0064165588,0.04933779,0.55436754,0.25989732,0.03980318,0.16315053,-0.2393217,-0.025865044,-0.09070309,0.15711012,-0.1263438,0.20199014,0.008340461,-0.3597518,-0.5157323,-0.07532496,0.022070182,-0.31175745,0.26526007,-0.059335377,-0.60690784,0.5173384,-0.3514312,-0.1491928,0.072173335,-0.10109448,-0.5042943,-0.11659952,-0.104469374,0.033028647,0.0064675285999999995,-0.13903174,-0.35162264,-0.75395095,-0.17457661,0.1323124,-0.19057457,0.25012199999999996,0.17270054,-0.31904570000000004,0.3197051,0.018776089,-0.49098980000000003,0.061087932000000005,-0.17896226,-0.57503784,0.43021777,0.17021152,-0.18646567,0.27188146,-0.36123526,0.532944,0.031521212,0.16284002,-0.015994212,-0.44321647,0.27160300000000004,-0.404357,-0.11711309,-0.07653988,-0.5139814,-0.17920054,-0.18153207,-0.0731768,-0.045083117,-0.051223002000000004,0.18004484,0.090186045,0.10366723,0.39804986,0.20076229999999998,-0.63716435,-0.044614214000000006,-0.10308308,0.52585644,-0.08402428,-0.13630314,-0.17419511,-0.13144651,-0.44375542,0.44286382,-0.2747859,-0.3929551,0.0040723924,0.17585318,-0.2774855,0.14762807,-0.28052485,-0.1759478,0.21312440000000002,-0.23971792,-0.084398605,0.12275446,-0.079891354,0.039155185,-0.16025254,-0.12114441,0.22251013,0.57437044,-0.26414645,0.049972895999999996,0.3164328,0.02243598,0.1367814,0.5859406999999999,0.16402261,-0.17602824,0.21378972,0.055155235999999996,-0.73820674,0.3401863,0.15913934,-0.6060375,-0.38461965,0.5491286999999999,0.5430528,-0.59445655,-0.17419982,0.1602461,-0.37405184,-0.31638265,0.15453254,0.08229861,-0.00055716315,0.5534411,-0.31461877,0.17375712,0.292631,-0.45668190000000003,-0.20343252,-0.09310699,0.39215893,0.07500937,0.33620468,-0.5022744,0.51994085,-0.21635562,0.12400901,0.19573723,-0.15106931,0.037192125,0.10743703,0.17812248,0.18533128,0.41112879999999996,0.32027638,0.1713949,0.29554509999999995,0.25655776,-0.07526117,0.3309557,0.6969791,0.45266990000000007,0.7002670999999999,-0.07721966,0.09565866,0.0086647775,0.6385917,0.10776497,0.39251247,-0.031278424,0.7663317,0.25887537,0.26272443,0.43618003,-0.4004311,-0.09497276,0.052076105,0.13960652,-0.06150592,-0.18060955,-0.19746512,0.030720177999999997,0.21409646,-0.13760552,0.07337077,-0.07988972,0.4459361,0.26204976,0.005086319000000001,-0.23270124,0.16890970000000002,-0.34622413,-0.23695989,-0.4906054,-0.40531059999999997,-0.16539824,-0.7833709,-0.054072857,0.055819754000000006,-0.0689214,-0.25424126,-0.03509139,-0.16986987,0.3685021,-0.15329674,-0.07941933,-0.41717067,0.26581344,0.43590885,0.36953706,-0.099740386,0.37492475,-0.39345515,-0.0819524,0.31103882,0.18949822,0.29165906,-0.03112099,0.6202576999999999,-0.32863772,0.017671837,0.037948225,0.28043090000000004,-0.71876323,-0.018672947,-0.17167932,-0.014904611000000002,0.0038830787,0.0645097,-0.47353792,0.41824955,-0.43581593,-0.038348656,0.16850026,-0.020003523999999998,-0.30715692,0.26540276,0.29261947,0.42937434,-0.5023481,0.1031628,0.24691778,0.23810668,0.23165527,0.006697665,0.024017321,-0.091912605,-0.44299284,-0.19511728,-0.32869846,0.10432572,0.44048760000000003,0.34755856,-0.09712783,-0.24026033,0.6986769,-0.3318771,-0.27233037,-0.33403373,-0.2066614,-0.39248365,-0.1049433,-0.27819332,0.08125592,-0.19788022,-0.22767405,-0.00358647,0.15256116,-0.56287414,0.02235528,0.09899572
56,15,0.16626467,-0.02658565,0.29557058,-0.24727166,0.07544293,-0.19604026,-0.16037509,0.46823162,0.14538032,-0.13000637,-0.020239627,-0.12587613,0.13952889,0.48204482,-0.113179505,0.7045503000000001,-0.08397198,0.05166511,-0.3360729,0.2727409,0.34455562,-0.12578472,-0.035109986,0.31722876,0.5274177,0.072295465,0.121578984,0.14015122,-0.30347690000000005,-0.09787282,0.5314725,0.26928195,0.050141500000000006,-0.29924759999999995,0.17288561,-0.17623614,-0.1653674,-0.1803979,-0.10691883,0.33775732,-0.30831337,-0.3988502,0.011680345,0.42079642,0.073332965,-0.18617627,0.106519274,-0.06218639,0.17748211,-0.021966519,0.22798598,0.043365274,-0.09073152,-0.24251175,0.12448346,1.004466,0.13288770000000003,-0.4255022,-0.3843139,0.04534959400000001,0.23996879,-0.3036598,0.39304662,-0.31426933,0.19232997,0.21098158,0.15312901,0.6582099,-0.47341532,-0.09179908,-0.15318231,-0.17935894,-0.08498317,0.27584708,-0.26430768,-0.074067414,-0.122028746,0.25795805,-0.14928839,-0.16732979,-0.48945233,0.35539538,0.0113576,0.25655904,0.19976714,0.07158173,0.0026419875,0.02031548,-0.33721003,0.29005018,0.07794382,-0.21385917,-0.14428137,0.16430193,0.35242779999999996,-0.19091729999999998,-0.12069272,-0.09982503,-0.18194915,0.3992481,0.22083057,0.06775812,0.105238944,-0.16424313,-0.05714901,0.09707233,0.22984797,-0.29492056,0.24149151,0.23907769,0.22404364,0.021557162999999997,-0.2720683,-0.18408002,-0.17858294,-0.22578484,0.012136673999999998,0.19701992,0.14975394,-0.07000519,-0.0061669284,-0.084840015,0.13696477,0.5526281,0.18131907,-0.17559125,-0.09697107,0.19740112,0.08474677,-0.14085765,0.025838766000000003,0.15651283,0.38658637,-0.51276714,-0.24264486,0.100698575,-0.22350086,-0.26707044,-0.3790111,0.03169438,-0.16123146,-0.080623664,0.30817458,-0.13089448,0.34033352,0.38539964,-0.14035966,-0.06311728,0.10791537,0.32770237,-0.1620335,-0.14520611,-0.018441876,-0.3767119,-0.203096,-0.33406898,0.11127036,0.37538737,0.013635297,0.16437499,0.42812723,0.10384484,0.036054466,0.05872972,0.12001736,0.139379,-0.027574666,0.16632548,-0.20202486,-0.22124767,-0.21913539999999998,-0.45552847,0.70660865,-0.35804123,0.08587244,0.20182635,0.53053766,0.08831057,0.43479863,-0.030849862999999998,-0.7077409,-0.007786133000000001,0.10674501,-0.47657150000000004,0.19837436,0.09999213,-0.062837,-0.15708983,0.18276837,0.48758063,-0.36236033,-0.21873179999999998,-0.22279495,-0.12704708,0.04385287,-0.35858414,-0.18035278,-0.014905512,-0.3225804,0.109956056,0.31570026,-0.0008439184,0.24789955,-0.11272084,-0.36486542,0.23999678,0.28774437,-0.11554702,-0.45332700000000004,0.36177427,-0.35787052,0.43346769999999996,-0.09761227,0.08838003,-0.057738992999999995,-0.027123116,0.29772705,0.01099395,0.08371593,0.20386183,-0.20656784,0.021632757000000002,-0.3200665,0.32830563,0.023370445,0.99704736,-0.23513086,-0.32948902,0.20949544,0.31817764,-0.19189422,-0.28453735,0.30589682,0.08109079,-0.03903304,0.42496955,-0.26976028,-0.30746964,0.28452355,-0.06732771,-0.34152195,-0.12365418,0.25626457,0.22640994,0.07927313400000001,-0.06327513,-0.26139525,-0.015448098,-0.11845785,-0.21289359,-0.34243035,-0.45823038,-0.02244881,-0.6982948,-0.17332661,-0.16254102,-0.16900784,-0.25050882,-0.13633810000000002,-0.13215208,0.3089111,0.34680367,0.20882851,0.19942892,-0.42950165,-0.42471220000000004,-0.026020944,0.12946385,0.4512576,0.14676240000000002,-0.45001665,0.014618178,-0.3603872,0.46403402,-0.15962502,-0.06483554,0.25553772,0.10885544,0.04974663,-0.14219129,0.12643902,0.5295443,-0.21577024,0.19514267,-0.18041636,-0.37153262,0.08133388,0.20552346,-0.24519528,-0.55457926,-0.28611764,0.21794091,-0.044229742,-0.30668977,0.67197037,-0.1557291,0.07868072400000001,0.05973992,-0.10811330000000001,-0.32466075,-0.1077799,-0.3494339,0.2709414,0.30287826,-0.3850903,0.16276854,-0.147222,-0.67494553,-3.8719869,0.20964353,0.050444595999999994,-0.22060913,0.22244483,0.074464165,0.21687502,-0.05061047,-0.73854524,-0.24007572,-0.23341502,-0.27549819999999997,0.28860962,-0.09438494,0.107835166,0.3274477,0.024820248,-0.33166504,-0.43854734,0.49739462,0.073998146,-0.33707547,0.2771734,-0.15653,0.34297833,0.35760483,-0.18246908,0.14117853,-0.36562246,-0.06426161,0.079047486,-0.22362633,-0.07331865,0.43312594,-0.05590589,0.059358504000000006,-0.15663652,-0.63143,-0.060028307,-0.24112903,0.028041577,-0.30611935,-0.07395982,-0.38301337,0.8072031999999999,-0.18714282,-0.24429652,-0.14366701,0.23740445,0.22882237,-0.18940972,0.04833087,-0.38968226,0.11442407,-0.20250279,0.1809762,0.32456738,0.78536767,-0.081879035,-0.26372433,0.37482408,-0.08303604,-0.17792358,-0.022229897000000002,-0.23289725,-0.098998986,-0.3296892,-0.29875922,0.12600736,0.16978304,-0.16997594,0.5050083,-0.20456564,-0.8340639999999999,-0.06656715,0.10093635,-0.42382362,0.19726658,0.021803608,0.2328993,-0.3376241,-0.47197416,0.13068052,-0.21156982,-0.2208417,-0.04785027,0.10344323,-0.064214446,-0.30167955,-0.3007511,0.21089086,0.08641309,0.2452964,0.34447044,-0.00048081108,-0.010018382,0.49469247,-0.33371028,0.21762031,-0.20109302,0.34698808,-0.18638383,0.68221396,-0.49342787,-0.16532686,0.19141068,-0.50342953,0.07498336,-0.017666973,-0.14341517,0.17211264,-0.34670806,0.28416959999999997,-0.22642405,-0.4011915,-0.25820740000000003,0.20549856,0.2572227,0.014130078,-0.31283247,-0.14037469,0.62655944,-0.45282066,-0.35164395,-0.7989429,0.050922927,-0.071110986,-0.0021953727,-0.3353203,-0.02863475,-0.11680465,-0.48756918,-0.32938895,0.1920885,0.15061036,0.041266274,-0.24978597,-0.66424245,-0.2601061,0.29775798,-0.06724684,0.016049076000000002,0.017008645,0.17757867,-0.03886572,0.20126286,-0.033064432000000005,0.033575557,-0.22099458,0.2765986,-0.12869886,-0.045603946,-0.011753224,-0.39162420000000003,-0.15314083,0.27362934,0.6564083000000001,-0.05533643,-0.026334474,-0.081175365,0.49169973,0.034209843999999996,0.37114704,0.4026785,0.19336785,0.24954455,0.087595016,-0.07726841400000001,-0.24678385,0.009469858000000001,-0.40566552,0.13918115,-0.27091786,-0.30017146,0.17547312,0.7739968,0.29194343,-0.08254637,0.007814721,0.09788184,0.23317212,-0.35312632,-0.026674233,-0.05551341,0.5267745,0.04688151,0.19298944,-0.1963591,0.14163820000000002,0.14968555,-0.6095879,0.35973665,-0.08017292599999999,-0.13735616,-0.07896158,-0.30910084,0.4617807,-0.19568042,0.19787504,0.31888258,0.33883092,0.036889054,-0.36298969999999997,0.2700497,-0.027006847999999996,-0.28129464,0.18130970000000002,0.041067842,0.06214057,0.0038158032,-0.22001775,-0.44647998,-0.22586691,-0.39059204,0.31592056,-0.028989399,-0.18009666,0.027715266000000002,-0.3455646,0.24551757,-0.10150008,-0.02579122,0.31218179999999995,0.03817931,-0.47019935,0.007466508,0.00075581117,-0.011577628000000001,-0.42113778,0.27171576,0.016970976999999998,-0.8030269,-0.116116814,0.13218747,0.14989346,-0.07012283,-0.11764423,-0.2801228,-0.017705997,-0.23438111,-0.48753873,0.044739604,0.30228576,-0.42833668,0.09955956,-0.102845915,-0.21086238,0.38631576,-0.23985660000000003,0.3271365,0.5095309,-0.0371675,-0.07518994,-0.7861066,0.20364028,-0.74830043,-0.43891156,-0.031810608,-0.38524887,0.0014121665,-0.24065097,-0.049778327000000004,0.21312656,0.21400613,-0.084368266,0.029249117,0.20623691,0.24387453,0.13539073,-0.8576050999999999,0.043393277,0.19207178,0.3635935,0.09600291400000001,0.09938424,0.14905517,-0.06238225,-0.4452788,0.39520586,-0.5422906,0.0729075,0.007153425400000001,-0.35843506,-0.15928139,0.38151035,-0.39489517,-0.39888248,0.025162233,-0.23419517,0.1258963,0.36366346,0.2656132,-0.23144858,-0.06045022,0.06691194,0.17712897,0.57290506,-0.17196454,0.0021650073999999997,0.39446086,0.051815055,0.09195828,0.30927962,0.12667035,-0.055214032999999996,0.30101669999999997,-0.0803968,-0.50329137,-0.15738945,0.31355109999999997,-0.16754544,-0.5408927,0.6832615,0.49855673,-0.30190066,-0.2437808,0.18780461,-0.35902125,-0.26575804,0.006689257,-0.014788658,0.03961998,0.90398586,0.013049182,0.11125664,0.18723810000000002,-0.31878307,-0.22862939999999998,-0.18033841,0.30222073,-0.20459467,0.2395522,-0.26745462,0.30595917,-0.016629819,0.18662661,-0.06026573,-0.16828817,-0.060224056,0.37647656,-0.33211243,0.31717217,0.53950363,0.32827866,0.33107683,0.15097739,0.19169270000000002,0.012309872,0.7885203000000001,0.33285108,0.011340962,0.47296292,-0.11058963,-0.05361428,-0.07468638,0.26093920000000004,-0.08117632,0.10952087,-0.21888077,0.34293315,0.007334367,0.09341656400000001,0.119961224,-0.5991426,-0.16336067,0.02269125,0.19277850000000002,-0.20622593,-0.14440729,0.17493902,0.10717950000000001,0.33306935,0.13139716,0.059929706,-0.056149524000000006,0.28745043,0.009090188,-0.16124529,-0.06878668,0.08103982,-0.2838167,-0.13813855,-0.4712063,-0.1094464,-0.20246632,-0.6750234,0.0204849,-0.26829723,-0.12058237,-0.40035817,-0.15191239,-0.39219287,0.00028884108,0.1060452,0.06377026400000001,-0.36437473,0.42334896,0.22348425,0.57054496,0.15303366,0.0731273,-0.43560874,0.085387185,0.27770323,0.3908664,0.03110014,0.115720205,0.5387879,-0.6071495,-0.059276108,0.06814462,0.6334451,-0.8802564,0.3758444,-0.19829245,-0.33121789,-0.018395437,0.12749128,-0.5429155999999999,0.15358096,-0.2642271,-0.22726052,0.10498303,0.44363132,-0.24870215,0.25376964,-0.10075101,0.36205533,0.19978866,0.079976894,-0.053029365999999994,0.34766498,0.14221439,0.049281668,-0.05247223,-0.5963111,-0.0889993,-0.10209383,-0.047021522999999996,0.10019427,0.13657318,0.09991434,0.027220342,0.039139435,-0.18053114,-0.547553,0.09386042,-0.26422808,-0.37757453,-0.262719,-0.13429177,-0.03131989,0.005974636,0.007914693,0.11502491,0.06057563,-0.3654995,0.07276733,0.22159086,-0.085616656
57,6,-0.032004986,-0.43019757,0.35349846,-0.17701872,0.24229749,0.15078649,0.13574176,0.41664594,-0.10082392400000001,-0.22605158,0.10302730000000002,0.046307184,-0.10625399,0.41342175,-0.25371805,0.20929259,0.14547314,-0.15548739,-0.013193653999999999,0.15167199,0.07471176,0.088474914,-0.0063658077,0.5322252,-0.2102528,-0.14994794,0.24988027,0.16797355,-0.034013197,0.09132667,0.20652443,0.21810775,0.14575605,-0.21760770000000002,-0.28650442,-0.05990312,0.17817278,-0.100287765,-0.39196882,0.22929916,-0.22028382,-0.37778088,-0.20258991,0.23753197,-0.03349555,0.08388801,-0.12273313,-0.0319205,0.23638270000000003,-0.1557334,-0.44872057,-0.073657796,-0.41969907,-0.07144186,-0.21859413,0.5396954,-0.08971303,-0.42933702,-0.14061351,-0.24850188,0.00674383,0.014379745,0.4756955,-0.060303077000000004,0.27126196,0.16466679,0.06388657,0.23319859999999998,-0.27359742,-0.025227467000000003,-0.33645058,-0.18149859,-0.17813176,-0.0205057,-0.22009538,-0.32307795,-0.21021166,0.20439224,0.16448210000000002,0.08776654,0.05288669,0.08640246,0.30759498,0.3010739,0.17029153,0.09039105,-0.08612673,-0.15755661,-0.10086321,0.48085347,0.19906192,-0.6406244000000001,0.0044361604,-0.040421757999999995,0.23596205,0.32785842,-0.42555429999999994,0.26892140000000003,-0.1517683,0.2635228,0.021885388,0.15619070000000002,-0.054589856,-0.06797689999999999,-0.29955867,-0.10862331,0.032763395,-0.2002344,-0.1475239,-0.10385962,0.2711553,-0.21133426,-0.15209062,-0.41492262,-0.10092422,-0.21874782,0.26407045,0.52422446,0.21156020000000003,0.19863144,0.3855515,-0.26799609999999996,0.24101204,0.5176577,0.0045003872,0.41492516,-0.05795418,-0.05925029,-0.18559371,0.044858713,-0.021681278999999998,0.24232163,0.023125642999999998,-0.19536617,-0.35305613,-0.031582217999999995,-0.1750507,0.048939057,-0.31670135,-0.03028669,-0.22634086,0.47853613,0.12727469,-0.031166095,0.40692806,0.29640704,-0.021938033,-0.09499359,0.43735895,0.114729956,-0.26693985,-0.2291089,-0.071937956,-0.35906705,0.0138290925,-0.07096065,-0.03993135,0.29093662,-0.015078986,0.28091127,0.37405795,0.21696138,-0.09774543,0.16195525,0.47075948,0.08556810000000001,-0.30316094,0.13932762,-0.16413476,-0.19930178,0.045230404,-0.38204679999999996,0.35379407,-0.10889132,-0.1273903,0.14187698,0.31760266,0.18552119,0.1425076,0.059598602,-0.9360245,-0.005405581,0.012000697,-0.1663146,0.040625926,0.20136692,0.06591451,-0.06646804,0.19839272,0.100189246,-0.20966074,-0.015854451999999998,0.013408318999999998,-0.14390455,-0.09850697,-0.2646635,0.09681508,-0.13035017,0.09970166,0.020770555,0.09894887,-0.239958,0.28512844,0.12818609,-0.033753953999999996,0.40061417,0.36679944,-0.067294665,0.16173361,0.22914763,-0.09340414400000001,0.23121701,0.28208938,-0.08778592,0.12196085,-0.13799508,0.16055450000000002,0.34917966,0.22552419,-0.10136839,0.03883589,0.14446221,-0.4400262,0.14600667,-0.03975721,1.0334994,0.12818235,-0.06375305,0.007057009300000001,0.041817546000000004,-0.13908236,-0.23225142,0.26737484,-0.010173438,-0.12988952,0.5206258,0.09214349999999999,-0.12180352,-0.01636691,-0.49303240000000004,-0.26973993,0.036238305,0.24045275,0.48181015,-0.0070759295,-0.37054482,0.15157099,0.09437546,0.21691045,-0.12656808,-0.29994047,-0.5148235999999999,-0.0008187939500000001,0.12469106,-0.17453809,-0.68798155,-0.17334662,-0.3203356,0.032796387,-0.018181605,0.063456625,-0.050072134000000004,0.47691140000000004,0.15616043,-0.28705508,-0.15324382,0.081374645,0.5610098000000001,0.3394225,-0.18202974,-0.5267741,0.33660862,-0.11704925,0.41062018,-0.24496132,0.23384546,0.40466875,0.06682489999999999,0.36766395,0.060408697000000004,0.29421636,0.19341932,0.014971836499999999,-0.025756842000000002,-0.29645646,-0.25469062,0.16872022,0.061415027999999997,0.010521387,-0.04391957,0.07435863,0.06488785,-0.20370187,-0.27524024,0.2610159,-0.23599842,-0.040404237999999995,-0.09956069,-0.09991916,-0.62887686,0.03185293,-0.007106618,0.31566718,0.2968807,0.057661585999999994,0.039629854,0.06466779,-0.5815076,-4.4882183,0.37249383,-0.23473719,-0.12803218,0.23992012,-0.42637953,0.31797376,0.028442156,-0.59636456,-0.03686252,-0.3170004,-0.1466675,0.23793596,0.18294363,-0.013480637,0.46283966,-0.45416915,0.039853964,-0.040908,0.4094468,-0.073156305,-0.16515628,0.31339920000000004,-0.09133892,0.44126505,0.24733162,-0.48314965,-0.16938736,-0.24804093,0.016858522,-0.13101701,-0.30453423,-0.25737664,-0.1722783,0.123988055,-0.32713413,-0.014704272,-0.86683285,-0.023219764,-0.051194712999999996,0.09610641,-0.22038046,0.15009327,0.27395007,0.42562330000000004,0.08001358,-0.072172664,-0.48216745,0.11693158,0.34334713,0.03282874,-0.024308464,0.064817145,-0.22314589999999998,0.06973519,0.2804955,0.4513318,0.27674282,-0.025326911,0.22411804,0.22592245,0.23899107,-0.25807175,-0.27057928,-0.4398652,-0.05345764,-0.34906274,-0.60776263,0.15428223,0.08288733,-0.20463465,0.22327252,-0.057489403,-0.8755228999999999,-0.15198539,0.053422055999999996,-0.42605743,0.13362096,0.43096456,0.19814482,-0.42733636,-0.2778965,-0.029004125,-0.31357083,-0.005057208,0.27141476,0.026403213,-0.38449490000000003,-0.08510344,-0.11629922,0.13062325,0.31893119999999997,0.083421685,-0.10508851,-0.38121158,-0.09706914,0.09765831,-0.03669774,0.24731413,-0.21127800000000002,0.2143871,-0.19701670000000002,0.27148548,-0.38578692,-0.052834436,-0.006544136999999999,-0.47018573,0.1681726,0.04228133,-0.1741019,0.3425747,-0.3800878,0.2421013,-0.3056502,-0.28008887,-0.49418736,0.093694665,0.32166746,0.14586471,-0.35203135,-0.07070667,0.45871532,-0.17529947,-0.5854616,-0.5375221,0.34152946,-0.047781102,-0.22062868,-0.3443054,-0.07182334,-0.11149749999999999,-0.3066792,-0.1349781,0.031692374,0.38850355,0.23234391,-0.20913679999999998,-0.24610882,-0.08646663,0.06264881,0.096190386,-0.1328014,-0.17982820000000002,0.14045104,0.46403772,-0.16147158,0.14194266,0.051649623,-0.006428023299999999,0.062678315,0.3812755,-0.09804401,0.13237005,-0.345819,-0.19157536,-0.042926705999999995,0.48213944,-0.30915424,-0.42011273,-0.24048276,0.26142985,-0.11492168,0.18596134,0.36500672,0.33491558,0.40362656,0.20374666,-0.21073233,0.005206172,0.17781352,-0.3519727,-0.103576474,-0.03475625,-0.29076877,-0.14400242,0.8175108,0.17525987,-0.26926893,-0.29688838,0.50814193,0.22805299,-0.376706,-0.06645129,-0.21058606,0.16974466,-0.2579885,-0.15358165,-0.37164825,-0.14289798,0.052179422,-0.6210026,0.40476316,0.01217333,-0.386826,-0.10689114,-0.38743576,0.40928164,-0.24372418,-0.036419194,0.32245799999999997,0.06680156,0.12232016,-0.16415411,-0.17791769,0.15000108,-0.18266071,0.26058114,0.080874614,-0.013798768999999999,0.044099427999999996,0.07667165,-0.60741216,-0.13737904,0.07066127,0.00709258,0.031426236,-0.20801254,0.1451454,-0.5707531,0.01119318,-0.027501035,-0.3079955,0.1252076,0.010687805,-0.43231726,0.17637642,-0.08899422,-0.31202838,0.10644077,0.18250924,0.11029689,-0.36846435,0.018924085,-0.04899913,0.27521914,-0.023402294,-0.29333952,0.0051519503,0.11430662,0.24196848,-0.30115667,-0.32696036,0.019169526,-0.29840866,0.06315781,0.18387593,0.069412746,0.21507554,-0.26743594,0.16078949,-0.041069116,0.051294558,-0.03055596,-0.79150736,0.2487038,-0.2570694,-0.112867095,0.27161074,-0.052722915999999995,0.14859964,-0.12211139,0.5560284000000001,-0.0024007638,-0.23271057,-0.047029663,0.016599251000000002,0.38306046,0.06408608,0.34105763,-0.33409736,0.021737106000000003,0.090220846,0.2711524,0.2131288,0.014003535,0.06182966,-0.41757905,-0.43969179999999997,0.45217820000000003,-0.27288967,-0.039478574,0.29801056,-0.11189522,-0.02244817,0.22555028,-0.049575005,-0.33118904,0.041996345,-0.20188628,0.29245052,0.41795164,-0.030567814,0.15986568,0.06974539,-0.09266179,0.3166452,-0.09125471,-0.20834152,-0.39740077,0.12891276,0.22278859,0.17651421,0.14916274,0.21469408,-0.094367534,-0.08302860000000001,-0.25990865,-0.5239307,-0.0050260862,0.21934049,-0.6864618,-0.5147912,0.19231126,0.5641178000000001,-0.16395468,0.0007453572500000001,0.08161556,-0.14359929999999999,-0.4309804,-0.05868336,0.17779779999999998,-0.18145892,0.6549709,0.20930275,0.45958152,0.0022692115,-0.4146084,-0.16569063,-0.122392006,0.44100636,0.072575174,0.37478933,-0.035588067,0.41059120000000005,-0.013488875,-0.052790567000000004,0.33846846,0.026092406000000002,-0.18685089,-0.0931225,-0.060380217,0.07723093,0.43308148,0.08147094,0.09367571,-0.09152405,0.055908892,0.31678426,0.23241815,0.22254425,0.026478946,0.5197371000000001,0.053293485,0.15163516,-0.32287496,0.09831532,0.017733383999999998,0.21075168,-0.082964286,0.0895599,-0.34121433,0.15773699,0.39036492,0.022528087999999998,-0.042544346,0.1450766,-0.12839057,-0.24048561,-0.33739325,0.12857172,0.18805403,0.3241915,-0.05952375,0.44163772,0.10940973,-0.14077231,0.069777764,-0.1757331,-0.25077910000000003,0.08790041,-0.6269159000000001,-0.16365321,-0.33275327,-0.34221056,-0.10896394400000001,-0.89429986,-0.11191953,-0.029507505,-0.17811124,-0.08010023,-0.15349442,-0.23389803,-0.08003525,-0.079071805,0.112572685,-0.18417676,0.3488901,0.05285666,0.34330195,0.11983254,0.43453509999999995,-0.44822347,-0.20084842,0.092235245,0.02306496,-0.050784095999999994,0.4135389,0.35795626,-0.60077643,0.09273723,0.13075645,0.3868669,-0.7737337,0.52297014,-0.18264124,-0.19377191,0.1093512,-0.038396638,-0.45030445,0.0621107,-0.027563393,-0.29608724,0.038928047,0.16920881,-0.14473303,0.1400043,-0.018987192,0.26638076,-0.09504513,0.20221457,0.18155399,0.52235305,-0.076942354,-0.022002745,0.016400242,0.12799197,0.12665538,-0.38031098,-0.15825866,0.04006878,0.47201195,0.2825002,0.07210099,0.16227981,-0.29233474,-0.5270153000000001,-0.19254465,-0.07962986,-0.31822374,-0.368258,-0.009056928,0.16474976,0.28008968,-0.14342442,0.17564847,0.16520433,0.010346083,-0.02112639,-0.25100338,0.25700572
58,15,0.058848202,0.021173064,0.56792057,-0.17220451,0.31470390000000004,-0.18187506,-0.09265146,0.23846896,0.18071182,-0.09865796,0.11749636,0.06714346,0.007061451999999999,0.25836864,-0.09162661400000001,0.27510893,-0.016326772,0.034902014,-0.21075924,0.06117917,0.19003895,-0.20269239,0.18745635,0.42075634,0.52705854,-0.07734512,0.1338396,-0.23620147,-0.2839837,-0.08850157,0.4928043,0.18922122,-0.054414973,-0.31049770000000004,-0.044441182,0.0057914546,-0.08324885,-0.04630528,-0.28438768,0.31728804,-0.40814948,-0.19238067,-0.08051038,0.047968946,-0.3573248,-0.3669886,0.17841022,-0.40772054,0.28880563,-0.10102042,-0.373056,0.05883718,-0.56895745,0.015395971999999999,0.18583031,0.71387464,-0.0150479805,-0.29462397,-0.7841868000000001,-0.11478224,0.67326343,-0.1563555,0.10417889,-0.21128473,0.19180317,-0.107253395,0.34022766,0.5712756999999999,-0.56477845,-0.044504105999999995,-0.3986112,0.13792975,-0.19424406,-0.038929313,-0.07537576,0.124922924,-0.34780140000000004,0.33665028,0.11102226400000001,-0.18750037,-0.03414437,0.23324643,-0.40852487,0.31165934,0.030149225,0.071729876,0.18736770000000003,-0.021846482999999996,-0.36925143,0.58557504,0.39845127,-0.10203346,-0.09184711400000001,-0.09366835,0.0989239,-0.09083039,0.0047751893,0.024939178,-0.07480612,0.46163818,0.23029546,-0.2536488,-0.118115395,-0.55506015,0.14884019,-0.13482709,-0.000488321,0.24494502,0.28728414,0.21112621,-0.03996242,-0.016835557,-0.22016647,-0.22818367,-0.16620634,-0.17751849,-0.14111866,0.035419777,0.22459261,0.22941849,-0.2510498,0.21182592,0.15429187,0.6613589,0.16076288,0.15556249,-0.14713489999999999,0.38703576,-0.08490378400000001,-0.25469303,0.030599043,-0.044624582,0.20763989,-0.33343887,-0.25072464,0.04843397,-0.12882738,-0.2939677,-0.35858825,-0.11268268,-0.10428293,-0.43004849999999994,0.28177476,0.26087478,0.17702948,0.103794694,-0.15949674,-0.25305814,-0.07778375,0.6229722,-0.013144032,-0.028988346,0.038353093,-0.29104713,-0.236262,-0.2544268,-0.014676756000000001,0.13573526,-0.4715588,0.26748154,0.66392714,-0.011007826,-0.06857999,0.23409617,0.36800793,0.027972652,0.18885215,0.16306792,-0.35883635,-0.10726237,-0.15721162,-0.27120414,1.0115131,-0.15707165,-0.057915058,0.048217975,0.023566927999999997,0.1451382,0.15644027,-0.19080806,-0.47208809999999995,0.44938532,0.0057711,-0.02219356,0.43113843,0.16059858,0.1868308,-0.07045534,0.5113367999999999,-0.00042243235,0.028090995,-0.36341003,-0.044305257,-0.27434456,0.10631239,-0.57785165,-0.019195791,-0.09290298,-0.17824753,-0.018347066000000002,0.16594326,-0.013192018500000001,0.29475188,0.12213626,-0.25558802,0.005290609,0.24453516,-0.1262439,0.065629706,0.41480863,-0.21621203,0.6000805,0.030081706,-0.24873027,-0.036068812,-0.059897672,0.24276033,-0.014863205,0.2827646,0.030795407,0.07444155,0.14022739,-0.31752518,0.28300637,-0.11383014,0.9168644,-0.16852437,-0.5043899000000001,0.040362872,0.48678908,-0.33906746,-0.24494441,0.6082605999999999,0.12394866,0.3046994,0.0439541,-0.23831117,-0.19754282,0.15533073,-0.007909892,-0.095381014,0.37501574,0.24898589,0.16692805,-0.093539916,0.06168463,-0.14443584,-0.27723673,-0.08652264,-0.24462312,-0.39867008,-0.50766873,-0.09323609,-0.54435736,-0.2821938,-0.25971586,-0.17640355,-0.28430504,-0.33518657,-0.10804102,0.2166663,0.11410907,0.03294179,0.12556568,-0.17598017,-0.46795523,-0.05147800599999999,0.27615076,0.35604020000000003,0.16188379,-0.04544981,-0.030007702999999997,-0.13759276,0.51728034,-0.20851226,0.0044349213,0.5565432,-0.005456924399999999,0.06462623,-0.22019297,0.24024504,0.38391653,-0.15856424,-0.017849252,0.22603343,-0.4791263,0.12099555,0.15864334,-0.026063249,-0.28963575,-0.18158206,0.11064746,-0.28825277,-0.52379954,0.44055247,0.09001373,-0.08701222,0.3067288,0.15830389,-0.23848026,-0.14071952,-0.030709865,0.29696295,0.21050113,-0.29353896,0.045449324000000006,-0.3806078,-0.467218,-4.345225,-0.15241165,-0.22418496,-0.3091723,0.3712072,-0.17567699,0.3442903,-0.0018630535,-0.34693813,-0.25598353,-0.14596833,-0.53505015,0.26616466,0.11864742,0.21784852,0.39987156,0.12374969,-0.10646669,-0.13470332,0.77310705,-0.18456393,-0.5864626000000001,0.17766471,-0.10431544,0.3844598,0.46119496,-0.44858357,-0.085384525,-0.44144958,-0.13820887,0.10453682,-0.052019175,0.23099388,0.16041611,0.103213094,0.021742292000000003,-0.15311860000000002,-0.19581279,-0.18539634,-0.35080904,-0.025111195,-0.40511957,-0.2110203,-0.13974306,0.8053745,-0.12059937400000001,-0.11335334,-0.0049798973,0.034566335,0.15451683,-0.033813506,0.23094998,-0.21263088,-0.31207890000000005,-0.36174809999999996,0.0517404,0.22558796,0.47618037,-0.17156357,-0.11926389,-0.007976025999999999,-0.12255327,-0.15969841,0.04131559,-0.04121194,-0.43440267,-0.12298931,-0.20801376,0.107967265,0.016405465,-0.00129607,0.28274699999999997,-0.111102775,-0.63166183,-0.42257252,0.0057599144,0.3335953,0.06622738,0.16196153,-0.16122305,-0.3236196,-0.35826406,0.04277184,-0.04532374,-0.18357089,-0.058073215,0.16834082,-0.11937260000000001,-0.4039474,-0.5970052,-0.15897596,-0.13479234,0.29415885,0.22871993,0.075340234,-0.0041453359999999995,0.414368,-0.45725846,0.11186396,-0.09807081,0.08925742,0.0540202,0.5368685000000001,-0.547797,-0.0016144176000000001,0.17012903,-0.31173912,0.06322062,-0.028296359,-0.13106878,0.41837397,-0.47139353,0.45767203,-0.21234967,-0.40039748,-0.027999887,0.0325902,0.22127039999999998,0.009570931999999999,0.011937538999999999,-0.044498824000000006,0.281868,-0.5821368,-0.58895123,-0.92784756,-0.05384921,-0.15958335,0.15566891,-0.2381428,0.21073219,-0.39455467,-0.26818833,-0.37881696,0.34715858,0.20726313,-0.05332053,0.123388685,-0.28096724,0.12019384,-0.23010770000000003,0.27149484,0.27583256,-0.03197522,0.06099017,-0.057004068,0.24078672,-0.08353982,-0.22037916,-0.13523184,0.04745964,0.02828244,-0.39181504,0.20854269,-0.57584006,-0.13706858,0.14911781,0.27954862,-0.05259019999999999,-0.20254387,-0.3617945,0.2901632,-0.049509164,0.10816839,0.16379799,0.16716805,0.50492024,0.010460834,-0.15465732,-0.009165196,0.055284272999999995,-0.35178968,0.006091421999999999,-0.109206274,-0.18823610000000002,-0.09984375,0.582958,0.057959800000000006,-0.31753036,-0.10897533599999999,0.2245367,-0.078406766,-0.101274535,-0.073300615,0.017109325,0.15592052,0.21154909,0.3906013,-0.21528736,-0.013939391,0.22643828,-0.5139452,0.52510095,-0.16054139,-0.114025734,-0.07281373,-0.046475395999999995,0.4560629,-0.29154727,0.08529833,0.43707183,0.5511623000000001,0.20791617,-0.29176290000000005,0.08685866,0.011320376000000002,-0.25586408,0.090737365,0.19994183,0.15390351,-0.03295532,-0.18176535,-0.42525718,-0.4004192,-0.14820674,0.038614165,-0.24653272,0.09888248,-0.045322254000000006,-0.36848903,0.245954,0.10750818,-0.12766089,0.14386384,0.09039937,-0.29356012,-0.30991933,0.13127379,0.054661233,-0.13502121,0.002177751,0.099601045,-0.6908407,0.055606067,0.31018397,-0.22643246,0.059043045999999995,-0.20208105,-0.36267683,0.04187229,-0.1755277,-0.4222687,0.17965655,0.041926827,-0.7019521,-0.09839327,0.3764881,-0.0993153,0.34425196,-0.054611914000000004,0.67661494,0.43125412,-0.027315494,0.030205335,-0.27759385,-0.041750327000000004,-0.25328487,-0.024794582000000003,-0.19273582,-0.32611632,0.07158908,-0.072501935,0.042688962000000004,-0.05958113,-0.059078794000000004,0.15042764,0.12024018,0.21292971,0.09269786,-0.031190918999999998,-0.48514193,0.10187577,0.014260173000000001,0.18037085,0.041485213,0.17304036,0.06890070400000001,-0.14712428,-0.21625356,0.5871664000000001,-0.35772026,0.06726745,0.10501796,0.24121489999999998,-0.0014362914,0.01381836,0.011832731,-0.18901584,0.13715304,-0.28785133,0.19416276,0.31923962,0.23338588,-0.3612758,-0.26086366,-0.12882262,0.2571218,0.65297484,-0.30912113,0.18458925,0.33024234,0.18363619,0.120877825,0.084299,0.40589407,-0.42952695,0.31798127,0.2326261,-0.35944632,0.23842223,0.14322186,-0.10763608,-0.5713869,0.43544775,0.46400399999999997,-0.11935486,-0.62600935,0.038079385,-0.28956953,-0.2466739,0.03666562,-0.09996437,-0.15483147,0.7924722,-0.26647463,0.048130315,0.027674683999999998,-0.21474695,0.06463931,0.23337893,0.3499085,0.103464305,0.4515857,-0.43003159999999996,0.48992088,-0.106675684,-0.07557874,-0.11220341,-0.038139034,-0.041560043,0.28660402,-0.20258957,0.27436993,0.36410543,0.29672673,0.07699989,0.22132501,-0.015469233999999998,-0.06689152,0.74279886,0.45280507,0.15749298,0.29729617,-0.11631881,-0.14108442,-0.010078717,0.5134039,0.03945709,0.17271797,-0.22374754,0.50630015,0.13910133,0.09463824,0.070449926,-0.26299015,-0.30547547,-0.07917608,0.17616673,-0.08807592,-0.25901282,0.06310748,-0.13152076,0.02147032,-0.4652585,-0.027507046,-0.21511035,0.19543648,0.028451697999999997,-0.16164398,0.045125462000000005,0.16271526,0.12382776,-0.08718559,-0.5940772,-0.27480504,-0.15621378,-0.7046423,0.06896285,0.09940523,-0.31809622,-0.26501942,0.06666903,-0.3222346,0.099290766,0.005897966700000001,-0.071960315,-0.22856696,0.32987204,0.025521336000000002,0.6757285,0.046169344,0.0026707181,-0.38091004,0.087685645,0.029046915,0.4859852,0.21004945,-0.20389502,0.38393822,-0.42267781,-0.06619498,0.061676472,0.40127593,-0.6021713000000001,0.23517913,0.13383515,0.04218126,-0.0077518313,0.29027992,-0.28293678,0.30406886,-0.34538364,-0.17625411,-0.010662956000000001,0.25362676,-0.26148360000000004,0.07286021,-0.06157883,0.25083920000000004,-0.08716222,0.14969806,-0.11716559,0.34922332,0.11638208,0.13195764,-0.1454535,-0.25025177,-0.0654375,-0.08614904400000001,-0.120496765,0.14486869,0.16304381,0.22447129999999998,-0.11721486,0.23014347,0.29758957,-0.1945274,-0.08683695,-0.31474295,-0.48506194,-0.443382,0.07902911,0.11019079,0.14924586,-0.31864467,-0.12906869999999998,0.10054608400000001,-0.302496,-0.27270323,0.3447852,-0.05050343
59,1,-0.17465687,0.018891735,0.30380103,-0.06437058,0.08165823,-0.22856422,-0.15897031,0.68888944,0.020853005,-0.3387349,0.20186491,-0.25736198,-0.01665726,0.25807935,-0.042946033,0.47837406,-0.15961605,-0.119504884,-0.111395545,0.33559653,0.23269042,-0.15779388,-0.088466875,0.4676142,0.52471846,-0.21222310000000003,-0.062004697000000004,-0.12155229599999999,-0.26604253,-0.03590887,0.5221657000000001,0.11402818599999999,-0.056981612,-0.032019567,0.42984244,0.18495399,-0.1692537,-0.023375504,-0.23762602,0.25465748,-0.6491754,-0.1372345,0.09435411,-0.1353944,-0.23681478,-0.387953,0.33484554,-0.26042694,0.20577659,-0.24396645,-0.44899818,0.18000999,-0.33008394,-0.22678788,0.08537158,0.64285403,-0.27234325,-0.3709967,-0.82815635,0.02081806,0.33887032,-0.23556432,-0.06820801,-0.33708665,0.35246035,0.08963539,0.058962874000000005,0.3540977,-0.6730686,-0.21338858,-0.42056520000000003,0.043741527999999995,-0.31512856,0.28347337,-0.19832455,0.090403624,-0.06532187,0.33125752,0.062119104,-0.12766826,-0.27188227,0.29845354,-0.47250184,0.45427793,0.08794902,0.40779313,-0.037036985,0.08151881,-0.17546792,0.7476275,0.46188009999999996,-0.49906358,-0.1666381,-0.16902092,0.11855693,-0.07223257400000001,0.44152233,0.15251881,-0.26586965,0.5333724,0.26119617,-0.27340096,0.026196467,-0.37177659999999996,0.10437985,-0.024530781,0.009424545999999999,0.19501400000000002,0.38922733,0.2630131,0.21399431,-0.060388044,-0.23222697,-0.2546061,-0.14573276,-0.086565256,0.013711201999999999,-0.059449937,0.19453846,0.19120689999999999,0.024411858999999998,-0.021193286000000002,0.05953213,0.7211911999999999,0.15199696,-0.06796052,-0.18165816,0.4111628,-0.26558927,-0.3160226,0.08716752400000001,0.18184054,0.024516925,-0.68483263,-0.42075595,0.21540053,-0.0019185392000000002,-0.35495293,-0.46583968,0.16092406,0.06287519999999999,-0.19124141,0.5453578,-0.042025976,0.028043222000000003,0.24897851,-0.24230672,-0.2761095,-0.33585194,0.26963696,0.107032016,-0.22831823,0.068314254,-0.21942632,-0.10969555,-0.15660311,-0.17833003,0.2695194,-0.24057862,0.04245042,0.36927027,-0.032644376,0.07719086,0.34360135,0.29520887,0.17780371,0.0592755,0.26263452,-0.12356367,0.012309617,-0.045941517,0.032903135,0.8053351,-0.22417131,0.05242333,-0.081387825,0.31792152,0.08376672,0.12071256,-0.099079475,-0.48205975,0.20576505,-0.05513282,0.06666382400000001,0.23540129,-0.111262776,0.012180945,-0.21353795,0.24482489,-0.05918606,-0.44078004,-0.1121951,-0.11646763,-0.24825913,0.22416739,-0.4445447,0.030395329,-0.061146703,-0.45529935,0.121387154,0.23210171,0.022412049,0.2052441,0.11809990599999999,0.036347594,-0.21142750000000002,0.30875304,-0.07261089999999999,0.07631323,0.28982670000000005,-0.02041717,0.44164628,0.018245194,0.04196263,-0.003641381,-0.08699581,0.26061565,-0.32390472,0.30096582,-0.19951229999999998,0.016299928,0.26558977,-0.1826914,0.29555342,0.14647129,0.63504523,-0.16874021,-0.62644213,0.07629108400000001,0.33146265,-0.0659957,-0.43938184,0.6612114,-0.15116575,-0.08059772,-0.0047657737,-0.5010265,-0.4027226,0.06003425,-0.18222545,-0.026053531,0.22294569,0.09229034,0.23046789,0.0806283,0.03380025,-0.20850837,-0.09696056,0.08521562,-0.04841356,-0.5773838000000001,-0.3588341,0.07551462,-0.5722709,-0.3006727,-0.32954532,-0.23048924,-0.37164462,-0.10443706,0.15572917,0.6034939,0.25569448,-0.16510235,0.046173665999999995,-0.27927834,-0.33836097,-0.059964735,0.18377551,0.10066841,0.09990360599999999,0.07430246,-0.053267136,-0.117662534,0.6564506999999999,-0.045001242000000004,-0.011072157,0.22277996,0.06517027,0.12216623,-0.077907085,0.3789006,0.28440857,-0.33703268,0.23923801,-0.17676570000000003,-0.23350927,0.066599354,0.41995317,-0.30075446,-0.25392523,-0.18195331,-0.16416486,-0.49526095,-0.30296725,0.6205467,-0.018061599999999997,-0.07395624,0.09908962,0.16518131,-0.24950825,-0.13805479999999998,0.12462192,0.53227085,0.2039356,-0.21501458,0.09740123,-0.25427088,-0.35629642,-3.8070261,-0.058494173,0.087530345,-0.5203589,0.27790877,0.078509115,0.0070251524,-0.1884585,-0.36223906,-0.42018953,0.011187273999999999,-0.26153606,0.07203785,0.031227262999999998,0.36420086,0.23233719,0.16733967,-0.23268065,-0.09519474,0.6836615,-0.043402437,-0.32870847,0.29436209999999996,-0.22260518,0.4078591,0.42251557,-0.3737787,-0.110055424,-0.1664994,-0.109507546,0.29140335,-0.12384961,0.14196934,0.27077013,0.038200587,-0.14867634,-0.031479463,-0.56028455,-0.28704864,-0.44369309999999995,-0.01032317,-0.6378680999999999,-0.101958826,-0.17059341,0.84268993,-0.1365385,-0.07144128,-0.07793093,-0.14990683,0.33548429999999996,0.2337432,0.06008789,-0.3450895,-0.47203338,-0.26517782,0.35880664,0.45533654,0.6287103,-0.13738598,-0.2748555,-0.06758449,-0.22231922,-0.45938015,-0.05451133,-0.028425176,-0.23613872,-0.17834364,0.10570191,0.13905507,-0.19840924,0.06456545,0.40554255,-0.35984734,-0.47348922,-0.16339014,-0.0041074967,0.052062158,-0.10508394,0.32476953,-0.12938024,-0.12267516,-0.32132143,0.19338174,-0.16510887,-0.11290802,-0.05308501400000001,0.16727223,-0.18127295,-0.38061702,-0.7773401999999999,0.15644921,0.038799099999999996,0.33770156,0.26620759999999993,0.3268882,-0.20124148,0.43087378,-0.25966024,-0.02686223,-0.36961120000000003,-0.050069064,0.16886118,0.48837158,-0.23124191,0.14590952,-0.009113419000000001,-0.33375606,0.14113478,0.09295506,0.08199615,0.57828903,-0.53040576,0.6536345,-0.24108742,-0.43347538,-0.09411735,0.28511465,0.23932679,-0.03530364,-0.26779604,-0.091770075,0.38201612,-0.45912457,-0.29733035,-0.87872016,-0.08558954,-0.3185781,0.12665245,-0.18761129999999998,0.24106777,-0.12500378,-0.07531352,-0.38363576,0.5399014,0.15143181,0.1007103,0.30673268,-0.6484723000000001,-0.03675428,0.09119883,0.08184454599999999,0.37236235,-0.043812625,0.04986084,-0.26811782,0.34803134,-0.17392138,0.08212754,-0.18440591,0.17666447,-0.14861949,-0.24554724,-0.20063496,-0.44807082,0.10441335,0.33293918,0.20821443,-0.07193751,0.15082917,-0.57313794,0.22947295,0.25099984,0.17846675,0.31824148,0.11536248,0.60485387,0.04967817,-0.2546038,-0.09402722,0.014865452,-0.6559379,0.0049400953999999995,-0.28860614,-0.42045805,0.022727632999999997,0.51663965,-0.041877404,-0.13814197,-0.15338309,0.21781796,0.09075102,-0.21124603,-0.13347548,0.014596058,0.19549063,0.03866046,0.14574349,-0.19072743,-0.0020562692,0.09188694,-0.50485986,0.54155624,0.0030711016,0.06447078,-0.14513966,0.021170143,0.34711447,-0.41824582,-0.002730756,0.03942576,0.37378293,-0.12115984,-0.02860082,0.32840425,-0.1607569,-0.004942561,0.07468511,0.10290542,-0.072397515,0.09157001,-0.25153515,-0.390392,-0.41770306,0.029092217000000004,0.07949195,-0.4278349,-0.03334259,-0.07532319400000001,-0.47032005,0.35688612,-0.07930083,0.0292981,0.35555407,0.097609535,-0.31517990000000007,-0.26827252,0.21595669,0.10296933,-0.06592416,-0.11723620400000001,-0.25458324,-0.92064375,-0.023467705,0.33191448,-0.17426513,0.37706167,-0.10737847,-0.38024384,0.23124169,0.028145172000000003,-0.1994672,0.23293525,0.11933507,-0.48847446,-0.051073097000000005,0.24609593,-0.12962574,0.45946506,-0.21433681,0.7257710999999999,0.26524848,0.20639473,0.0070702564,-0.48237455,0.19581985,-0.35971686,-0.41684836,-0.15196869,-0.41277242,-0.07454284,0.023161393,-0.38701656,-0.1873632,-0.057041854,0.19616291,0.18801749,0.07831278400000001,0.15774223,0.13761576,-0.62145877,-0.05589866,0.008889408,0.17092064,-0.29348907,0.08235548,-0.0076147113,-0.09625216,-0.61139286,0.5893982,-0.3809066,-0.24551421,0.062994905,0.20730355,-0.27224213,0.2241605,-0.25758764,-0.18742584,0.22086653,-0.30839759999999994,0.046430577,0.36315194,0.17561488,-0.33422512,-0.017275695,-0.16397873,0.14598797,0.744047,-0.18303923,0.10754238,0.36911252,0.10767125,-0.09773388,0.29739004,0.22026971,-0.30293027,0.41772208,-0.06628039,-0.55535644,0.26336372,0.06801932,-0.31805015,-0.28108028,0.6826018,0.44026896,-0.3753371,-0.44734138,-0.0014397716,-0.43257263,-0.24595651,0.077650376,0.086735755,-0.20102504,0.5429547,-0.19671775,0.1202603,0.21066402,-0.19734783,0.018029444,0.0928132,0.16632105,-0.22749564,0.5832924,-0.5292766,0.4829308,-0.05852673,0.0014739067000000001,-0.017230704,-0.27706432,0.2075962,0.23952541,-0.043380327999999996,0.18999277,0.47112867,0.33079466,0.34792838,0.11559617,0.09895921,-0.07059563,0.5608562,0.45594007,0.21329282,0.6575095999999999,-0.16753227,-0.23213604,0.039561894,0.5148289,0.022856667999999997,0.36404866,-0.19927083,0.73823214,0.17194308,0.16207676,0.42002929999999994,-0.2998558,-0.4764732,0.0025798170000000003,0.1875185,-0.35368806,-0.1573076,-0.010712303000000001,-0.018195786000000002,0.13472313,-0.28405505,-0.30939496,-0.37666264,0.34496266,0.1801816,-0.07601218,0.05126133,0.10975437,0.062040254,-0.14752564,-0.56227475,-0.32498908,-0.28010774,-0.6873203,-0.057332645999999994,-0.05682086,-0.26702744,-0.19609185,0.06897935,-0.09490861,0.22080457,-0.098377086,-0.010204346,-0.22480689,0.302579,0.23891112,0.4798322,0.21600857,0.06027027,-0.14610921,-0.089002274,0.35784429999999995,0.4048495,0.14073849,-0.011010621000000002,0.43147174,-0.39391702,-0.054358203,0.020886097,0.3517345,-0.65104926,0.18007253,-0.11802548,-0.06412083,0.064903475,0.29337084,-0.16502783,0.13771659,-0.33146352,-0.1905838,0.022427722999999997,0.28590783,-0.31306540000000005,0.10869045,0.18587886,0.32203832,-0.17986748,-0.08549142,0.108658135,0.25831133,0.15980119,-0.10004392,-0.15757005,-0.28510016,-0.33987870000000003,0.0618726,-0.15883678,0.29363024,0.33587209999999995,0.25243938,-0.10175903,-0.36769778,0.7639011,-0.2558536,-0.055128615,-0.2659741,-0.36747277,-0.37857115,-0.11881179,-0.09151099,0.15608148,-0.36326240000000004,-0.0018630894,-0.15692206,-0.08725702,-0.27083573,0.24687776,-0.032484877999999995
60,2,0.06667841,0.1354858,0.33004776,-0.18559103,0.17493647,-0.11005546,-0.0675651,0.3527087,0.01619379,-0.12500003,-0.11150941,-0.12231068,-0.05372067,0.23355749,-0.018637687,0.31912565,-0.05777299,-0.021486305,-0.17841761,-0.078672245,0.14774199,-0.110953,0.18462004,0.15046896,0.43159732,0.028031063999999998,0.082832,-0.15972598,-0.13207148,0.00929156,0.4837026,0.37680948,-0.15777919,-0.043601707,-0.005149227,-0.03917516,-0.15214631,0.023975879,-0.15952526,0.21816693,-0.44674528,-0.28332886,0.048658325999999995,0.1385662,-0.40450123,-0.29461303,-0.038854767000000005,-0.20608719,0.29689392,-0.10801591,-0.31941122,0.20876071,-0.45308402,-0.23111024,-0.0073506674,0.63610893,0.013265114,-0.50060356,-0.313685,-0.12320716,0.42437786,-0.21813470000000001,0.06780337,0.028160788,0.22715656,0.09709856,-0.08013514,0.46043098,-0.5371594,-0.039885513,-0.18776628,0.060673527000000005,-0.077621356,-0.009191531999999999,-0.16940211,0.07386694,-0.2516586,0.3142563,0.047299504000000006,-0.19612531,-0.036298394,0.35194594,-0.22402126,0.5182548,0.24597989,0.2347986,0.17458245,0.095543936,-0.26162579999999996,0.34793547,0.41113737,-0.19424275,-0.12073964599999999,0.06997102,-0.01344247,-0.06246627,-0.040973216,-0.06555445,-0.08565019,0.2705464,-0.028760895,-0.18319812,0.04591385,-0.37087393,-0.23948602,-0.040034417,0.19617146,-0.0157785,0.080381975,0.04478062,0.070861526,-0.1409755,-0.14422446,-0.1001985,-0.114788115,0.13083073,0.1882644,0.2130391,0.2784488,0.20025933,-0.13078003,0.10754769,-0.07436904,0.58802116,0.14394967,0.16061424,-0.17809245,0.20127611,-0.10023669,-0.16832307,0.073978744,0.2466424,-0.025659384,-0.42855147,-0.40361103,0.18892157,-0.15365052,-0.22990525,-0.22851346,-0.028237505,0.12865408,-0.15744196,0.39855219999999997,-0.06632903,0.07170725,0.23432122,-0.087390885,-0.07331321,0.129901,0.24096157,-0.07928469,-0.1981261,-0.023821192,-0.10019408,-0.19348456,-0.29609632,0.08035973,0.22067937,-0.21446767,0.10038367,0.3573165,-0.009172692,0.22276823,0.26867744,0.39448458,-0.08823776,0.09106043,0.012475558999999999,-0.4423207,-0.030211842000000003,-0.03287777,-0.35934243,0.7185369,-0.33224028,0.16122222,0.18672270000000002,0.21956660000000003,0.13427582,0.23754153,0.13342269,-0.57414263,0.13720223,-0.045559797,-0.07041702400000001,0.49359787,0.019594919,-0.110274605,-0.22513849,0.4586365,0.06989796,-0.57459164,-0.32826534,-0.05646951,-0.13059768,0.15381229999999999,-0.60634774,0.11358230000000001,-0.16894709,-0.10214730000000001,0.05539557,0.121660195,-0.04319405,0.20706174,0.14546089,-0.29997763,0.27202633,0.28823838,-0.059861597,-0.13646914,0.21420106,0.06543402,0.49145806,0.1258906,-0.08413313,0.072671995,-0.054970793,0.39562282,-0.1202248,0.028027,0.17462908,0.24048772,-0.076786235,-0.05400522,0.35832345,-0.06505935,0.8771555,0.16994514,-0.53306973,0.09626858,0.30821234,-0.12222350400000001,-0.37589335,0.33967027,-0.078195944,0.07005963,0.30599707,-0.47973186,-0.35905278,-0.08666948,-0.1924162,-0.14195561,0.17272004,-0.018737214,0.21302454,-0.12905988,-0.032348,0.044794463,-0.14543681,-0.09994239,-0.06769163,-0.49710903,-0.41315147,0.016703952,-0.27603576,-0.11438214,-0.049795236,-0.13205115,-0.24580835,-0.21638303,-0.103127524,0.17111316,0.12501538,0.25132835,0.12792876,-0.1660661,-0.34321624,-0.10844541,0.1526652,0.28057635,0.043932274,-0.077112,0.130944,-0.010436446,0.53198606,-0.27955684,-0.038308695,0.44516718,0.11428762,0.14652745,-0.06144276,0.18305263,0.38902324,-0.20188648,-0.06139516,0.14546223,-0.24798168,-0.07738388,0.1946595,-0.11398073,-0.29731396,0.060373947000000004,0.13808173,-0.22062870000000004,-0.26943547,0.6492116,0.07398183,0.008846308,0.22274815,0.24797262,-0.1368646,0.046930227000000005,0.16531469,0.21090351,0.20249939,-0.18180479,0.17526224,-0.18336087,-0.19936943,-4.745518,0.017160492,0.16242148,-0.50904626,0.42818436,-0.2259708,0.43524706,0.020224686999999998,-0.27016762,-0.28565517,0.038221035,-0.14764660000000002,0.14544672,-0.00601492,0.042186636,0.47118940000000004,0.05403955,0.019513033,-0.04168755,0.36017382,-0.07647067,-0.1556322,0.16298217,-0.03644703,0.2266494,0.0496876,-0.17092569,0.07287782,-0.30566420000000005,-0.09163415400000001,0.14594501,-0.14603524,-0.042965453,0.50842285,-0.052772895,-0.12495360000000001,0.09663294,-0.35386977,-0.36468747,-0.20386389,0.11381548,-0.15989465,-0.059271116,-0.033803112999999996,0.5950326,-0.24975689,0.05347018,-0.0629916,0.21933444,-0.00853744,-0.031975883999999996,0.19951208,-0.066187516,-0.16947316,-0.100974336,0.15190333,0.09301675,0.602582,-0.092599995,-0.062129427,0.26426384,0.14869720000000003,-0.33857647,-0.15741467,-0.08504469,-0.36320576,-0.40855858,-0.22489227,0.04034324,0.08801562,-0.17831784,0.23111755,-0.09739466,-0.66815996,-0.23694263,-0.04033941,0.11022429,0.046346605,0.3916261,-0.13959466,-0.21210186,-0.16096596,0.057232122999999996,-0.14352279999999998,-0.13012502,-0.12300935,0.04861358,-0.16543114,-0.34666005,-0.30296966,-0.047899943,0.08932496599999999,0.15514722,0.15108441,-0.01090092,0.018776783999999998,0.26835904,-0.19974472,0.07512768,-0.18733913,0.35576740000000007,0.028788205,0.32477516,-0.49133879999999996,-0.18328336,0.10826240000000001,-0.297153,0.29390544,0.075526915,-0.185547,0.1813135,-0.48363653,0.20123614,-0.10289414,-0.2518684,-0.23678614,0.00485692,0.17602737,0.20071585,-0.31138435,-0.15803678,0.5228991,-0.38096842,-0.46376768,-1.1527180000000001,0.0070260819999999995,-0.09315007,0.11139743,-0.27572870000000005,-0.034879066,-0.17405337,-0.28419298,-0.14793016,0.26165605,0.25203604,0.09764002,0.19920506,-0.03857553,-0.1428672,0.007918624,0.028577002,0.13336508,-0.022968152999999998,0.123589054,0.07817518,-0.009948031,-0.06250157,0.086041324,-0.0014620495000000002,0.06258348,-0.0682372,-0.33151048,0.2757381,-0.20779423,0.018227203,0.24297091,0.31281975,-0.14704013,-0.18569483,-0.41738567,0.38625458,0.19714247,-0.12214633,0.13665773,0.30006474,0.30152386,0.03126369,-0.21914382,-0.034577854,0.10668062,-0.4171161,0.10463043,-0.0952712,-0.32968822,-0.004601869000000001,0.5295356,0.069052815,-0.25334525,-0.28055185,-0.035391998,0.10081233,-0.015461711999999999,-0.22855079,0.17472164,0.30010992,0.024585727999999998,-0.042946532,-0.20320179,0.04733809,0.109270774,-0.25142524,0.3780038,0.098901354,-0.09871041,-0.17182505,-0.063295804,0.3547114,-0.23675418,0.004469572,0.18747015,0.42208797,0.26124442,-0.07928014,0.18820766,-0.09248929,-0.15022416,0.041816532999999996,-0.006337659399999999,-0.029409512999999998,0.016360097,-0.120071076,-0.5656635,-0.48831236,-0.005851340500000001,0.23272718,-0.25288299999999997,-0.31258473,-0.075635925,-0.29686224,0.24769431,0.097324625,-0.08196369,0.07214497,0.12724508,-0.34933665,-0.03713666,-0.13725114,-0.056586534,0.16963363,0.0088307625,-0.21176483,-0.6601684,0.09209469,0.23593466,-0.26041129999999996,0.057174567,-0.32621676,-0.12217930000000002,-0.086410575,-0.10750769,-0.5497732,0.0077316603,-0.09249798,-0.6334966999999999,-0.14274715,0.12219862,0.08414830000000001,0.3503426,-0.27600253,0.38788238,0.32809743,0.10907834,0.02871598,-0.38420290000000007,0.044023495,-0.1959253,-0.063009754,-0.29365979999999997,-0.3916725,0.0045379777,-0.054159984,-0.025843843999999998,-0.07828733,0.06466139,0.06283218,0.21526337,0.18956734,0.0322916,0.24966174,-0.46367842,-0.22116342,-0.036561802000000004,0.30319,0.08909674,0.19839051,-0.10180542,-0.10381402,-0.31876656,0.17794379999999999,-0.22900863,-0.22356826,-0.04848095400000001,0.07190426400000001,-0.021308683,0.14141979999999998,-0.23823822,-0.14602542,-0.013420413,-0.24175416,-0.0055474159999999995,0.42511368,0.042908166,-0.27698103,-0.046550468,-0.11031358,0.16671206,0.25977635,-0.20267706,0.15150204,0.09329814,-0.14438367,0.04725876,0.40512103,0.3428231,-0.09172004,0.2879566,0.06295611,-0.49184036,-0.00527194,0.085851505,-0.42897424,-0.4597924,0.5345054,0.48852637,-0.2716515,-0.35201046,0.21160921,-0.27857488,-0.23559758,0.017800387,-0.08132095,0.11120774,0.6721520000000001,-0.10016255,0.086341105,0.083552316,-0.3039888,-0.01680877,0.08287353,0.38226609999999994,0.021111882999999998,0.37877172,-0.09890708,0.4491637,-0.071178794,0.21139966,-0.04874308,-0.29157653,-0.043967858,0.27405256,0.0174941,-0.0009292866000000001,0.26646596,0.08548838,0.17232212,0.034359152999999996,0.19883227,-0.06968579,0.47117043,0.36632398,0.20221806,0.41393694,-0.14923012,-0.16262366,-0.21919793,0.58611894,0.0202017,0.20243993,-0.04477632,0.37340559999999995,0.10233244,0.058598436,0.27795222,-0.2599353,-0.35107222,-0.05280992,0.18000203,-0.3405272,-0.048891988,-0.040690813,-0.118257985,-0.03460776,-0.20734629999999998,0.10301304,-0.18797669,0.19692893,0.077002995,-0.10935252,0.034070223999999996,0.25991327,-0.049191963,-0.16599087,-0.4065202,-0.15000667,-0.15117826,-0.7553205,-0.19039908,0.09224627,-0.33099455,-0.26738596,-0.11388451,-0.13835937,0.14032109,-0.046785597000000005,0.14253423,-0.2422618,0.13520017,0.2941664,0.42629838,0.1350336,0.07743977,-0.35106328,-0.1546524,0.10575634,0.47829259999999996,0.10564534,-0.05889795,0.41153046,-0.44252107,-0.01937604,0.22970523,0.23330003,-0.66776496,0.27433097,0.05636719,0.06740763,0.052140492999999996,0.17179605,-0.5351935,0.3345897,-0.32379737,-0.16060847,0.20751585,0.0004754252,-0.37449652,0.37624270000000004,0.07059051,0.42243868,-0.015014282,0.16061562,0.041987027999999996,0.05055836,-0.09660468,0.214383,-0.29332548,-0.32316422,-0.17775188,0.060573194000000004,-0.07049271,0.17650542,0.07821391,0.14000177,0.11838167,0.18035732,0.221077,-0.26614198,-0.06585814,-0.17073745,-0.44489140000000005,-0.4007127,-0.032539036,-0.064713016,-0.1735235,-0.11325318,0.19386367,0.11121219,-0.22280888,-0.26480549999999997,0.056828413,-0.039633736
61,15,-0.028413227000000003,0.07538788,0.35402203,0.04430469,0.25110033,-0.13006768,0.06630261,0.6188345999999999,-0.057161245,-0.33525429999999995,0.20792659,-0.22023968,-0.01752925,0.27539158,-0.013342365,0.42915037,0.034821436000000004,-0.030553985,-0.16651025,0.1981287,0.25013402,-0.10959245,0.24818979999999996,0.36329174,0.38887027,0.023327942999999997,-0.027154526000000002,-0.023357678,-0.2678973,-0.16828947,0.39780825,0.037996367,-0.16327292,-0.10837267,0.27074313,0.04841233,-0.39290896,-0.026381758999999998,-0.15006818,0.06238941,-0.57826585,-0.25486020000000004,-0.1801563,0.050617807,-0.38275329999999996,-0.34995356,0.11716383,-0.11886744,0.017997516,-0.21278216,-0.3102397,0.10761662599999999,-0.29226086,-0.12112065400000001,0.060984164,0.70803046,-0.16623943,-0.4831641,-0.52621984,-0.0968212,0.26256478,-0.21835786,-0.09759505,-0.23837969,0.25553328,-0.0010234304,0.17190862,0.608695,-0.7673272,-0.27170855,-0.4729784000000001,0.07795247400000001,-0.10251275,0.13370165,-0.030793274,-0.08349787,-0.21969496,0.09923443,-0.09299753599999999,0.066335626,-0.24680752,0.31649256,-0.38396603,0.2277757,0.23115408,0.21739556,-0.0040813787,0.04529362,-0.19277017,0.6676846,0.45011490000000004,-0.43580163,-0.008220716,-0.06156841,0.08212298,-0.117653385,0.06955302,0.0103303725,0.02020936,0.43901995,0.239209,-0.30620956,-0.15376067,-0.49635630000000003,-0.16025186,-0.023366634,0.13611116,0.07156717,0.08729260400000001,0.07434310000000001,-0.07545750000000001,0.13037552,-0.23511069,-0.21347311,-0.15219015,-0.25724557,0.064789996,0.036716282,0.12081984,0.11124849999999999,0.033088952000000005,0.121251166,0.14795946,0.5651976,0.07904116,-0.16866645,-0.10571353,0.27141094,-0.07565654,-0.1681201,0.08779752,0.22829524,0.23342296,-0.28304085,-0.32890666,0.047932907999999996,0.01804054,-0.13965537,-0.4423192,-0.13035850000000002,-0.08065478,-0.12786889,0.36947129999999995,-0.029400516,0.069629,0.10194843,-0.017650861,-0.11745829,-0.1528255,0.3312901,0.09984431,-0.091883115,0.023232011,-0.32277042,-0.06380611,-0.31996983,0.0078270435,0.15223837,-0.11219745,0.17600401,0.3805986,0.009005012,0.06329255,0.38963076,0.34781757,0.10713736,0.19650675,0.32071722,-0.123383015,0.095665544,-0.18950242,-0.015528166999999999,0.81025916,-0.18052442,0.005691086,-0.0035772528000000002,0.31176620000000005,0.12914844,0.23331444,0.08024752,-0.64889663,0.19874313,0.14760512,-0.11338430000000001,0.25770617,-0.054172095,0.12085800599999999,-0.19641593,0.25669286,0.21830884,-0.36398205,-0.007144844,0.15847914,-0.29692215,0.22601849,-0.50569695,-0.05852153,0.11444681,-0.29825327,0.056698427,0.1767415,-0.016923016000000003,0.010078594,0.15638481,-0.21206784,0.033436852999999996,0.21639928,-0.12359378,-0.041851982,0.42582417,-0.13793752,0.37928888,-0.20692505,0.060109906,-0.07800101,-0.081649005,0.024190972,-0.28677127,0.08956008,0.051487282,0.113233924,-0.044102333,-0.23047368,0.26496420000000004,-0.034863904,0.70354986,0.10042241,-0.36355945,0.16131063,0.33572733,-0.24044172,-0.3453947,0.5684491999999999,-0.2665097,0.08888074,0.13828298,-0.40711108,-0.38255578,0.10379033,-0.06806661,-0.23321089,0.3787643,-0.08197823,0.10495187,0.08734081,0.13551873,-0.0870138,-0.1916672,-0.058480076,-0.3321638,-0.67442936,-0.35196459999999996,-0.07533168,-0.5883851,-0.15345456,-0.42906645,-0.33219640000000006,-0.14630558,-0.2571439,-0.09443693,0.50607866,0.21617085,-0.008216236,0.1453895,-0.28770506,-0.4446813,-0.082771055,0.017300671,0.15415856,0.09871698,0.0061451634,-0.17873502,-0.13888536,0.68744445,-0.27461377,-0.06001621,0.21110097,0.038350873,-0.026118497999999997,-0.31724109999999994,0.31455293,0.56940645,-0.2728536,0.2896371,-0.12517661,-0.15635179,0.1339207,0.19677918,-0.012081798999999999,-0.41063735,-0.057389802999999996,-0.2077031,-0.37719709999999995,-0.0941213,0.39619777,0.05310309,-0.1525098,0.14109631,0.15421878,-0.09546949,0.09341421,-0.04644435,0.21509084,0.33972800000000003,-0.337947,0.1540571,-0.21913357,-0.23854391,-3.8626727999999995,-0.006348228000000001,-0.13253793,-0.2697929,0.31781375,-0.006378864000000001,0.18816939,-0.03805374,-0.371454,-0.23589122,-0.14497012,-0.26527873,0.09534278,-0.1650034,0.043322623,0.30351713,0.26958683,-0.16091533,-0.18663292,0.5421552,-0.18763797,-0.4311554,0.22375877,0.09358976,0.29978442,0.27909663,-0.19607285,-0.046766147,-0.26505715,-0.022533271,0.200801,-0.06383465,0.21090515,0.2113397,0.07650699,0.012048742,0.014582409499999999,-0.24613744,-0.13893954,-0.41538498,0.18623653,-0.42112955,-0.065366685,-0.17041005,0.7085781,-0.10859551,-0.058234684,-0.09481619,0.074947365,0.16643097,-0.023330009,0.016513627,-0.45059547,-0.32888959999999995,-0.17413749,0.07165034,0.14403464,0.7330265,-0.22508237,-0.15224862,0.02394643,-0.041589465,-0.3207085,0.038902547,-0.10045841,-0.13465929999999998,-0.3966119,-0.1525228,0.21387187,0.11257236,0.13061263,0.45581913,-0.18481699,-0.6846694000000001,-0.1834979,-0.0074001922999999995,-0.0013677238,-0.12056829,0.14253339999999998,-0.011647473,-0.21645197,-0.30205572,0.05247363,-0.21806575,-0.12010552,-0.26688445,0.20845029,-0.13897805,-0.45551893,-0.5551326,0.016277865,0.16298185,0.43366152,0.20700918,0.15943609,-0.23312558,0.39356333,-0.12886612,0.06927878400000001,-0.24116999,0.21946032,0.0160262,0.53294444,-0.23905575,-0.00024113213,0.057845876,-0.10352082,0.10198503,0.07648393,-0.09627803,0.2781946,-0.4749795,0.34025368,-0.15010591,-0.33539256,-0.21063520000000002,0.2580352,0.34757814,-0.012957176,-0.23010688,-0.19465096,0.6529031999999999,-0.42694524,-0.32824390000000003,-0.827708,-0.1052825,-0.0882866,0.20988157,-0.1826795,0.14764708,0.0057646830000000005,-0.19288644,-0.45235756,0.18184981,0.19561420000000002,0.026997093,0.33634794,-0.21683799,-0.008236616,0.15530734,0.103861146,0.27851525,0.013335355,-0.032960567999999996,-0.19704588,0.27268022,-0.19490789,0.053491227,-0.11676805,0.38111928,-0.20616442,-0.45123240000000003,-0.02317387,-0.46111986,0.23839106,0.46315557,0.34884724,-0.12707427,0.07153622,-0.38624492,0.44606316,-0.057625283,0.10651743400000001,0.24845254,0.15188618,0.38757467,0.1411424,-0.22665949999999999,-0.07066501,0.033103503,-0.45365074,-0.01791594,-0.01874962,-0.33928844,-0.11227413,0.5129958,-0.0071542077,-0.09269879,-0.097144775,-0.05430531,0.021611616,-0.07143174,-0.1306754,-0.0578653,0.34972470000000005,-0.0068032066,0.17315665,-0.22689281,-0.00027624276,0.18127201,-0.37911168,0.51968974,-0.12398077,-0.10185451,-0.17627114,-0.060023222,0.34166095,-0.17195337,-0.09958388,0.34707165,0.28261927,0.10138972,-0.098714225,0.28452444,-0.033888005,-0.12445638,0.029862778,0.1345912,-0.04195361,0.07737899999999999,-0.091070965,-0.31082517,-0.61857635,0.09603654,0.13030699,-0.35286966,0.035362977999999996,-0.05971955,-0.3416608,0.30106005,-0.11273167,-0.017417686,0.09329156,0.077143796,-0.36059928,-0.16682974,0.16956726,-0.017993016,-0.15857717,-0.051218078,-0.20582655,-0.87322384,-0.02794872,0.36875707,-0.037728485,0.19643198,0.13167773,-0.2633116,-0.057142764000000006,-0.16164602,-0.35202774,0.17902552,-0.025173586,-0.5479525,0.15268971,0.17006446,-0.06679299999999999,0.45433083,-0.10691789,0.4006558,0.27681550000000005,0.043803167000000004,-0.02962937,-0.21423489,-0.08116481,-0.37117693,-0.22428636,-0.17805825,-0.28233674,-0.032330394,-0.15519705,-0.11739614599999999,0.12321117,-0.10008945,0.037518262999999996,-0.006231574300000001,0.07311539,0.24163683,0.09391937,-0.5713471,-0.07105659,-0.120649576,0.16174313,-0.1363797,-0.014522125,-0.12395736,0.034509983,-0.44648293,0.29574353,-0.4278032,-0.05982441,0.029833687,0.12857889,-0.1767726,0.11749871,-0.06612182400000001,-0.1031768,0.18620956,-0.19102149999999998,0.026053478999999997,0.37086847,0.20204794,-0.21544313,-0.11953133,-0.08271284400000001,0.28884387,0.61721045,-0.16305999999999998,0.15296414,0.30609432,0.18212241,-0.094352685,0.28173745,0.3702373,-0.2844027,0.41632274,0.13856973,-0.5154245,0.14900652,0.0068539088,-0.41316062,-0.26909196,0.59079325,0.36022192,-0.29042283,-0.45050827,0.12778442,-0.2948186,-0.26485407,0.15769492,0.19941026,0.02619675,0.5252041999999999,-0.20035557,0.034344945,0.15007989,-0.20743056,-0.22665739,0.096803464,0.18534383,0.0026936408,0.41118208,-0.47186765,0.5326338,-0.042995904,0.038910054,-0.08497539999999999,-0.19237982,0.10083919999999999,0.22942488,-0.06577213,0.1921525,0.34972309999999995,0.19350474,0.20034747,0.15482928,0.07497952,-0.122811824,0.5558784000000001,0.38504663,0.30020672,0.27527198,-0.16300867,-0.033917785,0.018732565,0.26227885,0.008674579,0.10896441,-0.25000647,0.45756778,0.22948568,0.14932068,0.21469472,-0.39627080000000003,-0.18743482,-0.09497041,0.047703452,-0.3075515,-0.061667506,0.010049146,-0.062797844,0.2252933,-0.20948465,-0.06103146,-0.16031668,0.2676986,-0.0038434244,-0.045120463,-0.025027648,0.014182766000000001,0.15632771,-0.1352531,-0.49513447,-0.22688301,-0.16650426,-0.498892,-0.11314108,-0.020628568,-0.17468633,-0.41881657,0.17096832,-0.14440295,0.115921095,-0.014954618000000001,-0.022622157,-0.25241798,0.38102627,0.19229202,0.55480653,0.15258455,0.15075153,-0.1664504,0.00062556623,0.16372526,0.34905928,0.12463124,-0.030985532000000003,0.28239182,-0.32824263,-0.07340315,0.1774895,0.29794204,-0.5917275,0.103266194,0.00045384137999999997,0.11024134599999999,-0.100413665,0.09138627,-0.23680353,0.36400524,-0.33345893,-0.118860036,0.036238108,0.10025026,-0.23440166,0.12201552,0.2526487,0.27239156,-0.17143176,0.114479996,-0.02560371,0.14014328,0.12017493,-0.09538047,-0.17689413,-0.27054092,-0.24928333,0.094484314,-0.26655623,0.12204154,0.16121894,0.15116483,-0.07551139999999999,-0.013841038,0.66530013,-0.353931,-0.05810716,-0.34763873,-0.44771254,-0.31938803,-0.14368233,-0.05034331,0.059540235,-0.22146279999999996,0.07845992,0.11200610000000001,-0.037274472,-0.29465574,0.19276609,0.081368245
62,2,-0.06269,0.019433204,0.39183304,0.009440766,0.27374694,-0.16140927,-0.05960772,0.38061965,0.15462948,-0.42893597,0.24094683,-0.10904642,-0.082391046,0.30035782,-0.17904307,0.2652753,-0.06594218,0.096899435,0.11111216,0.16626760000000002,0.11631218,0.07007867,0.17558818,0.41290858,0.27265027,-0.119855024,0.015550696999999999,-0.2644015,-0.3616227,-0.06745161,0.48527208,0.45470202,-0.2961687,-0.11727288,-0.0025285997,0.06717826,-0.13567577,-0.013160195,-0.19784503,0.20553039,-0.6088276,-0.31751508,-0.14139554,-0.087498695,-0.45238858,-0.5172353,0.028457127999999998,-0.13239966,0.17303734,-0.21500877,-0.520375,0.16144307,-0.28968346,-0.09186906,0.06447754,0.8194031999999999,-0.14871497,-0.35959990000000003,-0.5761528,-0.23416989,0.512624,-0.20782642,0.046128113,-0.26391655,0.16942869,0.0013974616,0.17655929999999997,0.37006068,-0.502657,-0.30216724,-0.5037484999999999,-0.19926766,-0.31982985,-0.015323874,-0.2173328,0.004639065,-0.35184243,0.3635295,0.02227056,-0.30671826,-0.21645842,0.15988289,-0.4416897,0.51031077,0.078313686,0.09588634,0.30106637,0.23477407,-0.30615297,0.4578963,0.525457,-0.36839512,0.10483701,-0.11726088,0.016895032,-0.15931524,0.251593,0.058459286,0.10354734,0.5746028000000001,0.23210329999999998,-0.30693766,0.043388985,-0.48236066,0.043776422999999995,-0.23335257,0.17945006,0.18874785,0.26880068,-0.08315088,0.054126225,0.03420489,-0.31916479999999997,-0.19542104,-0.10809893,-0.09641871,0.25263040000000003,-0.089129254,0.21223965,0.14654186,-0.08367755,0.17138487,0.1851221,0.49266508,0.17887542,0.13518542,-0.14952952,0.23272775,-0.30825737,-0.38862535,0.14619343,0.15153024,0.05362802,-0.5620006,-0.2452895,0.13853028,-0.05730793,-0.26594698,-0.32852742,0.048612925999999994,0.15784629,-0.13646026,0.4357858,-0.025043122,0.066027135,0.14638717,-0.16937397,-0.24901497,-0.1579031,0.3742494,0.045833702999999996,-0.19862896,0.056133542,-0.27146295,0.03899227,-0.17236872,-0.19217671,0.42357305,-0.21165004,0.29708165,0.46719849999999996,0.086270556,-0.027440177000000003,0.42829007,0.34379604,-0.32483473,0.14510152,0.19209400000000001,-0.10840596,0.1062472,0.045955125,-0.23848934,1.0264658000000002,-0.107625805,0.19559614,0.16767587,0.20242119,0.08663657,0.26383355,0.20122293,-0.5861542,0.18826866,-0.028366454,-0.13201456,0.43274709999999994,0.082545064,0.035442203,-0.13485767,0.40483773,0.012239821000000001,-0.5027081,-0.40087613,-0.33740467,-0.15693499,0.24631517,-0.44808190000000003,0.03326841,-0.10469692,-0.28364664,0.04228609,0.038992993999999996,-0.20462956,0.37121084,0.16469683,-0.10797683,0.19719769,0.25629932,-0.26360634,-0.03964937,0.25205863,0.13534738,0.28671658,0.09315497,-0.15674742,-0.12985615,-0.06468462,0.1387694,-0.3181199,0.22403806,0.067558564,0.18538139999999997,-0.008644223000000001,-0.16098286,0.29020159999999995,0.11713408,0.7897885,0.039360456,-0.56488496,0.07834482,0.36313164,-0.24571976,-0.37662557,0.6685685,-0.057254396,0.19519722,0.33434376,-0.23784259,-0.22025113,-0.062798105,-0.0817906,-0.16673310000000002,0.44898188,0.18468352,0.34966072,-0.115941994,0.11651296,-0.08656738,-0.17150667,-0.09134202,-0.07113307,-0.535177,-0.2719027,0.08234314,-0.45530059999999994,-0.10950304,-0.2494016,-0.05682154,-0.33278579999999996,-0.045214307,0.11330603,0.32227477,0.22260402,-0.08472147,0.0045620264,-0.1326807,-0.51280534,-0.06875187,0.13530223,0.26543036,0.14059906,0.028472387999999998,-0.08725577,0.036222845,0.5914394000000001,-0.26966017,-0.017027179,0.4573845,0.13986291,-0.033281412,-0.29627052,0.085211165,0.50561947,-0.15643866,0.09652281,0.24759036,-0.24382405,-0.06901373,0.43144319999999997,-0.21952981,-0.26773986,-0.037532125,-0.071316004,-0.32243496,-0.27757797,0.43410176,0.28422338,0.05725184,0.17743205,0.1129112,-0.13062045,-0.20032756,-0.042409475999999995,0.28500772,0.40074944,-0.06995231,-0.008650344,-0.24016936,-0.22163227,-4.387398999999999,-0.25018907,0.23151776,-0.41098967,0.39407770000000003,-0.11610443,0.26793072,-0.080229156,-0.39999563,-0.17289720000000003,0.104102276,-0.21764395,0.20443267,0.18603799,0.29451936,0.188669,0.20020847,0.0188621,-0.198202,0.3361843,-0.16640188,-0.32598597,0.15403551,0.057686724,0.26821646,0.09321705,-0.1322125,-0.21488000000000002,-0.5887545999999999,-0.07349041,0.1989723,-0.06746437,0.18717492,0.10260101,0.013946783,-0.04339187,0.13857172,-0.4126025,-0.26734465,-0.38004014,-0.19431728,-0.28976044,0.13491283,-0.08320552,0.6011751000000001,-0.005031294,-0.025196176,-0.06598429,-0.012440129,0.17971882,0.0031932986,0.13025296,-0.28005645,-0.46713132,-0.29032670000000005,0.23983727,0.37809885,0.45810500000000004,-0.29129398,-0.17835775,-0.050582234000000004,0.19086142,-0.5367647,-0.012505153,-0.023860121,-0.26240325,-0.37404525,-0.10035428,0.19853592,0.13518508,-0.020704612,0.38286242,-0.25699455,-0.662569,-0.13530752,-0.068184026,0.17858267,-0.13529757,0.45502767,-0.13545617,-0.25923428,-0.1850931,0.236544,-0.1557531,-0.036408845,-0.10890586,0.05580755,-0.2788848,-0.4957348,-0.64523154,-0.05357372,0.17780173,0.46438733,0.18421519,0.29692779999999996,-0.01271698,0.33517265,-0.37980735,0.025721788,-0.46520513,0.2400755,0.27329674,0.40741464,-0.32355759999999995,-0.043871447,0.034200657,-0.26773393,0.27762112,0.16167565,-0.16351262,0.40158382,-0.37876737,0.4125241,-0.2882783,-0.416891,-0.061698847,0.22547208,0.07440435,0.17200384,-0.059678632999999995,0.0038522433,0.47338635,-0.572986,-0.5277972,-0.96879554,-0.073745675,-0.14351235,0.10927746,-0.25002986,0.026314655,-0.1240726,-0.35098502,-0.17177315,0.13765974,0.22196528,0.08738045,0.30399109999999996,-0.04825942,0.0006700461,-0.07860901,0.32123655,0.32985458,0.02878626,-0.12089269,-0.22523983,0.18165316,-0.12497341,0.033957344,-0.09146166,0.021822253,-0.06585619599999999,-0.30713353,0.008371149,-0.37190998,0.2415022,0.21295795,0.36619213,-0.24362773,-0.20827432,-0.5610665,0.31257470000000004,0.27187675,-0.04973174599999999,0.3401152,0.14967874,0.7071311,0.22644183,-0.42029414,0.14616261,0.12581484,-0.32089752,-0.12548496,-0.19584122,-0.4516812,-0.07088531599999999,0.5363812,-0.023724545,-0.18934658,-0.2765995,0.07406547,-0.030148486000000002,0.10250491,-0.17779242,-0.01007734,0.19161616,-0.021883184,0.07286833,-0.24146637,-0.07231566,0.2491587,-0.34398592,0.3111075,0.08841532,-0.012988537,-0.11950367,-0.048922602,0.3888442,-0.3306947,-0.15138604,0.27115703,0.55395734,0.013221651999999999,-0.045675516,0.08753677,-0.23317179999999998,-0.17545523,0.08785567,0.150295,-0.019828744,0.1751636,-0.33412015,-0.29477054,-0.6529663,0.14818683,0.29908222,-0.41178384,0.09648108,0.030520018,-0.47965634,0.38651009999999997,0.05074701,-0.05234195,-0.06718937,0.053891800000000004,-0.40629658,-0.1268832,0.039671548,-0.24654138,-0.16727085,-0.07974816,-0.24932937,-0.86498106,0.14377034,0.23437618,-0.38086438,0.14237691,0.20590837,-0.10345030599999999,-0.032732207,-0.17967883,-0.40972759999999997,0.06872409,-0.061147876,-0.58351713,0.031952173,0.35566464,-0.2640281,0.31588459999999996,-0.30300626,0.74862665,0.14021654,-0.014377183,0.020998696,-0.34544450000000004,-0.023976007,-0.15716259,-0.12455989999999999,-0.12219589,-0.37726206,0.020619517,-0.07299391,-0.33559229999999995,-0.22105168,-0.1487447,0.07033825,0.18675041,0.18507937,0.044106445999999994,0.18225351,-0.6741596,0.079982944,-0.14941786,0.065538205,-0.066270046,0.34780887,-0.060224365,-0.008274413000000001,-0.2648105,0.49600938,-0.29300192,-0.07903485,-0.10680125,0.23397383,-0.11389355,0.0010394752,-0.09976954,-0.090124115,0.049939137,-0.020048272,-0.034619800000000006,0.26628453,-0.14088875,-0.09093785,0.027927421,-0.24225299,0.09756463,0.37295783,-0.24493779,0.09537917,0.03709876,0.18737541,0.108294085,0.32291082,0.43379173,-0.21985298,0.22679386,0.11259561,-0.45481673,0.2795905,0.12753798,-0.29373140000000003,-0.4850213,0.6023390000000001,0.40298948,-0.30260640000000005,-0.4443286,0.027192267000000003,-0.26615479999999997,-0.18442793,0.17831704,0.007511436,0.009117294,0.7047885,-0.200036,0.20738694,0.027474992,-0.11791311,-0.12845826,0.0029040228000000003,0.29027286,-0.08816725,0.35468945,-0.4014189,0.6502965,-0.028666592999999997,0.15748523,-0.12621854,-0.39592406,0.06372288,0.24647614,-0.018231306,0.03464832,0.65097237,0.33786842,0.2518294,0.069264755,0.03938541,-0.063042864,0.6296257,0.33163598,0.16332358,0.36250097,-0.18100414,-0.17572963,-0.07980776,0.49220857,0.05777769,0.28591904,-0.10990738,0.48077455,0.026664125,0.08539707,0.26759598,-0.35962886,-0.17045146,0.10047172,0.079208896,-0.33911428,-0.23303615,-0.005900209,-0.020256845,0.16336277,-0.28481206,-0.012190768500000001,-0.20618719,0.33820832,-0.014965563000000001,-0.19766149,-0.030637834,0.25190195,0.09061337,-0.100245625,-0.4087574,-0.2747695,-0.10671636,-0.7698936,0.019668948000000002,0.093170665,-0.18838616,-0.20524625,0.0141680185,-0.06502274,0.15644224,-0.23945113,0.029971263999999997,-0.33447972,0.15555036,0.21618892,0.44532330000000003,0.02947894,0.043903474000000005,-0.2209047,-0.25082007,0.17034547,0.3198515,0.08934822,-0.10527404,0.26737428,-0.21019398,0.096324824,0.32704914,0.34142175,-0.6390465999999999,0.27345815,0.14133471,0.14897038,0.07250603,0.2941038,-0.45688320000000004,0.37131107,-0.4274297,-0.10088218,0.18934117,0.09301051,-0.19584778,-0.02737933,0.19685918,0.39656645,-0.23225386,-0.013689828000000001,0.0010543714,0.15032503,0.022934497999999998,-0.033269223,-0.14076793,-0.088049725,-0.3586315,-0.052492853,-0.006555608,0.25845525,0.280194,0.19406903,-0.026981685,0.06054218,0.6017669,-0.24122125,-0.09587987,-0.24782939999999998,-0.25523436,-0.37006634,-0.091908745,-0.19455718,0.048853602,-0.107735895,0.06932632,-0.21684313,-0.23192129,-0.5549118000000001,0.15158275,-0.044569515
63,0,0.035662826,0.021673704,-0.067170374,-0.12888621,0.20693113,-0.10073136,0.039233446,0.46838729999999995,0.07444727,-0.1571341,-0.13984224,-0.11963776,0.02977502,0.4211728,-0.28529390000000004,0.5394614999999999,-0.07562762,-0.15344803,-0.20722593,0.062476885,0.018276827,0.08977632,-0.047570717,0.11066709,0.4733935,-0.08689908,-0.22016145,-0.16786915,-0.33289298,0.21642984,0.2207732,-0.006829146800000001,-0.040860914,-0.31122467,-0.28671685,-0.15656033,0.09707794,-0.022233057999999997,-0.03243157,0.028351188,-0.11255143599999999,-0.20141482,0.27704257,-0.066992864,-0.09580121,-0.029971646,-0.2752401,-0.01595288,0.1069396,-0.29220182,-0.38550156,0.21364433,0.022706052,0.14590134,-0.09998563,0.36791652,0.06992982,-0.500889,-0.29048583,-0.29811233,0.23742291,0.0743875,0.11383772,-0.13296555,0.4119816,0.012318212,0.10251153,-0.06587663,-0.53131396,0.35538712,-0.28832779999999997,0.02570521,-0.18937753,-0.25938827,-0.005374638399999999,0.44028187,0.21334754,0.45760792,-0.07818662400000001,0.17767273,-0.22007264,0.35875356,-0.13677348,0.2157525,0.09730411,0.0007993661,-0.06380851,-0.18738937,-0.08811186,0.61206245,-0.48986465,-0.14017056,-0.34092835,0.06409601,0.42666686,-0.47459826,0.19044107,0.06050694,-0.099344045,0.32814848,0.22488414,-0.45164603,-0.04412624,-0.13639918,-0.19520184,-0.17231794,0.09574851,0.13979264,0.004147895,-0.20861019,0.09653549,-0.11662387,0.24663372,-0.078485735,-0.14891799,0.13369665,0.13498926,-0.1088027,0.10967376,0.509627,-0.41594374,0.09073257400000001,-0.011554028999999999,0.6618505,0.14787836,0.23986663,0.29991424,0.32101277,-0.31379712,-0.39542782,0.19824955,0.39475054,0.18556501,-0.39361757,0.037155102999999995,-0.005110314,0.2763683,-0.10825824,0.008269324,0.10861032,0.42603377,0.006014963000000001,0.21819617,-0.07030676,0.25984076,-0.064326584,-0.039432876,-0.29616359999999997,0.46933919999999996,0.12322268,0.16594934,0.08705609,-0.14790632,-0.17367417,-0.07284918,-0.068117715,-0.14775269,0.12742405,0.34736502,0.25742337,0.33240557,-0.30749607,0.14438997,0.33201975,0.28808078,0.046960138,0.14434059999999999,0.07952004,-0.32051903,-0.0476261,-0.14862043,-0.27796933,0.35924217,-0.23706860000000002,0.026723782999999997,0.37712565,0.096203275,0.37760928,0.3553607,-0.12967975,-0.8724386999999999,0.0912985,0.08001507,-0.22276068,0.49468409999999996,-0.28351527,0.17134151,0.056918647,0.121110946,0.37369284,-0.13090788,-0.32658756,0.08210902,-0.34330332,0.099245206,-0.3840205,-0.35896644,-0.38776550000000004,-0.25515,0.17941335,-0.035166036,0.109486565,0.2389476,0.06608426,-0.03428044,0.32636467,-0.046041597000000004,-0.040739412999999995,-0.09677675,0.35446647,-0.52923924,0.41816437,-0.06498675,-0.06683099,0.11228845,0.019273762,0.41656885,-0.34845683,-0.08537246,-0.069717646,0.13398024,-0.037754837,-0.14007135,0.28345516,0.07691339,0.88658714,-0.053348582,-0.13515220000000003,-0.012141454,0.15573828,-0.1535851,0.091597706,0.37441009999999997,-0.0018554032000000001,0.09077641,-0.20550947,-0.09164560599999999,-0.23696285,0.030166758,0.08416894,-0.24399886,0.29614535,0.0085468255,0.30761635,0.15165123,-0.111634225,-0.14119974,-0.2865523,-0.2494723,-0.25509673,-0.6129425000000001,-0.5888628,-0.31574434,-0.29923138,-0.25401910000000005,-0.13983466,-0.119498536,0.17706911,0.08113288,0.14410318,0.04011846,0.20470005,0.04157223,0.21340322,-0.46329960000000003,0.0233646,-0.21523875,0.1312886,0.33479512,0.17764829999999998,-0.036464732,-0.018821063,0.2770385,0.232031,-0.09366659,-0.05200695,0.21078007,0.06854709,0.16346106,0.16187778,0.28211346,0.49061766,-0.2859869,-0.056841098,-0.100357264,-0.40971267,0.1554117,-0.23497503,-0.03229829,-0.15902348,0.22103119,0.11125211,-0.27481902,-0.25728536,0.38937557,-0.117970064,0.26740938,0.21869429999999998,-0.12485507,-0.0078120030000000005,-0.036726117,-0.0018214822,-0.050224766,-0.022431102,0.07069911,0.039992847000000005,-0.0732373,-0.2768299,-4.625738,-0.24321579999999998,0.041775174,-0.25153795,0.2645277,-0.1673188,-0.1277617,-0.090340346,-0.5368923000000001,-0.12895294,-0.10355703,-0.20670791,0.1944338,-0.021755532999999997,0.13999581,0.0890034,-0.052054342,-0.14271998,0.08348515,0.68452114,-0.24271895,-0.26939985,0.18743289999999999,0.015763385,0.072687306,0.5567196,-0.12477144,-0.013137768999999999,-0.16823082,0.034786563,0.013457833,-0.15073024,-0.052140288,0.19747601,0.07564937,0.016426051,-0.17156544,-0.12648435,0.15188326,0.11490374,-0.09568947,-0.09517361,0.041738544,0.002504333,0.53295976,-0.28134537,-0.07123014,-0.37439653,-0.052402932,0.12031628,-0.01934334,0.07954991,0.08453436,-0.43111894,0.039040826,-0.0017653267,-0.11503081,0.23873283,0.11012384,-0.37859790000000004,0.30350223,-0.13339327,-0.136062,-0.018042522,-0.085215256,-0.47379467,-0.46578938,-0.10225692,0.36888945,0.0068137269999999995,0.011330118,0.030693972000000003,-0.21041390000000001,-1.1671316999999999,-0.46737117,0.0037341774,0.1466836,0.13986419,0.6383825,-0.36593306,-0.20063974,-0.04513157,0.05783483,-0.15598646,-0.11501531,-0.40789098,-0.0007824401,-0.2921426,-0.03857837,-0.21567914,-0.27673070000000005,0.15335423,-0.23004436,0.2176377,0.066216476,0.30008364,0.33480635,-0.1183768,0.20306946,-0.051713996,0.62014204,0.014219096,0.44153005,-0.045033026,0.088692576,0.25150588,-0.33818790000000004,0.09792814,-0.07418689999999999,0.14215828,0.15326138,-0.5943998,0.17624517,-0.51756245,-0.35213804,-0.22726100000000002,-0.068631455,0.48657408,0.05495242,0.042939547,-0.35860816,0.40355048,0.0028593356,-0.3672744,-0.45161566,-0.042334925,-0.17899488,0.3145611,-0.21151778,0.023079645,-0.14817904,0.057417866,0.04926938,0.020455118,-0.0028810303000000002,-0.07152207,-0.27529427,-0.10207351,0.19042307,0.42500097,0.21494246,0.12638983,-0.04416748,0.16550142,0.18311772,0.160735,0.06919862,0.09486168,-0.0036775032,0.29032832,-0.1585532,-0.24455382,0.17948670000000003,-0.22592573,0.37188259999999995,-0.007681608,0.32755226,-0.13129634,-0.23137973,0.2958623,0.11959378400000001,-0.025134029,0.20512916,0.35581273,-0.12568767,0.010085795,0.023298347,0.083687335,-0.11326135,0.12072659,-0.37204632,0.09898914,-0.015752013999999998,0.06235098,-0.16673693,0.26554224,-0.06173169,-0.050455473,-0.17204183,0.21148126,-0.04620748400000001,-0.008003731,-0.16385631,-0.103143364,0.33407345,0.25927028,0.1420763,-0.16714658,-0.07373731,0.18665293,-0.042522292999999996,0.027647825,-0.12697418,-0.16760768,-0.4080308,-0.15410306,0.12837721,-0.26614654,0.16536318,0.25449947,-0.02345138,0.32343948,0.014153467,0.1437358,0.050079177999999995,-0.17160313,-0.025402817999999997,0.007126896,-0.017151209,0.13429867,-0.23098586,-0.2578287,0.015268985,-0.49025616,0.13611220000000002,-0.21320775,-0.10435834,-0.21010247,0.18500334,0.12964426,0.0196508,-0.33757564,-0.095012076,-0.05071607,-0.23489785,-0.12804009,-0.29237497,-0.17391618,-0.3919994,0.04053180000000001,0.037664987000000004,-0.4821438,0.37275422,-0.004952208,-0.24849106,0.08684747,-0.5255368,-0.12703920000000002,-0.07349029,-0.058852315,0.25275454,-0.47790748,0.07638288,-0.3893811,0.45958084,-0.19816417,0.1953858,0.23246941,-0.05397965,0.21439672,0.167356,-0.049952652,-0.093760096,-0.4732646,0.038736235,-0.18965727,-0.18617882,-0.016754745,-0.40330684,-0.13340086,-0.17913437,0.16369326,-0.168521,-0.015165273,0.030956564,0.19068189,-0.12202106,0.46057539999999997,0.21558274,0.15243608,-0.15159382,-0.066221245,0.19014783,0.21612458,-0.10532546,0.10460225,-0.20240004,-0.19124345,-0.27497253,-0.36903906,-0.024541441,0.5488524,-0.21479411,-0.09033372,0.34223163,-0.30107555,-0.27221432,0.20248239,0.08108286599999999,-0.11172339,0.14813423,0.26364613,-0.063353255,0.25124487,-0.14010331,0.13688482,0.531307,0.21334367,-0.26664656,0.012787952,-0.061420985,-0.12991594,-0.19377735,0.3901368,-0.29848015,0.18699552,0.06474848,-0.25131994,0.15298174,0.05361277,-0.08599898,-0.34160003,0.04307287,0.44341525,-0.069600955,-0.28408766,0.30688703,-0.4260763,-0.19553952,0.30671495,0.074530005,-0.21556745,0.2744239,0.091587216,0.060260333,0.1095952,-0.22621483,-0.13441171,-0.10462567,0.06766453,0.10532907,0.93745476,-0.34371582,0.38977322,-0.13117169,-0.01406398,0.598229,-0.22912028,0.36677715,-0.109689645,-0.017285187,0.03589752,0.042351442999999996,0.2437603,-0.07610826,-0.17813832,0.11878489,0.06091036,0.40257877,0.55353224,0.057655405,0.45282972,-0.29824877,-0.52666205,0.20642672,0.119312815,0.22526678,0.24628647,0.048173192999999996,0.24166916,0.010967825,-0.041847657,0.24645306,-0.67506367,-0.14299192,0.44758263,-0.14200518,-0.25816047,0.007291718399999999,0.05967721,0.059207845,0.008459007,-0.18529363,0.052589927,-0.3200864,0.13124,-0.09455066,0.18257935,0.021313282000000003,0.43298987,0.33279005,-0.17883353,-0.41958916,-0.15379864,-0.076208465,-0.5219196,0.023296509,0.24096282,-0.005688928,-0.25616363,0.1493745,-0.34775478,0.15359941,-0.10917886,0.22570735,-0.43950176,0.17767145,0.21756520000000001,0.24749152,0.1419842,0.39821917,-0.40564970000000006,0.013049241000000001,0.055931765999999994,0.22546962,-0.003972413,-0.17089300000000002,0.0037072578,-0.41138557,-0.18768714,0.21387260000000002,0.32102045,-0.8878110999999999,-0.19761114,-0.5513231,-0.09687319999999999,-0.10011718,-0.09035599999999999,0.29327,0.08599712,-0.40368292,-0.18518902,-0.29692729999999995,0.334074,-0.1432061,-0.27373105,-0.056406292999999996,0.38712206,0.04566173,0.10407411,0.26179174,0.5264213000000001,0.46196726,-0.39226255,0.1887107,-0.5692705,0.23218948,-0.06813256,-0.37154648,-0.35804525,-0.062201604,0.18365812,0.09679182,0.0717453,-0.41235378,-0.07240894,0.09802329,-0.014038256,-0.3182699,-0.26359245,-0.034981124,-0.042806856,-0.05807282,0.030840365,-0.18814413,0.033382524,-0.103930034,-0.115983315,0.38744742,0.09878877
64,9,-0.0847898,0.04281262,0.36046648,0.009774334,0.21013275,0.028481017999999997,-0.12632923,0.37483457,0.18488279,-0.3280275,0.20166023,-0.15277408,0.18987226,0.18317166,-0.019337552,0.5523066999999999,-0.04772737,-0.14098492,-0.10034808,0.18328412,0.23619357,0.04426857,0.089316905,0.6203683000000001,0.43756887,-0.024996681,0.084426135,0.05460718,-0.0841685,-0.061145067000000004,0.581701,0.21195660000000002,-0.29632735,-0.3426816,-0.112241246,-0.16986232,-0.3250126,-0.07888109,0.020352507,0.07539884,-0.6691573000000001,-0.33653834,-0.15305729999999998,0.01474871,-0.25244963,-0.20487371,0.22073588,-0.235644,0.1596017,-0.19904620000000003,-0.22467454,-0.05461812,-0.29168382,-0.21749063,0.08831513,0.74459696,0.0470888,-0.36255834,-0.64289355,-0.39152965,0.41081256,-0.19588123,0.09229488,-0.33633924,0.25349885,-0.15437129,0.14036363,0.38300609999999996,-0.7423649999999999,-0.08063502,-0.17458336,0.13043742,-0.14356926,0.17975667,-0.1587097,-0.022134617000000002,0.0038553771999999997,0.30433878,0.02477266,-0.14384627,-0.31485409999999997,0.2914514,-0.41362154,0.25842166,-0.0018782179,0.0820633,0.12538546,0.03489594,-0.45170274,0.8079349,0.27965972,-0.39009354,0.19585142,0.068213314,0.22629437,0.005086487,0.25544336,0.10205365,-0.23067783,0.6068808000000001,0.17299981,-0.11981312,-0.14506245,-0.43492190000000003,0.051004965,-0.21821094,0.12057973400000001,0.20862065,-0.048120614000000006,0.26588652,-0.06704208,-0.03358239,-0.11442865,-0.053833905999999994,-0.092624925,-0.326955,-0.10023441,0.00658065,0.23119311,0.32047709999999996,0.08215095,0.026596656,0.30276632,0.80527747,0.18619587,-0.13574953,-0.12793383,0.26593125,0.020820276999999998,-0.39431033,0.16864707,0.042362183,-0.012824552,-0.34946528,-0.35263744,0.15918729999999998,-0.20051861,-0.080861725,-0.33373618,0.068791956,0.09134248,-0.34337756,0.4894366,-0.109860055,0.09932738,0.060595552999999996,-0.17001793,-0.33343607,-0.12867141,0.27793163,0.016375763,0.10208556,0.017038543,-0.15909007,-0.01609922,-0.021604974,-0.24599676,0.24858005,-0.2176516,-0.055024699999999996,0.40372667,-0.057585585999999994,-0.15235646,0.16587548,0.21785213,0.0036984497999999998,0.13610496,0.29813138,-0.50781375,-0.11190702,-0.15688969,-0.07489673,0.83825684,-0.17863542,0.25082302,-0.042169344000000004,0.12248763,0.043682344000000005,0.22993579999999997,0.18921749999999998,-0.51152027,0.22657862,-0.026474067999999996,-0.030887516,0.1471966,-0.1353821,0.10710493,-0.2348739,0.27136659999999996,0.23135100000000003,-0.35106950000000003,-0.29360518,-0.26348713,-0.029862897000000003,0.08343010000000001,-0.53490293,0.09007749999999999,-0.027751962,-0.41293213,-0.06772611,-0.06410056,0.010027885,0.45686445,0.04243502,-0.16411412,-0.33602909999999997,0.11452085,-0.0005133018,-0.03984342,0.3482691,-0.17316878,0.5081342000000001,-0.106686205,-0.12608686,-0.06885032,0.029724563,-0.073179916,0.0056851296999999995,0.29243952,0.13420427,0.12485139999999999,0.14484370000000002,-0.105045006,0.48497894,-0.11148542,0.73850584,0.0090136435,-0.66186905,0.19669019,0.35962582,-0.15917684,-0.26133110000000004,0.5447445,-0.07068273,0.13344413,0.003971136,-0.40933225,-0.27147993,0.012438243,0.013214771,-0.24001752,0.5934205,0.13500328,0.18449815,0.15808643,-0.031962812,-0.30626285,-0.21477732,-0.25289884,-0.40283179999999996,-0.69582605,-0.0664493,0.04108038,-0.45221046,-0.024707675,-0.24968702,-0.07999534,-0.29921725,-0.29491094,-0.10770095,0.37663403,0.20474237,-0.03641962,0.0022295279999999997,-0.31080640000000004,-0.46041057,-0.1500032,0.21062621,0.25477484,0.25156713,-0.11773958,-0.15312226,0.003995901,0.47511148,-0.277174,-0.26338583,0.42508796,0.06321738,0.02083345,-0.0024195956,0.07043409,0.37978604,-0.051824637,0.067617595,0.053341795,-0.13178626,0.19427544,0.20478573,-0.09340673,-0.43371716,-0.12563592,0.15975979,-0.38186744,-0.29434133,0.49702373,0.0026096576000000002,0.08596696,0.13443215,-0.012944549,-0.17227368,-0.25050646,-0.00404268,0.35551268,0.36200097,-0.15700653,0.10921687,-0.1080871,-0.25270679999999995,-4.1267157,-0.10596744,0.04395444,-0.31881735,0.23253922,0.028275676,0.24326378,-0.14877807,-0.4280117,-0.25770962,-0.03841921,-0.41648945,0.14239979,0.12414383,0.24131617,0.30307332,0.04109305,0.022497084,-0.16753466,0.5666062,-0.13184653,-0.5832781,0.27396390000000004,0.05011195,0.09334548599999999,0.16755015,-0.16717273,-0.27140072,-0.21732111,-0.03963821,0.14260754,-0.12047460000000002,0.18528791,0.4185927,0.13462204,-0.1298168,0.062987275,-0.32916940000000006,-0.09534882,-0.15879303,-0.23902261,-0.47296426,0.06679485,-0.18649475,0.7796416,-0.25329077,0.23328201,0.12333251,0.041521765,0.35871613,0.26788282,0.040636335,-0.3688442,-0.12555335,-0.23464102,0.066774845,0.37515290000000007,0.5294989,-0.13979936,-0.41445595,0.11000203,-0.21704566,-0.3551793,-0.13330355,-0.10963317,-0.35950384,-0.3896496,-0.152314,0.06334455,0.10065684,-0.19786120000000001,0.29542425,-0.30857080000000003,-0.6414724,-0.060999807,-0.06851433,0.16085161,0.08737281,0.09131164,0.17812878,-0.18405126,-0.27388906,0.07692861599999999,-0.048350964,-0.28800276,-0.31488603,-0.14203537,-0.30689088,-0.24164052,-0.565613,0.15785521,-0.013940109,0.2628511,0.10252236599999999,0.054171775,-0.077120185,0.46018630000000005,-0.38028124,-0.06975259,-0.28070372,0.15435424,0.107722506,0.537967,-0.17652312,0.017454551999999998,0.15327126,-0.084076315,0.30001098,0.049990512,-0.18033017,0.41356495,-0.3661295,0.46690556,-0.40490788,-0.34200126,0.028883968,0.12198415,0.46388286,-0.035799183,-0.20867933,-0.16740078,0.40011966,-0.5835697,-0.55973196,-0.7244033000000001,-0.10108303,-0.3595733,0.16842821,-0.16888459,0.2245709,-0.2709276,-0.34837842,-0.2922994,0.364655,-0.07581278,-0.11803812,0.009517978,-0.54040277,0.058511987,-0.042789843,0.15975584,0.15256004,0.17028083,-0.1481659,-0.09773808,0.31867674,-0.10884448,0.07830819,-0.20483114,-0.058809016,-0.36041442,-0.09835895,-0.242085,-0.39633688,0.031042362,0.3146425,0.26545903,-0.16114993,-0.028676227000000002,-0.30956659999999997,0.33724692,-0.1340834,0.21434234,0.0868967,-0.09420961,0.7151204000000001,0.1433364,-0.06415533,-0.006291957,0.054710027,-0.46233900000000006,-0.15471868,-0.10932910400000001,-0.36509955,-0.10643979,0.73039806,0.12144073,-0.20049852,-0.28957835,0.22882429999999998,-0.026053382000000003,0.01980028,-0.0514217,-0.11261263,0.25682372,0.1639203,0.20915064,-0.15773529,-0.03591373,0.15309672,-0.16350542,0.55302024,-0.04041653,-0.09088220400000001,0.021817561,-0.15515022,0.43881238,-0.12873949,-0.004081294,0.07547559,0.32884616,-0.19149093,-0.1883596,0.17887771,0.021791542,-0.20778792,0.20962372,0.2818764,0.18373482,-0.016522352,-0.26409140000000003,-0.45228505,-0.37081802,-0.13228327,0.13859433,-0.3359322,-0.0572576,-0.14661367,-0.31935114,0.27600559999999996,0.08550085,-0.04550618,0.04364238,0.14095543,-0.27832082,-0.32098916,0.15988183,-0.17462483,-0.23041928,0.07348625,0.16432504,-0.8186338000000001,0.03600335,0.0863684,-0.24433042,0.1219036,-0.05978389,-0.4236692,0.2598146,-0.30407998,-0.33303112,0.22122464,0.023190753999999997,-0.4647876,0.1374099,0.11769119,-0.07985628,0.36935290000000004,-0.24806656,0.43924144,0.16902468,0.028380161,0.12146652,-0.37277368,0.15436338,-0.34375359999999994,-0.5343055,-0.06777719,-0.32757420000000004,-0.14363113,-0.27963296,0.12845778,-0.13337381,-0.10941719,0.22022396,0.11611835,0.09375749,-0.060677234000000003,0.08168941,-0.52788246,0.36273882,-0.010667707,0.02013377,-0.11295050400000001,0.26933664,0.00015169813999999998,0.02212425,-0.32894245,0.606705,-0.41715280000000005,-0.13148957,-0.1694888,0.14262351,-0.01768366,0.19687054,-0.24591962,-0.16969317,0.067223005,-0.0424913,0.16636872,0.5116583,0.1599928,-0.101791374,0.007913669,-0.047304645,0.17749426,0.8368985999999999,-0.31929556,0.124042965,0.23760264,0.03337798,-0.08316517,0.32069403,0.2335879,-0.38751224,0.17231035,0.12144128,-0.45357895,0.1421473,0.14893739,-0.16070034,-0.40124795,0.60596496,0.4050707,-0.10980367,-0.503208,0.09130765,-0.12054818,0.026331952000000002,-0.050913293,0.07685619,0.1276111,0.82897484,-0.30547965,0.22482261,0.15259682,-0.30523965,-0.14187738,-0.008419981,0.13308856,0.10376307,0.4023534,-0.47169176,0.39542732,-0.04239948,0.07260656,-0.19716674,0.06062252,0.22335534,0.11488243,-0.27482823,0.13723153,0.51587886,0.46331662,0.3556277,0.17855538,0.42283568,-0.07567633,0.62286687,0.57449466,0.17492463,0.2896922,-0.14276582,-0.21193054,0.09147590400000001,0.45842814,0.010822293,0.4139822,-0.11244787,0.8516246999999999,0.20360376,0.30857140000000005,0.21513462,-0.6306239,-0.16929427,0.08097955,0.11198193,-0.13214847,-0.07048993,0.080987,-0.18815531,0.02439203,-0.19081604,-0.36397904,-0.30558679,0.4031006,0.045527965,-0.11059523,-0.09885322,0.27121678,-0.082885385,-0.08755578,-0.56992435,-0.14875652,-0.37934682,-0.37897187,-0.03923875,0.014072989,-0.30546886,-0.33058590000000004,0.0014241695,-0.1270705,0.15686703,-0.11712722,-0.10705381,-0.24352558,0.35656282,0.15822132,0.72122216,0.06618573,0.07814756,-0.29533023,-0.20971803,0.06919987,0.352277,0.26550832,-0.02948679,0.50351965,-0.26375859999999995,0.11469321,-0.0078074456999999995,0.42882478,-0.61234975,0.14229053,-0.17363805,0.040760756,0.023023454,0.28758305,-0.16282995,0.2532047,-0.35390016,-0.36655185,0.07045133,0.14956841,-0.17125161,0.12806486,-0.09676964,0.26718074,-0.29724148,0.053519234000000006,-0.040609185,0.3060368,0.023651097000000003,0.062417395,-0.15546183,-0.30690232,-0.31901884,-0.10578166,-0.0884354,0.40814674,0.19981737,0.36122623,-0.12526014,0.08013586,0.4890597,-0.07593377,0.010740602,-0.21145746,-0.26715526,-0.2761984,-0.28920016,-0.24692938,0.19658059,-0.037204962,-0.035231616,-0.03638947,-0.3534409,-0.30203697,0.24120782,-0.23821346
65,6,-0.14678311,-0.12480655,0.38505748,-0.18934703,0.23167883,0.03220999,-0.18153924,0.4992324000000001,-0.11577736599999999,-0.50970566,0.018819492,-0.090326734,0.07723265,0.25112537,-0.07519284,0.5421861,0.13142627,-0.0802924,0.011688154,0.21426199999999998,0.33241713,0.14073133,0.12875533,0.29412547,0.16925375,-0.00986123,0.056367874000000005,0.14988527,-0.14474493,-0.04879675,0.20604931,0.13555121,0.18109684,-0.16761224,-0.16026405,0.036044095,-0.036452007,-0.17874079999999998,-0.29052463,0.47622254,-0.3862977,-0.47267988,-0.08155558,0.25088966,-0.15247662,-0.033985566,-0.30161178,-0.01740304,0.18675895,-0.03750473,-0.23000127,0.26690316,-0.20691790000000002,-0.100056045,-0.25040603,0.6937669,0.12747219,-0.29573125,-0.20976533,-0.15496089,0.21413879,-0.10507149,0.4107598,-0.17494978,0.15070741,0.22728185,-0.024968542000000003,0.38100845,-0.5751569000000001,-0.17980444,-0.36048338,-0.14213570000000003,-0.06374889,0.07038576,-0.07605208,-0.09200537,-0.099494144,0.1266287,-0.05038597400000001,-0.069480106,-0.20924668,-0.01568685,0.032809887,0.15813063,0.13770533,-0.13265741,0.108459234,-0.1398711,-0.15137856,0.4425175,0.2626715,-0.49719828,0.03329564,0.06375877,0.36744920000000003,-0.17777683,-0.15787366,0.038058932999999996,-0.22917496,0.42953587,0.08279655,0.16725591,0.054872382000000004,-0.055519525,-0.27470377,-0.090916365,0.03556102,-0.19217599999999999,0.08121372,0.02901531,0.18529148,-0.075046405,-0.20311823,-0.28499413,-0.030566357000000002,0.044387404000000005,0.27424547,0.29605052,0.19982962,0.10768291,0.14108217,-0.31430218,0.23213011,0.3817258,0.15694986,0.06958603,-0.11009533,-0.04693848,-0.16470635,-0.26194188,0.015177106499999999,-0.09197262,0.06240684,-0.23951612,-0.1530746,-0.06989265,-0.07203405,-0.06112058,-0.24181622,-0.02009803,-0.32314840000000006,0.2512758,0.13998567,-0.18274409,0.30262122,0.1519346,-0.11844239,-0.21316963,0.13165973,0.30477437,-0.19414209,-0.24235979,-0.011344071499999999,-0.3801955,0.01712258,-0.23826712,-0.035246275,0.36509812,-0.19070487,0.32988520000000005,0.14066109,-0.029741276,0.13947164,0.038786024,0.40883067,0.014337392,0.1279457,0.0007104677499999999,0.07270114,-0.34916395,0.009097362,-0.38471138,0.71067405,-0.29275307,-0.18594436,0.17442079,0.39307845,0.09993228,0.22880258,0.04634055,-0.73640066,-0.13852648,0.045347437000000004,-0.13017899,0.2033559,0.024823314,-0.055575762,-0.06586313,0.16649257,0.4467897,-0.40401566,0.06572625,0.0004199093,-0.042244524000000006,0.10031117,-0.40353966,-0.14721164,-0.0024363955,-0.10062942,0.117492706,0.16159389999999998,-0.14314505,0.32080048,0.26133513,-0.24306408,0.28048944,0.18473974,0.12255930000000001,0.006169036,0.23224191,-0.20468813,0.41157052,0.14625019,0.0031905444,-0.08175117,-0.20767432,0.47546499999999997,0.087201245,0.10671154,0.16658841,-0.05048239,0.041342847,-0.33456933,0.22793484,-0.09839723,0.8942377,-0.014450672,-0.27817909999999996,0.10531067,0.008368636,-0.2506007,-0.30870062,0.27054113,-0.12352367,0.104254656,0.3914542,-0.13760613,-0.31479496,0.13284206,-0.16462389,-0.29358894,-0.06385275,0.20321855,0.26019004,-0.081431955,-0.11068501,-0.19727491,0.09611277,0.09954338,-0.20506535,-0.44984198,-0.3866498,0.00045515428,-0.1610395,-0.21351255,-0.479241,-0.28565714,-0.31376225,0.022804243,-0.12486048,0.24796233,0.22475589999999998,0.37456809999999996,0.039067212000000004,-0.31660703,-0.11245989999999999,-0.21269187,0.34715027,0.27841905,0.047980666,-0.3329426,0.25212064,-0.17450762,0.40278798,-0.34006515,0.2736285,0.4066316,0.033834532,0.017944632,0.21251912,0.23528557,0.3259614,0.025582206,0.33741940000000004,-0.14097692,-0.39957988,0.050028887,0.05644614,0.044177834000000006,-0.20598520000000003,0.010565836,0.12822185,-0.0044077663,-0.22956252,0.31900236,-0.17557406,0.07518536599999999,-0.13745731,-0.038725447,-0.27779305,-0.14999093,0.07990498,0.2587466,0.41716906,-0.13820076,-0.12574874,-0.008512627,-0.46146859999999995,-4.3388753,0.16000561,-0.051447894,-0.16182779,0.19198047,-0.07819032,0.15855259,-0.022046747000000002,-0.4925458,-0.19503175,-0.21195570000000002,-0.34972945,0.114672594,9.108132e-05,-0.08748123,0.34915784,-0.20353371,-0.104725905,-0.37982777,0.33847973,-0.08727460000000001,-0.21930023,0.22546677,-0.092070095,0.34802163,0.26983956,-0.16545346,-0.027381467000000003,-0.30977318,0.14460026,0.009506288,-0.18835904,-0.08847479,0.010834578000000001,-0.08575908,-0.21175575,0.26848146,-0.7596864000000001,-0.022177026000000002,-0.11855521,0.024676092,-0.2394166,-0.0021926732999999997,0.012596106000000001,0.6447868,-0.055193458,-0.08330217,-0.38469028,0.18563567,0.1995502,-0.024608774,0.05055997,-0.08067464,-0.15556611,-0.034052785,0.35299557,0.30287670000000005,0.3932819,-0.011400776999999999,-0.16986695,0.32521313,0.06518027,-0.3758152,-0.07705832,-0.2242341,-0.21992753,-0.11268384,-0.31070685,0.22695862,0.29824340000000005,-0.28122538,0.3505104,-0.020535992,-0.8639078000000001,-0.07446059599999999,0.17523195,-0.36933395,0.08821396,0.30367222,0.09628980599999999,-0.33432629999999997,-0.40754083,0.12632309,-0.27708352,-0.15895818,-0.17894605,0.06600996,-0.14611572,-0.12095009999999999,-0.027635781,0.13600439,0.106439635,0.11720658,0.1446624,-0.016364638,0.112249486,0.35663852,-0.19103737,0.15763012,-0.16012879,0.34939402,-0.17066321,0.50944746,-0.30658779999999997,-0.13430145,0.23148113,-0.41904017,0.27170527,-0.06328359,-0.21126647,0.3479133,-0.43070677,0.17135312,-0.18964969,-0.20473929,-0.34738308,-0.019858943,0.3221263,0.22712539,-0.5278364000000001,-0.25728422,0.39494422,-0.23704462,-0.5085437,-0.7940209,0.13955282,-0.017707083000000002,-0.022249747,-0.18129705,0.029174782000000003,-0.0522836,-0.17380662,-0.43455985,0.110107325,0.17950591,0.12798482,-0.0036388906,-0.34945348,-0.10231361,0.13134342,0.15014471,-0.12364381,0.13583313,0.01961128,0.15266538,-0.020543111,-0.1362049,-0.012400976000000001,-0.04781693,0.10304724400000001,0.29394844,-0.10500769,0.006381621600000001,-0.15157253,0.035557553,0.011771425,0.260918,-0.26659596,-0.36282116,-0.03594214,0.4385063,-0.098394014,0.18384081,0.18479566,0.15651070000000003,0.38003495,0.25216672,0.014904848,0.012451893,0.13004135,-0.38507068,0.12705301,-0.17595059,-0.054854892,-0.052162587999999996,0.6473283000000001,0.14678125,-0.10497259,-0.23793079,0.26166058,0.08915449,-0.1868369,0.0052955626,-0.18525915,0.31214200000000003,-0.15796536,0.17770241,-0.28238633,-0.05722371,0.057648267999999996,-0.5674226,0.25221252,-0.19844009,-0.13952969,-0.1576112,-0.16425614,0.39558727,-0.091603726,0.12781346,0.34098944,0.027963735,0.19497629,-0.33867028,-0.16932026,0.16572246,-0.20411994,0.21395792,-0.12964308,-0.014244416999999999,0.16500916,-0.059047237,-0.6282266,-0.19725347,-0.119143754,0.09973697,-0.07198819999999999,-0.28448090000000004,0.027898403,-0.29171485,-0.05184667,0.15569408,-0.19902895,-0.030538147,-0.09175248,-0.22928320000000002,0.18549371,0.006071665,-0.18458034,-0.11004617,0.1636734,0.043718137000000004,-0.54534703,-0.07049003,0.2559822,0.28603315,-0.17073970000000002,-0.09073454,-0.25583667,0.026286775,0.31434178,-0.1897634,-0.1432184,0.009160524,-0.41082355,0.12236380599999999,0.19776173,0.08759481,0.20016704,-0.0653383,0.42848513,0.22688113,-0.08702889,-0.09567013,-0.6752806,0.19856133,-0.47872403,-0.12153086,0.029144568,-0.29826579999999997,-0.034130964,-0.33107543,0.22354068,-0.11859751,-0.035082366000000004,-0.00021200287999999996,-0.010812202,0.19298863,0.16328543,0.25039324,-0.4176718,0.101591855,0.009781372,0.18377596,0.14791812,0.1164422,0.049631108,-0.25523022,-0.23963378,0.38621500000000003,-0.27421767,-0.08481077,0.08715089,-0.048035488,-0.054198388,0.4481664000000001,-0.051744245,-0.27318093,-0.16548859,-0.25533095,0.16302776,0.2982111,0.07573254,0.058148578,-0.18907438,0.07348848,0.39271447,0.32007232,-0.032001413,-0.20067936,0.27830407,0.20334972,0.04801524,0.39606616,0.107839495,-0.06487919,0.26551527,-0.15562764,-0.46837518,-0.10825498,0.21147281,-0.35601106,-0.42380697,0.38377714,0.36975116,-0.28363675,-0.21416973,0.01001853,-0.38036805,-0.53530675,0.20454429,0.03498654,-0.039709177000000005,0.608989,-0.0939085,0.14069378,0.015117338000000001,-0.15717985,-0.16981097,-0.120416306,0.4950285,0.09939406,0.291275,-0.121698,0.34956363,-0.13827986,0.108955316,0.15505196,-0.24051028,-0.112057015,0.13541791,-0.12775934,0.28814676,0.49950317,0.15156692,0.32619295,-0.017180057,0.2030036,-0.014936176,0.47247168,0.48971236,-0.015930593,0.35908320000000005,0.04762532,0.003368429,-0.2522806,0.22286218,-0.14438254,0.11923495,-0.18918672,0.35567558,-0.11457705,0.13509014,0.20568986,-0.41571853,-0.19403295,0.0062730369999999995,-0.0049781697,-0.25362092,-0.27049997,0.12463316,0.19189134,0.3799141,0.04451652,0.1416716,-0.2510591,0.195509,0.08664395,-0.113012835,-0.15643106,0.11623916,-0.31206438,-0.16861929,-0.5005814000000001,-0.18411206,-0.1491058,-0.6353231,0.14709339,-0.07847343,-0.21470504,-0.17271705,-0.27383307,-0.28601655,0.14377297,-0.08306382,0.04576049,-0.21390305,0.4150754,0.03588101,0.4821649,0.15466923,0.19045927,-0.4307192,-0.03896391,0.092978805,0.2759507,-0.030949406000000002,0.19007228,0.42959195,-0.51713,0.21231190000000003,0.09052587,0.20569679999999999,-0.6165771,0.3965147,-0.25308946,-0.13337032,0.07807242,0.15587936,-0.39581335,-0.13320035,-0.20629650000000002,-0.10873804,0.049867228,0.32854697,-0.08734662,0.004868384,-0.00514091,0.25327924,0.0068407874,0.18433666,0.0745498,0.34232670000000004,0.0947857,0.04838618,0.07568889,-0.25289839999999997,0.1764046,-0.1718068,-0.11383934,0.16186464,0.38151637,0.25300145,-0.15200919,-0.00051194156,-0.1611733,-0.48405468,-0.013770616000000001,-0.034313314,-0.44441956,-0.43108532,-0.03310282,-0.22084336,0.17867704,-0.122841336,0.1815503,0.06294942,-0.15237306,0.0067969630000000005,0.09944082,0.017301458999999998
66,4,-0.2603248,-0.037842456000000003,0.41212675,-0.034872793,0.27572805,-0.3472386,-0.21312618,0.6597609999999999,-0.016098598000000002,-0.3748683,0.23174635,-0.543517,-0.022548897000000002,0.39450485,-0.06726125,0.3916728,-0.039591674,0.08049812,-0.11342025,0.29486904,0.08524917,-0.24850915,0.2568227,0.67627984,0.33623853,-0.34658659,0.09677314,-0.21377061,-0.20610888,-0.10735453,0.6488911999999999,0.07330516,-0.27054040000000007,-0.34478456,0.032054026,-0.026252657000000002,-0.27352867,-0.115253806,-0.00972215,0.20428431,-0.7495038,-0.25882,-0.11728867,0.0347233,-0.40730628,-0.34997216,0.20371868,-0.08764245,0.20626895,0.014714897,-0.50039,-0.20987067,-0.33151564,-0.18985723,0.25256693,0.62216663,-0.1311011,-0.45058504,-0.74541384,-0.14106853,0.56656253,-0.21141306,-0.119359486,-0.5996385999999999,0.4667835999999999,-0.10489709,0.1656795,0.41264890000000004,-0.83641744,-0.17810771,-0.3739077,-0.0030506682,-0.25274989999999997,0.12921365,-0.13913812,-0.00859269,-0.15125121,0.29858658,0.09099528,-0.33633524,-0.3829758,0.32573137,-0.639417,0.6017887,-0.20258303,0.36063835,0.034082204,0.12988394,-0.4159032999999999,0.728734,0.43900356,-0.6603166,0.25359544,-0.10036533,0.29373243,0.045063917,0.3580442,0.116500475,-0.2733099,0.6120723000000001,0.13780496,-0.32794666,0.007931359,-0.37177727,0.23278251,-0.23146296,0.21743983,0.45277235,0.112239964,0.28996313,-0.005819535,-0.13553996,-0.18973579,-0.20256153,-0.17548265,-0.017068367,0.106703326,-0.16960233,0.30650425,0.24749707,0.009687245,0.1758555,0.19825801,1.0135450000000001,0.038090583,-0.0965368,-0.46066234,0.5639713000000001,-0.17755356,-0.25188953,0.0050239763,0.14126079,0.08588474,-0.47751585,-0.2974841,0.21270774,-0.042139117000000004,-0.20377442,-0.5683073000000001,0.12409038,0.12453955400000001,-0.28682864,0.510778,0.03323442,0.0011232605,0.18762033,-0.06338626,-0.41620785,-0.19328071,0.1667629,-0.0022585292,-0.10434114,-0.014476485,-0.02672142,0.13839887,-0.064596765,-0.34916976,0.24157947,-0.062215585,-0.052892964,0.4221638,-0.16706215,-0.039142925,0.3186265,0.014315508000000001,0.11645927,0.033071775,0.32258058,-0.37273037,0.08908997,-0.05555082,-0.06428388,0.8162793,-0.41509926,0.20160756,-0.012300085,0.30180398,0.12858404,0.16064449,0.14939542,-0.58625305,0.48182476,-0.03586441,0.013364465,0.2563428,-0.07942985,0.12813134,-0.12239797,0.24658917,-0.15754285,-0.12785399,-0.23130646,-0.29332593,-0.10409888,0.27952984,-0.46307380000000004,0.12645823,0.014352761,-0.5837651,0.028833829,0.13453996,0.15234713,0.18512058,0.25412977,-0.42762804,-0.31720597,0.27807727,-0.24375193,0.1263738,0.2481849,0.13370866,0.54423904,0.11255813,-0.02156473,-0.07561625,0.10548004,0.051020317,-0.06600851,0.25317505,-0.14773250000000002,0.22592598,-0.008440804,-0.16496435,0.45703134,0.10661666,0.61783427,-0.014607307,-0.8929316999999999,0.07950533,0.44016007,-0.0949218,-0.26880556,0.9914609000000001,-0.27902454,0.015731612,-0.00801596,-0.40766144,-0.30349309999999996,-0.06304387,-0.32219785,-0.21008937,0.6618943,0.17524883,0.11805073,0.44840473,-0.10094422,-0.21759899,-0.36418059999999997,-0.20002002,-0.40717176,-0.4903628,-0.23919135,0.19660392,-0.47734168,-0.24876289999999998,-0.30194134,-0.17257002,-0.35654166,-0.026569772999999998,0.044523828,0.5675384,0.1926817,-0.31718642,0.14977774,-0.36203367,-0.5059988000000001,-0.36178985,0.27883297,0.26404017,0.13795485,0.11637068,0.017864674,-0.023593562000000002,0.50671494,-0.08223798,-0.17228483,0.24509098,0.17782384,0.22881958,-0.23302004,0.23565592,0.5528006,0.13492265,-0.016062759,-0.02103825,-0.2892126,-0.05539595,0.17125782,-0.027476802,-0.36565974,-0.05302233,-0.10100233,-0.40580234,-0.25949207,0.37742296,0.04828133,-0.027065335,0.018188188,0.09171774,-0.27170768,-0.25799322,0.064554945,0.3052982,0.28993088,-0.2355536,0.094700634,-0.035536297,-0.23561886,-3.6691712999999995,-0.17855419,0.013508338500000001,-0.33014324,0.26945883,-0.21089244,0.1262173,-0.10772169999999999,-0.52239877,-0.20238627,0.12505588,-0.18324402,0.27195040000000004,0.24094653,0.36020082,0.3849305,0.018319378,0.07393225,0.05345929,0.49749953,-0.13614783,-0.66402423,0.22393201,-0.15705936,0.278669,0.35882887,-0.31245443,-0.18557362,-0.39183637,-0.14637312,0.26946944,-0.103229865,0.09825389,0.30454874,0.05414992,-0.12330563,0.027305272999999998,-0.40563140000000003,-0.2216607,-0.36232373,-0.03955286,-0.6210558,-0.024706163,-0.005805263299999999,0.66887313,-0.27368775,0.049124137000000005,0.03930447,-0.022930566,0.3352622,0.25215843,-0.12680233,-0.4108271,-0.32939038,-0.18989861,-0.07200087,0.50718594,0.7066352,-0.1965771,-0.36665590000000003,-0.15263487,-0.01006137,-0.64917374,-0.19925825,-0.08864999,-0.18366845,-0.38917357,-0.026672935,0.08607332,-0.07018712,0.06686102,0.37033942,-0.38904476,-0.5125215,-0.23168249999999999,-0.04419287,0.3109989,-0.037569206,0.08846579,0.07271557,-0.24365656,-0.19768086,-0.08525771,-0.18876655,-0.054971263,-0.26643074,0.17288916,-0.41576174,-0.27841738,-0.73642147,0.12408284,0.23281242,0.3242554,0.25549236,0.36547820000000003,-0.1188249,0.5120806,-0.22073932,0.21266681,-0.35057253,0.29897392,0.30537453,0.41130188,-0.32131046,0.18969879,0.082717985,-0.22532201,0.16918729,0.27754992,-0.19866517,0.45450470000000004,-0.61930126,0.5436591,-0.28245646,-0.38013402,-0.08330959,0.28512678,0.38564268,0.11014629,-0.271985,-0.13010362,0.48399319999999996,-0.4114607,-0.37144202,-0.6152875,-0.051577196,-0.41227794,0.28867778,-0.22254506,0.22515152,-0.31859958,-0.20237292,-0.23058072,0.51922196,0.063992694,0.19413447,0.15319844,-0.4936263,-0.010325463,-0.15865892,0.17963639,0.27935714,0.2776898,-0.041072488,-0.0034885257,0.45154607,-0.14075617,-0.04301448,-0.34535548,0.1140195,-0.3194907,-0.39905202,-0.087299615,-0.41214803,0.21408243,0.19946812,0.36858606,-0.13858810000000002,-0.24381518,-0.5839498000000001,0.21190955,0.16248149,0.26221532,0.26683015,0.0682559,0.70433336,0.0654444,-0.14234073,0.03787819,0.024636402999999998,-0.28891550000000005,-0.08940947,-0.33695036,-0.43879318,-0.007795619,0.66409284,-0.09145199,-0.19347669,-0.3897103,0.1434869,-0.048121135999999995,0.053127814,-0.27614194,0.07611931,0.48205855,0.37853822,0.19750477,-0.4135398,-0.037801057,0.33441859999999995,-0.11109781,0.589522,-0.25414705,0.07311586,-0.13867752,-0.051439103,0.39695457,-0.5434724,-0.045425672,-0.06297172599999999,0.5483406999999999,-0.08195551,0.020010425,0.15758042,-0.13289703,-0.25653902,0.27544132,0.39105043,0.07977646599999999,0.12173479999999999,-0.38840145,-0.4275888,-0.37190232,0.20931820000000004,0.13579234,-0.27143246,0.09138697400000001,0.022164686,-0.4012486,0.35882849,-0.0995526,-0.15784487,0.12268231,-0.10187292,-0.48765686,-0.28244817,0.27445695,-0.117100514,-0.17987432,-0.3662312,0.03185127,-0.845666,0.0023506298,0.04717304,-0.20260338,0.57508606,0.057409097,-0.26240835,0.08891260599999999,-0.24468607,-0.41555512,0.20475301,-0.19753152,-0.55162966,-0.0687156,0.16194509,-0.17674822,0.45589438,-0.32173386,0.5568214,-0.04214545,0.058596782,0.08364759,-0.34190667,0.29905877,-0.4620207,-0.5327670999999999,0.059007055999999995,-0.5478103,-0.18224172,-0.14786117,-0.2808082,-0.105123125,-0.06959417,0.28947815,0.11181353,0.11771210000000001,0.06994474,0.08488988,-0.39042684,-0.01162963,-0.06877950599999999,0.09365829,-0.37402340000000006,0.15084787,-0.17703128,-0.1345036,-0.48131058,0.4528063,0.024522522,-0.30622253,-0.27483237,0.28005356,-0.17232628,0.19970722,-0.19187674,-0.18198745,0.1702168,0.17133746,-0.052755437999999995,0.38462755,-0.16285323,-0.20863983,0.11158541,-0.11086742599999999,0.004135058,0.7394244000000001,-0.39663392,0.1827434,0.23988739999999997,0.117611304,0.15491681,0.22130102,0.2385125,-0.35006145,0.38741088,0.14978428,-0.547205,0.33000377,-0.044494875,-0.20874958,-0.50708944,0.7250466,0.5658103,-0.3313262,-0.45822975,-0.07019253,-0.029569184,-0.038311575,-0.18919854,-0.039066337,0.041244023,0.65767604,-0.26174435,0.10510776,0.17179362,-0.31127056,-0.29212362,-0.031561796,0.35089254,0.1743069,0.33390972,-0.41264358,0.6304264,-0.18075220000000003,0.07058643,-0.39923990000000004,-0.059020188,0.11440732,0.036600783,0.00633638,0.0874863,0.6265239,0.51790214,0.43585014,0.3025531,0.20752788,-0.031499956,0.77967817,0.44339654,0.36568397,0.45709503,-0.018380694,-0.10855491,-0.11699299,0.33565113,0.14608014,0.39471272,-0.0076934136,0.84209555,0.13844214,0.07226729,0.21799521,-0.48174325,-0.095462665,0.11159474400000001,0.023554742000000004,-0.33450599999999997,-0.37411967,-0.012434795,-0.12046434,-0.06812346,-0.25605172,-0.35401326,-0.37689495,0.45956135,-0.11707606,-0.23957744,-0.23170218,0.30380777,0.08940441,0.027187943,-0.38478348,-0.19277084,-0.2857255,-0.47965810000000003,-0.18186717,0.07532188,-0.35407883,-0.42700859999999996,-0.043185234,-0.024152346,0.23081309,-0.2691314,-0.08835426,-0.34480724,0.43476270000000006,0.18069856,0.58585113,0.10934816,0.074283905,-0.48896253,-0.05861338,0.11967241,0.4152095,0.32551762,-0.023706942999999998,0.44637674,-0.20812060000000002,0.23652403,0.18389678,0.6420428,-0.63102764,0.09467415,-0.03406005,0.14856434,0.10655987,0.1821523,-0.21315925,0.42904276,-0.37410033,-0.18826328,0.087160446,-0.03650778,-0.16877533,0.00010970598999999998,0.063765526,0.40398192,-0.20348124,-0.024958499,-0.08972984,0.30421788,0.028309645,-0.072073154,-0.23359251,-0.32367653,-0.46685829999999995,-0.0871495,-0.25944704,0.42727062,0.27771813,0.23179722,-0.23852952,0.07834821,0.8366501000000001,-0.22217862,-0.12146574,-0.32962870000000005,-0.08164888599999999,-0.45587520000000004,-0.101187915,-0.07602415,0.21789509,-0.15889454,0.0014780270999999998,0.17184246,-0.10195892,-0.33115688,0.30575395,-0.19208282
67,4,-0.44789799999999996,0.040207647,0.27773887,0.18102264,0.46442658,-0.4205852,-0.22077539999999998,0.89012575,-0.098126926,-0.3966348,0.3887782,-0.5341209,0.14022754,0.3466413,-0.058559954000000004,0.36524159999999994,0.13552925,0.13278496,-0.24343199,0.29293284,0.13708344,-0.20993641,0.41350865,0.6490526,0.16976447,-0.45070475,-0.043647285999999993,0.04195622,-0.28401822,-0.068001434,0.40366009999999997,-0.038700335,-0.47859973,-0.18597436,0.010536533,0.06660224,-0.31026554,-0.23052922,0.0030406447999999997,0.21273289999999997,-0.641676,-0.24763484,-0.012855351000000001,0.16538687,-0.3014953,-0.3779188,-0.14384395,0.014799782,0.0041018636,-0.013414855,-0.35365075,-0.17433627,-0.21697675,-0.107230514,0.34500040000000004,0.7574338,-0.08048601400000001,-0.26034623,-0.6081270999999999,-0.24401851,0.46298802,-0.054339055,-0.19220443,-0.7178777,0.46766463,-0.06318853,0.13255289,0.15173399999999998,-0.6642685,-0.3207147,-0.16052607,-0.04762765,-0.19581375,0.18970689,-0.26537067,-0.11710568,-0.21932423,0.2819107,0.07293746599999999,-0.29902372,-0.21707149,0.20204097,-0.53697896,0.49087659999999994,-0.097059,0.45653683,0.2443516,0.18900916,-0.24813110000000002,0.6601967,0.32204540000000004,-0.45415500000000003,0.26656333,0.04965949,0.19845575,0.059708573,0.5035615,0.063849896,-0.43298483,0.6951169,0.22470443,-0.4002461,-0.04168221,-0.23399454,0.45907304,-0.30803668,0.29918206,0.41145109999999996,0.026436666,0.16946922,-0.05807926,-0.19684987,0.06882741,-0.29473773,-0.21500458,0.0029543475,0.13056968,-0.17695450000000001,0.33833566,0.27313098,0.21356556,0.04061329,0.09375485,1.082026,-0.24661583,-0.037627343,-0.50523174,0.62233335,0.0033093047999999997,-0.3322151,-0.04388971,0.24955572,0.06253941,-0.40594307,-0.09374501,0.18903859,0.018850623,-0.4005962,-0.52813673,-0.0023956848,0.000616608,-0.23186228,0.6206716999999999,-0.10407096,-0.112788126,0.019539031999999998,-0.100643635,-0.43376192,-0.11333007,0.08875356,0.028683222999999997,-0.12935066,-0.07096084,0.048717227,-0.1994673,-0.08052946,-0.21989566,0.10823673,-0.12405902,0.015689578,0.026291927000000003,-0.34834468,-0.11773807,0.16375262,-0.19979607,-0.05172583,0.31111735,0.25582403,-0.31790987,0.37432954,-0.1421874,0.0988856,0.7970557,-0.29538709999999996,0.28998348,-0.2484719,0.29942805,0.027317652,0.1978043,0.30113396,-0.6026732,0.38433534,0.0011059757000000002,-0.20746839,0.39980134,-0.020882653,0.27305716,-0.15446855,0.16949113,-0.12524998,-0.05841359,-0.28401786,-0.41133377,-0.09081041,0.21247268,-0.6452234,0.18382332,-0.010796525500000001,-0.46311763,0.07876087,0.045330495,0.16847382,0.17502904,0.24809828,-0.14841571,-0.4698982,0.18297628,-0.22589402,0.10442903,0.3212632,0.079039894,0.4450635,0.12298381,-0.17670704,0.07629407,0.10811019999999999,-0.029962419,-0.09148432,0.20688814,-0.10132033,0.25233984,-0.1480428,-0.28979707,0.32984644,0.12450317,0.6466458,-0.043231115,-0.73967326,0.19096786,0.69478303,0.07010461,-0.14976105,0.9349861999999999,-0.22051862,-0.23977132,-0.078221485,-0.5382246999999999,-0.28507337,-0.13566661,-0.23773584,-0.17020538,0.6925324,0.16699849,0.043321714000000004,0.38861668,-0.19489315,-0.17480563,-0.29247132,-0.12667242,-0.49664440000000004,-0.64257234,-0.4551023,0.056985565,-0.54432935,-0.19614725,-0.3226373,-0.12624884,-0.17392665,0.06644039,-0.12540348,0.5554340999999999,0.17400573,-0.5311689,0.078206435,-0.35119605,-0.5442903,-0.15826465,0.27705345,0.32391518,0.07053294,0.3292963,0.08538851,0.011098003,0.38875365,-0.14114946,-0.16103767,0.24540496,0.24036509999999997,-0.026727721,-0.19322616,0.43344015,0.5992522,0.10907362,0.05240369,-0.14796825,-0.14624958,0.038908705,-0.07058773,0.06993244,-0.25652800000000003,-0.17307165,-0.08850243,-0.37888733,-0.31766596,0.19441031,0.02045278,-0.04319763,0.23712547,0.22206175,-0.2148422,-0.4031212,-0.052902732,0.21595396,0.18265615,-0.29439738,0.12256113,-0.10036192,-0.22561029,-4.0786095,-0.018111583,0.05904229,-0.31025398,0.22899804,-0.12665756,-0.028215433999999998,-0.14575447,-0.50179064,-0.21916619,0.104531825,-0.19126166,0.21540633,0.26982084,0.11329137,0.4407902,0.13559993,-0.12769191,0.057748064,0.44270820000000005,-0.04905422,-0.7301384,0.27814922,-0.18409629,0.29085654,0.4805335,-0.3358241,0.026990535,-0.34668043,-0.22898701,0.1511395,-0.119430095,0.1528662,0.15198055,0.12144496,-0.026502308,-0.019727055,-0.2724197,-0.21173775,-0.3929831,-0.17227717,-0.512595,-0.024159913999999998,0.004091526,0.73750824,-0.42049906,0.121507965,0.20720318,0.05414293,0.34269109999999997,0.3168645,-0.2407478,-0.39220753,-0.351452,-0.25981027,-0.22145967,0.46320432,0.5770458,0.015583606000000002,-0.42900717,-0.078165375,-0.095397204,-0.74224716,-0.11876107,0.0077407192,-0.124322645,-0.38293117,-0.10164598,0.106382705,0.03885296,0.13237801,0.3741642,-0.36245933,-0.64110947,-0.06274369,-0.19308025,0.22534244,-0.12209569,0.030044116000000003,-0.02007791,-0.14388017,-0.02911544,-0.09935217,-0.07572501,-0.14527631,-0.40114093,0.30901852,-0.24929635,-0.36874232,-0.75551695,0.29670784,0.014499192,0.5475803000000001,0.16787048,0.4144477,-0.13122863,0.46295238,-0.10316961,-0.0008158797000000001,-0.5888688,0.25080478,0.08984137,0.3667977,-0.17344025,0.26491046,-0.0939966,-0.10420297,0.13476034,0.34194794,-0.20182717,0.5618798,-0.5203886,0.44379833,-0.38653657,-0.27600768,0.06542462,0.41841775,0.46594197,-0.026396307999999997,-0.2753266,-0.13519926,0.6589294,-0.286948,-0.24430554,-0.36387455,-0.07515373,-0.43251732,0.22614731,-0.08844668,0.16472399,-0.2924155,-0.043723452999999995,0.009846923,0.48858804,0.07617235,0.20870106,0.030406514,-0.44853443,0.19271646,-0.08470078,0.25254774,0.3715682,0.04395402,-0.032422732999999995,-0.09240176,0.30934745,-0.111522466,0.17051765,-0.33270717,0.19250657,-0.52039003,-0.48850417,-0.23199992,-0.1880705,0.14103565,0.032864912999999996,0.44501838,-0.06392762,-0.08081092,-0.5884802,0.33964685,0.16003178,0.34561622,0.4462616,-0.020901788,0.49642533,-0.023932963999999998,-0.21107034,0.006781188299999999,0.10696528,-0.20899093,-0.016026692,-0.17690417,-0.43023062,-0.10449204599999999,0.3454699,0.15206423,-0.08003778,-0.35715055,0.18893841,0.12733963,-0.19262034,-0.24032688,0.08672819,0.37302548,0.4342032,0.1571402,-0.50701666,-0.009730866999999999,0.1990532,0.13137022,0.49846914,-0.35255384,0.18819244,-0.06724771,0.049107052000000005,0.36159343,-0.49102774,-0.13620001,-0.02713251,0.42609254,-0.07208166,0.122500315,0.18024047,-0.13520287,-0.19986781,0.14261724,0.34260103,-0.0029014694,0.13777584,-0.45230865,-0.19148512,-0.34096184,0.21823128,0.123906575,-0.3232685,0.3397403,-0.11373843,-0.44469574,0.44126457,-0.10411449,-0.30245954,0.036057476,-0.009345119,-0.48989399999999994,-0.12671225,0.18997706,-0.07087703,-0.17945032,-0.35777259999999994,0.011498813,-0.6602043000000001,0.052478265,-0.10605767,-0.07547914,0.565495,0.16996102,-0.46232929999999994,0.32270136,-0.21647629999999998,-0.44458008,-0.07033642,-0.13630243,-0.37366906,-0.0036123797999999996,0.15539344,-0.056038365,0.41055859999999994,-0.20268844,0.6206729,-0.21233366,-0.02009625,0.116441175,-0.25499362,0.09925374,-0.35059434,-0.6928774999999999,0.017553061000000002,-0.52983373,-0.16980185,-0.23000818,-0.33164132,-0.10405274,-0.013583100000000002,0.31480159999999996,0.14917952,0.0062561644999999996,0.088698655,-0.0060675573,-0.406491,0.15415728,-0.015163093,0.24603145,-0.3503196,0.14641891,-0.19774735,0.034987878,-0.49381074,0.43460917,0.009192200000000001,-0.35570118,-0.29628655,0.31083590000000005,-0.26463804,0.20129208,-0.28591344,-0.5127341,0.20113562,0.03677101,-0.046673335,0.31478524,-0.17181133,-0.024154916000000002,0.08956040400000001,-0.14917147,-0.06609818,0.9485134,-0.25912187,0.2909518,0.040468544,0.08068055,0.123335585,0.116083965,0.08185816,-0.22607179,0.3705785,0.19784625,-0.38970947,0.21512553,0.10202688,-0.1014246,-0.8202858000000001,0.57333785,0.43977463,-0.19378865,-0.27656257,-0.030954482000000002,-0.05031105,0.10278064,-0.1548548,0.10466769999999999,-0.21691285,0.47688028,-0.29506707,0.3038272,0.44622390000000006,-0.45130146,-0.24297863,0.035422783,0.11207283,0.2748129,0.39032155,-0.3398643,0.57198924,-0.22628719,0.021345729,-0.50526786,-0.04006074,0.28837642,0.021343736000000002,0.04214767,0.04186349,0.5573520000000001,0.27703196,0.46872774,0.24048531,0.09304391599999999,0.015622753999999999,0.7774571,0.33706287,0.25689209,0.32585925,-0.050766554000000005,0.11561379999999999,0.1906375,0.15912688,0.23148802,0.4093364,-0.027191142999999997,1.0350296,0.30098304,0.29405847,0.38738748,-0.5949564,0.14241941,0.22098091,0.2736118,-0.45640418,-0.4093981,0.026792131,-0.120983705,0.0026446409999999997,-0.14768514,-0.39737102,-0.33534062,0.5550401,-0.03964605,-0.13925588,-0.19681375,0.29707265,0.103361286,0.19505799,-0.4644073,-0.25815123,-0.20025937,-0.35977950000000003,-0.17284229999999998,0.048192445,-0.22422154,-0.23647912,-0.14221795,-0.09211775,0.2776499,-0.29841015,0.13780142,-0.47361472,0.39095142,0.3529075,0.39444894,0.11195934,0.20228339999999997,-0.3666273,-0.06443333,0.14256604,0.26852274,-0.05030823,-0.004082363,0.4722925,-0.22375211,-0.06995727,0.05216476,0.63021994,-0.47876576,0.08169348,0.15009466,0.018146504,0.029000089,0.27216431,-0.264165,0.3161542,-0.41846648,-0.36984533,0.057445087,-0.099655084,-0.039109774,-0.16548896,0.33531540000000004,0.46175423,-0.14402939999999997,0.22154720000000003,-0.21444176,0.27100652,0.15675236,0.009982099999999999,-0.25796217,-0.43557486,-0.3931402,-0.044109542,-0.14263701,0.18023555,0.15556029999999998,0.1797951,-0.30802929999999995,0.14288618,0.8112385,-0.34498698,-0.35132977,-0.4044542,0.07111944,-0.27178314,-0.1451252,-0.17528595,0.28501785,-0.22032784,-0.11717862,-0.059250212999999996,0.020361757,-0.5196573,0.34793591,-0.38685417
68,6,-0.23940994,0.00093799795,0.39045438,0.108850084,0.2056705,-0.032763198,-0.26660275,0.5625049,0.12481596,-0.5237074,0.28363466,-0.07957289,0.027838228,0.19444539,-0.105874725,0.39791328,-0.09093269,-0.06280906,-0.0200337,0.26413462,0.08809713,-0.1297546,0.22041377,0.6631785,0.26203093,-0.16980469,0.03327013,-0.079895735,-0.14514653,-0.1747681,0.53185236,0.19131853,-0.2758516,-0.37291420000000003,0.09631156,0.040561818,-0.37130293,0.00789298,-0.18125924,0.07224445,-0.74414915,-0.36948767,-0.19051902,-0.044208199999999996,-0.32924113,-0.12617634,0.056436095,-0.30370697,0.111756325,-0.21777609,-0.51557535,-0.14910917,-0.27874535,-0.14214010000000002,0.12846112,0.7160236999999999,0.033411376,-0.35579064,-0.68150765,-0.32958344,0.3638187,-0.16530238,-0.085760646,-0.24753684,0.24784125,-0.08765188,0.23661985,0.43119958,-0.6977455,-0.28638262,-0.5681531999999999,0.060683113,-0.27489418,0.07279826,-0.11292166,0.06812503,-0.10497634,0.19683848,-0.045386694000000005,-0.07338172,-0.22487797,0.31626168,-0.42637053,0.29164037,0.11300156,0.28520083,0.07318908,0.068427056,-0.39280298,0.7688139,0.34038779999999996,-0.44923365,0.30234984,0.04935371,0.23827429,-0.029056553,0.44908163,0.099987805,-0.17014506,0.7469636,0.23561825,-0.24609952,0.02240289,-0.4251688,-0.0083900755,-0.24790098,0.035534084,0.09129538,0.08569076,0.08772608,0.026587376,-0.04907484,-0.375182,-0.1895511,0.019371094,-0.23715657,-0.06826372,0.014844485,0.20366868,0.28972512,0.020381411999999998,0.06134553,0.18324895,0.58774567,-0.0028292459999999997,-0.07278267,-0.21563148,0.3053201,-0.13234533,-0.21721970000000002,0.15172239999999998,-0.031036807000000003,0.15399903,-0.47646478,-0.2796853,0.034747783,0.047219752999999996,-0.048244204000000006,-0.2985129,0.10234624,0.081534654,-0.33137888,0.41107088,-0.04264316,0.15957603,-0.050017186,-0.15673198,-0.31161276,-0.11067429,0.36246634,0.039230652000000005,0.22912213,0.047066998,-0.24885670000000001,-0.07943737,-0.14203168,-0.3039387,0.2588253,-0.22549796,0.1311067,0.35109484,-0.10534847,-0.04485959,0.38029537,0.19221237,0.023687072000000003,0.12593605,0.30454603,-0.16069588,0.043535534,-0.064674444,-0.13263153,0.8429001,-0.29306886,0.005435234000000001,0.055843312,0.35336927,0.087438814,0.26105136,0.06998692,-0.48744719999999997,0.16656646,0.12960397,0.02069878,0.27743614,-0.029057633,0.21652667,-0.20188288,0.15937303,0.12314577,-0.31484035,-0.2668659,-0.07211041,-0.18472270000000002,0.17200825,-0.43131949999999997,-0.028391277000000003,0.13490523,-0.48329297,-0.16099520000000003,0.15277342,0.07149815,0.19259920000000003,0.16020675,-0.29633883,-0.2140552,0.03026515,-0.21017285,-0.063602276,0.44679976,-0.003765451,0.42845556,-0.020817116,-0.095874526,-0.076362565,-0.05812176,0.0018797352999999999,-0.101070374,0.22887094,-0.09704787,0.27634132,0.019075999,-0.055535400000000006,0.21725032,-0.07150013,0.6750029000000001,0.06447748,-0.5488121,0.24286288,0.21686473,-0.24665417,-0.3362672,0.49576807,-0.31230885,0.21602137,0.063989155,-0.41680205,-0.20953996,-0.103557155,-0.009948561,-0.16665944,0.4397772,0.0315618,0.08467317,0.18673402,-0.042562105,-0.085844524,-0.08945909,-0.1656856,-0.32374686,-0.6207421,-0.15421423,-0.05429191,-0.35454202,-0.23027568,-0.43958366,-0.22854692,-0.26582506,-0.058570955,-0.003027567,0.5076208,0.26286529999999997,-0.11402436,0.10447983,-0.21040322,-0.47023290000000006,-0.11485814,-0.00043043806,0.17093469,0.10342093,0.048258126,-0.103001945,0.027428533999999997,0.6408984000000001,-0.2900435,0.015462388999999998,0.31890824,0.07184036,-0.013897565,0.025973624,0.16540906,0.38846803,-0.17619093,0.16918384,-0.08629538,-0.16262919,0.19803792,0.21313894,-0.032383672999999995,-0.22659431,0.02659761,-0.0038159185,-0.38431862,-0.16452170000000002,0.5391608,-0.057546942999999996,0.028318336,0.1206769,0.05022982,0.047203958,-0.20072916,-0.14834096,0.362527,0.41343498,-0.27645686,0.0014637684,-0.06810727,-0.31291145,-3.9830262999999997,-0.17591451,0.096962094,-0.23578204,0.27622652,-0.007945033,0.12704425,-0.07502919999999999,-0.40122014,-0.290113,0.04210358,-0.26796085,0.14318836,0.122470625,0.20709783,0.2899555,0.005980778000000001,-0.05341095,-0.098243766,0.5959946999999999,-0.10989733,-0.57450503,0.14673191,0.042445246,0.26877929999999994,0.19169772,-0.27867842,-0.12446989,-0.42182064,-0.012069658,0.21819519,-0.20502043,0.18408604,0.24163911,0.08553633,-0.030366924,0.009279406,-0.3380244,-0.2657218,-0.41431496,-0.057147685,-0.45899520000000005,0.01772798,-0.14084497,0.7666129,-0.09704821599999999,0.0035643396000000003,0.063661516,0.06398474,0.33423138,0.19113612,0.27385205,-0.29459533,-0.26206353,-0.22503147,0.05796586,0.33657515,0.6097872,-0.20777762,-0.31274182,-0.095116585,-0.018120501,-0.5951065999999999,-0.08148135,-0.1206117,-0.23193167,-0.42245029999999995,-0.043782398,0.07962993,-0.036747467,0.0062351134,0.33884126,-0.33672476,-0.54806244,-0.08252377,-0.17208251,0.20347609,-0.075803235,0.27786848,-0.00920435,-0.13388078,-0.36829805,0.107699364,-0.13117772,-0.14415151,-0.25708324,0.06469515,-0.27139318,-0.41915673,-0.5718422,0.055231497000000004,0.17557813,0.3151773,0.1690039,0.15734485,-0.16630647,0.40542203,-0.049098656,-0.01207861,-0.30266509999999996,0.24816446,0.049375836,0.39774466,-0.0056690564,0.05456554,0.123825945,-0.28840125,0.17464137,0.20912696,-0.17104365,0.40569514,-0.30557522,0.48092946,-0.16563489,-0.37130004,0.029850535,0.16652182,0.35697070000000003,0.14254023,-0.26299609999999995,-0.16330612,0.39339185,-0.3670928,-0.42743546,-0.6697761,-0.09092273599999999,-0.15418394,0.27572456,-0.22663641,0.10222819,-0.21707143,-0.21287692,-0.40144753,0.3012616,0.05955615,0.035791058,0.22325484,-0.27373642,0.04793049,0.07223733,0.28850082,0.27406657,0.2403301,-0.16614357,-0.067381635,0.42887256,-0.18788010000000002,-0.11314128,-0.15905887,0.09569151,-0.27760762,-0.25020874,-0.19307944,-0.32984924,0.16682033,0.18367541,0.27649429999999997,-0.2523453,-0.0077897357,-0.44755363,0.32562409999999997,0.15573779999999998,0.19408998,0.11795997,-0.004449705,0.61646956,0.14345138,-0.30065125,-0.036851645,0.09201127,-0.37126416,-0.09216424,-0.17518118,-0.4857099,-0.12698607,0.45715702,0.0756551,-0.26324916,-0.2026135,0.19811065,-0.031170925,0.0696668,-0.14894688,-0.14561413,0.29177943,0.21670504,0.13372843,-0.21442296,-0.1406561,0.26124576,-0.22188681,0.46820787,-0.11742429,0.009127538000000001,-0.15971996,0.0032658386,0.2971614,-0.2922743,-0.08194527,-0.02569165,0.35727325,-0.0373444,-0.18488906,0.18157147,-0.12490922,-0.26521695,0.14637786,0.33135036,-0.09396487,0.14364326,-0.33528832,-0.35881922,-0.4309925,0.014139648999999999,0.07419028,-0.42708623,-0.017035922,0.00043524085999999997,-0.38595912,0.29660296,-0.019289386999999998,-0.145197,-0.07797241,-0.029290222,-0.32092154,-0.09238104,0.061125055,0.020611694,-0.22720887,-0.15686296,-0.07182539,-0.7216621999999999,0.028634437999999998,0.16033529,-0.16122857,0.28213242,0.18501846,-0.34119695,0.19606577,-0.08993571,-0.33399636,0.19752574,-0.08513854400000001,-0.4610327,0.29141477,0.31533720000000004,-0.17142527,0.2815167,-0.2706732,0.6718137,-0.100438595,-0.027324117999999998,-0.048256099999999996,-0.41068813,0.18665399,-0.48463246,-0.37538332,-0.15328848,-0.396425,-0.31053048,-0.25289282,-0.19047463,-0.14275046,-0.042095165999999996,0.26043773,0.19246542,0.006362643,0.12128105,0.15983747,-0.5489906,0.15553664,-0.04562459,0.072421834,-0.24923639,0.32951623,-0.1533274,0.03435116,-0.32535145,0.53819954,-0.38600117,-0.17659336,-0.16390020000000002,0.14494608,-0.05617225,0.17824656,-0.15791048,-0.16634175,0.12849374,-0.11685395,0.019626533999999998,0.41887876,-0.06271515,-0.16110504,-0.019222772,0.009674031999999999,0.26184058,0.79927796,-0.22434312,0.1945188,0.23880354,0.24780579,0.027816728,0.27148136,0.30607817,-0.20657386,0.26475534,0.24176256,-0.49124962,0.27493823,0.09941243400000001,-0.18346961,-0.19309852,0.6513356,0.43480098,-0.27979687,-0.48529264,-0.11581913,-0.26848722,0.023271177,-0.035385314,-0.10737081,0.114050105,0.6076512,-0.27027705,0.018285311999999998,0.20830677,-0.26264444,-0.25333735,-0.036866594,0.23306991,0.13318323,0.5591345,-0.47197852,0.35901472,-0.12831515,0.07975837599999999,-0.14492254,-0.13943803,0.20059898,0.11861956,-0.028998442000000003,0.16096660000000002,0.5789607,0.33273357,0.31742746,0.22293526,0.22383328,-0.109746665,0.49881855,0.5770002,0.22072598,0.30183578,-0.043049823,-0.10127472,0.0042855185,0.34271106,0.08372904,0.44001785,-0.05381097,0.71491826,0.30475676,0.23629529999999999,0.30535436,-0.5250179,-0.3033094,0.010785881,0.086750574,-0.28879994,-0.097108044,0.05978145,0.013527333999999998,0.21523964,-0.13822341,-0.25693148,-0.21280688,0.45559648,-0.034051097999999995,-0.10494242599999999,-0.100860715,0.32671818,0.04142206,-0.09408795,-0.5694607,-0.12380581,-0.37644848,-0.35309702,-0.036467124,0.040877916,-0.20817508,-0.16974747,0.047073225999999996,0.026383605,0.22598417,-0.13002099,-0.1820398,-0.17011803,0.35720763,0.14238289,0.4085797,-0.020561581000000002,0.13261719,-0.25112405,-0.092338145,0.2810816,0.32513902,0.21810347,-0.06491667,0.37822986,-0.14828637,0.069959626,0.18432361,0.2540608,-0.5633719,0.16092347,-0.13423336,0.064004965,-0.07241551,0.16884854,-0.2651374,0.26013106,-0.33626184,-0.18983792,0.14665793,0.042469735999999994,-0.04044974,0.19282325,0.048152752,0.34243307,-0.21409229999999999,0.09197726,-0.02111353,0.2611194,0.0014154632000000001,-0.09290481,-0.21095891,-0.29553393,-0.48078248,-0.011534736499999998,-0.036019027,0.24459088,0.19151057,0.16980626,-0.22120191,-0.07389749,0.6828424,-0.32788590000000006,-0.12440565,-0.2710611,-0.27793476,-0.30614454,-0.10066502,-0.15159939,0.12512653,-0.16812885,-0.10916004,0.0034541816,-0.19382362,-0.29461926,0.24036855,-0.10579041
69,9,-0.0447173,-0.23763576,0.408595,-0.07981583,0.20358671,-0.21236035,-0.31547615,0.7836714,-0.12262626,-0.29925704,0.14894393,-0.18044688,0.20218666,0.34426984,-0.22364993,0.51598924,-0.20025223,-0.12125703,-0.01465791,0.2520719,0.35856286,-0.09815399999999999,0.051073182,0.50674134,0.47605929999999996,-0.07421931,-0.065850176,0.010916948000000001,-0.10207549,0.12341257,0.53069055,0.019983834,-0.27013755,-0.117703035,0.10832179,-0.052596215,-0.23989828,-0.041313097,-0.29072195,0.25740728,-0.56515664,-0.24854918,0.05175389,0.12334525,-0.3925515,-0.27338320000000005,0.17618357,-0.30505207,0.23244637,-0.25422084,-0.27186093,-0.10532557,-0.52775836,-0.19413221,0.10397875,0.64396614,-0.16093257,-0.36314026,-1.0620638,-0.12654038,0.24012291,-0.08895744400000001,-0.03384107,-0.2770118,0.41292632,-0.14530204,0.023169532000000003,0.29836127,-0.6506076999999999,-0.20711201,-0.35803014,-0.069592156,-0.116447754,0.39217633,-0.29678267,0.2626433,-0.19944923,0.47026426,0.038128472999999996,-0.18302388,-0.22793323,0.32546790000000003,-0.4086574,0.41099575,0.005998384,0.037488468,0.033271205,0.16590692,-0.12339993,0.6983665,0.45103684,-0.7087901999999999,-0.047503036,-0.2320551,0.14715774,-0.1769343,0.31588605,0.02159966,-0.39474425,0.4839018,0.16858386,-0.082375534,-0.06097818,-0.55916554,0.007980885,-0.23840635,0.08352516,0.17873085,0.17859274,0.33467352,0.13792688,0.02612761,-0.1020707,-0.092292935,-0.07607033,-0.026949255,0.0047668437,0.08323173,0.29446518,0.23388611,0.060497414000000006,-0.17369568,0.12776087,0.75962967,0.12698768,-0.075895354,-0.21582298,0.41038692,-0.29115555,-0.44068100000000004,0.23698914,0.032061572999999996,-0.19208385,-0.7011927,-0.34578866,0.372316,-0.10814647,-0.49469218,-0.5567482,0.10948214,0.058557674000000004,-0.16512205,0.45811579999999996,0.0036140609999999996,0.017673016,0.25588042,-0.11171195,-0.37642753,-0.21135720000000002,0.14642091,-0.099906944,-0.368373,0.10367306,-0.16029574,-0.08796514,-0.16802303,-0.17550269,0.22292426,-0.29550624,0.13874002,0.47036397,-0.19489647,0.19453724,0.24080361,0.36677456,0.2007175,0.27123383,0.21413834,-0.46456414,0.00019630439,0.0511002,0.1257732,1.0902083,-0.1156698,0.24013804,-0.08444576,0.16966286,0.28418540000000003,0.18172401,0.015005258,-0.47638074,0.24491817,-0.1454496,0.044551514,0.33854209999999996,-0.20249212,0.16689587,-0.19325171,0.37720159999999997,0.028652819,-0.35191500000000003,-0.10163194,-0.3590927,-0.12745039,0.16973878,-0.5920623,0.17227085,-0.106579155,-0.25358963,0.1424121,0.18280439999999998,-0.1145979,0.39254388,0.25751874,-0.29731956,-0.21894429999999998,0.4123905,-0.008665404,0.16769813,0.41203263,0.068994276,0.5159806,-0.13231885,0.0050199070000000005,-0.04474057,-0.06428364,0.34540027,-0.24680349999999998,0.08890003,0.06766489999999999,0.18928492,0.2722186,-0.13959956,0.30226916,0.14099613,0.7196413,-0.20095226,-0.6657193,0.09418175,0.39343193,-0.20937747,-0.31246236,0.60137534,-0.106117874,0.026204357,0.017072656999999998,-0.45778826,-0.5477827,0.116154715,-0.28268126,-0.09242077,0.26330566,0.10987707,0.28974846,0.2196708,0.054493204,-0.42649,-0.28575212,-0.053357754,-0.23565176,-0.5797243000000001,-0.43265676,0.07234802,-0.55848414,-0.27237463,-0.34853423,-0.072303265,-0.41623282,-0.23831615,-0.024998384,0.5666418000000001,0.14682662,-0.08213634,-0.05402635,-0.44662700000000005,-0.25010340000000003,-0.13720441,0.34883413,0.17320181,0.21320406,-0.19221005,-0.037576035,-0.159012,0.6557859,-0.05209863,0.08684049,0.39545786,0.0020314415,0.22514981,-0.19953959,0.3167437,0.41942972,-0.23223917,0.12946263,-0.1384537,-0.2003323,-0.11690675,0.49251148,-0.32213587,-0.51280004,-0.061386675,-0.23631535,-0.38322687,-0.40345490000000006,0.6259576,-0.026865682000000002,0.047452394,0.042643424000000006,0.14942396,-0.450612,-0.24195719,0.28639767,0.45644409999999996,0.2647739,-0.059494514000000005,0.09291521,-0.34186074,-0.36353433,-3.8433870999999997,-0.0046509476,0.24797244,-0.43171588,0.31638178,-0.06281695,0.18058665,-0.27245846,-0.4941612,-0.41983580000000004,-0.09053835,-0.37530935,0.09782186,0.076661,0.3454365,0.29933786,0.18639894,0.113122076,-0.24344556,0.47157615,-0.044225506,-0.38140336,0.3096137,-0.063347116,0.30542144,0.33928335,-0.37077540000000003,-0.18530782,-0.31029838,-0.096602105,0.17021899,-0.16595027,-0.032322212999999995,0.26219186,0.1348522,-0.07026776,-0.035031296,-0.46993932,-0.06749772,-0.24387892,-0.11113098,-0.63053507,-0.0021246064,-0.17943476,0.8399424000000001,-0.25057626,-0.09309095,0.04000011,-0.0020768172,0.37906,0.06664596,0.038831547,-0.37587255,-0.46704456,-0.22722855,0.35193405,0.46151254,0.7726763000000001,-0.14869127,-0.26693976,0.016823873,-0.079654,-0.3537307,0.04012483,-0.101376615,-0.25986856,-0.295939,0.0075931256,0.24925557,0.08789407,0.011762496,0.42460180000000003,-0.32385695,-0.5235199,-0.1397688,-0.008996226999999999,0.034193113,-0.08459403,0.33601496,0.17604944,-0.049089212,-0.06452176,0.025131747000000003,-0.13519941,-0.21274237,-0.21223629,0.13679168,-0.29151309999999997,-0.42148500000000005,-0.6733897,-0.016898813000000002,0.03511419,0.13606614,0.2612698,0.15414779999999997,-0.16396457,0.38791970000000003,-0.2902591,0.022732846,-0.11131841,0.13573976,0.24722506,0.650238,-0.24984075,0.1917151,-0.08895606,-0.34542462,0.28693575,-0.13346124,-0.08416783,0.6859937,-0.665937,0.5375346999999999,-0.37541258,-0.5323289000000001,-0.13613054,0.20425074,0.55013794,-0.03607202,-0.26122984,-0.069247425,0.53709173,-0.6100098,-0.4923629,-1.0479171999999999,0.037633266,-0.34710017,0.022323744,-0.19413732,0.3749441,-0.20815977,-0.40081128,-0.18563272,0.6367428,0.010037298,0.11010332,0.08717427400000001,-0.5170278,-0.005793848000000001,0.07760738,0.010168557,0.35780793,-0.041755,-0.11749638,0.02635443,0.35722002,-0.2407978,0.30425736,-0.16213849,0.12937623,-0.2124985,-0.3018947,-0.05724583,-0.6219925999999999,0.15134662,0.22671188,0.1597085,0.03899896,0.010919116999999999,-0.47442904,0.21066542,-0.014343099,0.13077389,0.25028914,0.10641263,0.47976434,0.05757076,-0.009860686,-0.100026116,0.10404636,-0.6665482,0.045184184,-0.3419076,-0.20376103,0.07486231,0.6285202,0.08644196,-0.1557883,-0.21449697,0.20268016,-0.007957615999999999,-0.08340287,-0.10532337,0.031692274,0.3728347,0.2022611,0.27556983,-0.2376071,0.17465766,0.14538370000000003,-0.35315853,0.87428313,-0.030614067000000002,0.07424596,-0.18171239,-0.05216725,0.47054353,-0.3115416,0.089655615,0.19415608,0.40120155,-0.14226662,-0.019933712,0.12658814,0.0024793898,-0.07337403,0.35954213,0.038567264,0.07530897,0.093883164,-0.29750875,-0.5235072000000001,-0.27457306,0.08403769,0.24180773,-0.4408063,0.050027877000000005,-0.04595773,-0.5827323,0.22678920000000002,-0.18373919,-0.13954201,0.20937361,0.09485105,-0.50979984,-0.30317685,0.1269914,-0.09455133,-0.18685520000000003,0.034575626,-0.09507867,-0.91512316,-0.04701530599999999,0.3642358,-0.08257136,0.5696719,-0.12970312,-0.37735045,0.045001875999999996,-0.11932695,-0.24908075,0.20440607,0.118249826,-0.7435558000000001,-0.2517212,0.31915697,0.12315464,0.5102827,-0.41289553,0.5474091999999999,0.47411090000000006,0.13902166,0.017735947,-0.54035705,0.30104047,-0.34506908,-0.3878983,-0.11487235,-0.39300403,0.123344176,-0.028334968,0.029750131000000003,-0.07586156,-0.10760525,0.3370744,0.16084349,0.21250589999999997,-0.06595447,0.08103538,-0.44216523,0.16622001,0.057566855,0.1730715,-0.19032067,0.104378894,0.13512291,-0.18655217,-0.43873596,0.6497255,-0.23292159999999998,-0.18070517,0.024253791,0.16350673,-0.29960212,0.16300476,-0.19934127,-0.20148252,0.1144969,-0.41547063,0.0683587,0.48272356,-0.029628343999999997,-0.16351841,-0.07647816,0.10261033,0.022237437000000002,0.71230775,-0.23584832,0.20912255,0.39002950000000003,0.030259054,-0.13840649,0.27704018,0.22922836,-0.45382023,0.38755897,0.04245976,-0.47409636,0.21471111,-0.064177476,-0.2086033,-0.46510226,0.64375585,0.5556151,-0.16605742,-0.57613033,0.25553957,-0.19167061,-0.19723964,0.21846811,0.021584383999999998,-0.09967253,0.7145821,-0.20945957,0.094865374,0.20078735,-0.44449535,-0.036049984,0.2099576,0.20613009,-0.10870762,0.46876782,-0.46886212,0.7036599,-0.06053699,-0.025018675,-0.07552366,0.046990685,0.11744959,0.006517284,-0.11766531,0.10401101,0.48955519999999997,0.47914759999999995,0.43677413,0.17476547,0.20327565,-0.06322569,0.70195234,0.6239826,0.21487565,0.69621474,-0.28797764,-0.32654673,-0.00887883,0.19612315,0.13706967,0.31897312,-0.24344902,0.7494849,0.13455312,0.18679978,0.21667413,-0.31543815,-0.2901357,0.04538925,-0.0060519455,-0.23863465,-0.21016045,-0.007441129499999999,-0.22332670000000002,-0.0054059597,-0.22083987,-0.34357178,-0.6174925,0.20130937,0.18529110000000001,-0.25649738,-0.007482863,0.22689849,-0.05736422,-0.12914824,-0.60825485,-0.13379835,-0.15263996,-0.72452384,-0.13382691,0.052128482999999996,-0.6254132,-0.28097668,-0.05526642,-0.15580438,-0.13638322,-0.10641338,0.09280567599999999,-0.57440853,0.53420836,0.1663174,0.6775165,0.10529939999999999,0.07919613,-0.52155966,-0.037260283,0.21691313,0.44435376,0.062054082999999996,0.0029429463,0.42185159999999994,-0.25424722,0.22751316,-0.22876252,0.71617615,-0.83426005,0.36541706,-0.3257317,-0.023133155,0.209918,0.3465856,-0.11687232,0.45012700000000005,-0.52514017,-0.14516209,0.055703837,0.36927109999999996,-0.27286142,0.04556259,-0.08715586,0.47508284,-0.3315659,-0.027267827,0.011591635,0.36910188,0.07085922,-0.2016312,-0.27120578,-0.19960792,-0.045975033,-0.25631535,-0.36565888,0.22757463,0.43072635,0.10690041,-0.20987917,-0.26176593,0.69057447,-0.160826,-0.07481355,-0.07848022,-0.39318287,-0.43172204,-0.1961626,-0.22863114,0.28811440000000005,-0.17203751,0.012367425500000001,-0.15075746,-0.30210006,-0.37253663,0.32340273,-0.022262162000000002
70,9,0.17923582,0.23074105,0.029226145,0.17117120000000002,0.14136001,-0.3270054,0.08514115,0.5048388,0.05192988,-0.2117217,0.39308733,-0.41237178,0.17426126,0.39997009999999994,-0.28284028,0.060579665,0.099308245,0.031433504,0.13228592,0.108098134,0.2048283,-0.049648425999999996,0.19259493,0.33840436,0.25914317,0.06644479,0.0039597396000000005,0.008283508,0.0065777423,0.039110575,0.35875654,0.14680097,-0.24249771,-0.29066893,-0.05888530000000001,-0.304321,-0.42379302,-0.03785505,-0.063838534,0.17547794,-0.59936595,-0.18330775,0.0063586235,0.24900308,-0.35751608,-0.40535897,0.15144216,0.0034269404,0.13505957,-0.12031703,-0.405109,0.13204649,-0.22508029999999998,-0.15077654,0.17885472,0.5745373,-0.011822951000000002,-0.35775426,-0.3852457,-0.20826599,0.11652051,0.043994545999999995,-0.24345541,-0.31479537,0.32204,0.062148422,0.12227726,0.08578656,-0.7381419,0.024429925,-0.35082242,0.057943374000000006,-0.13286185,0.06346549,-0.00056271476,0.017889407,0.13357565,0.47912723,0.2813428,-0.029601943,-0.12817767,0.18946059,-0.49990425,0.16110227,0.23733394,0.13487284,-0.016029323999999998,-0.01815885,-0.44977736,0.45419264,0.2512298,-0.6152228,0.3387987,0.0018865686,0.22343962,-0.13899088,0.3401844,0.17530064,-0.26997402,0.5334701,0.101542935,-0.27690697,-0.10063629,-0.12516780000000002,-0.09943625,-0.16632339999999998,0.11479105,0.24465445,0.06482922,0.48067665,-0.12539765,-0.13873570000000002,-0.028902506,0.040256467000000004,-0.16524349,-0.15124300000000002,0.05113287,-0.019129537,0.26213962,0.29404804,0.090002224,0.17988534,0.30060264,0.9815351000000001,-0.03384576,-0.053648017,-0.51373255,0.1902127,-0.17144999,-0.16135961,0.24494441,0.28789744,0.19089583,-0.4359157,-0.23915923,-0.0697807,-0.14336829,-0.1840767,-0.48674703,0.073061965,-0.42321286,-0.13787611,0.4938675,-0.024244439,0.084015824,0.07375766,-0.05965997,-0.348046,-0.15683071,-0.035001338,-0.15587918,-0.03535997,0.08818738,-0.048693478,-0.102523886,0.077900425,-0.4725464,-0.15618576,0.031808447000000004,0.16981097,0.30885202,-0.3122587,-0.04860754,0.25581053,-0.010946899999999999,0.17297976,-0.12577364,0.21474917,-0.33691767,0.07807095,-0.27124864,0.14722142,0.93946695,-0.42697495,0.11933394,-0.2604003,0.088293836,-0.15366322,0.18636289,0.30643278,-0.5428811,0.25560322,-0.037199505,0.14337213,0.08557183,-0.0046642055,0.14790727,-0.13308372,0.20022416,-0.0285362,-0.43597603,-0.27589384,-0.023806892000000003,0.20079360000000002,0.37182936,-0.47734794,-0.027649025,0.22994843,-0.34700733,0.12363303,0.24951915,-0.16780458,-0.10976199999999998,0.384662,-0.19733779,-0.02064534,0.28812059999999995,0.048604876,-0.023175582000000004,-0.048808794,0.046172924000000004,0.50157386,-0.18607517,-0.09147861,0.04913097599999999,0.1469508,-0.29932582,-0.16723052,0.3025908,-0.027180934,0.15538417,-0.12925705,-0.26999584,0.2610392,0.058505774,0.28689575,-0.20231709,-0.5388111999999999,-0.117198445,0.10634776,-0.07921582,-0.064820886,0.67282426,-0.14479263,-0.04949799,-0.07775826,-0.26424927,-0.17759646,0.24994354,-0.023486845,-0.28622073,0.6060266,0.19709961,0.24690482,0.41199994,0.33655423,-0.12619472,-0.06939384,-0.038161553,-0.29534513,-0.29888633,-0.40421873,0.08063507,-0.2973792,0.03800957,-0.33632943,-0.26298854,-0.1474633,-0.112408206,-0.23199138,0.43566838,0.18731199999999998,-0.0043763854,-0.122255504,-0.3391953,-0.41644549999999997,-0.14526483,0.108737394,0.3359891,0.09617199,0.3496577,-0.135115,0.04829829,0.5707169,-0.12732907,0.064562514,0.02283888,-0.08488003,0.19485101,-0.09361649999999999,0.064620756,0.7193864000000001,-0.15562756,0.21747558,-0.32690212,-0.15830794,-0.01652423,0.24626768,-0.0463737,-0.67470187,-0.08837247,0.11164825,-0.0068713715,-0.048108387999999995,0.3639167,-0.22170794,0.17866167,0.114774264,0.13213044,-0.094351456,-0.06763523,0.20942616,0.1553807,0.30672990000000006,-0.15470016,0.30223542,-0.115880266,-0.08855412,-4.41752,0.16593395,0.12918589,-0.37721285,0.30032617,0.052686222000000005,0.10026767,-0.11705323,-0.28939325,-0.33538872,0.05858097599999999,-0.030863196000000002,0.3098042,0.35412335,0.18134186,0.27472670000000005,0.19787861,0.0017282628,-0.34563790000000005,0.507065,-0.24603927,-0.09110604,0.12042471,-0.034985654,0.5223723,0.29514036,-0.49410677,-0.05439533,-0.040268622000000004,0.21731324,0.18757007,-0.06310809,0.12900838,0.35511696,-0.076943174,-0.205103,0.05273174,-0.051321633,0.22478509,0.17618357,-0.17494896,-0.49114123,-0.12871265,-0.03352184,0.5388710999999999,-0.40051883,-0.13288473,-0.0015643726999999999,-0.04267947,0.29905897,0.11468383,-0.3439383,-0.25488693,0.028753612,-0.20238109,-0.08990535,0.16338894,0.87074184,-0.13554902,-0.57921004,-0.24263759,-0.25473207,-0.47949997,-0.31228036,-0.062357802000000004,-0.33230406,-0.23142686,-0.27254066,0.23133942,0.28987747,0.038633537,0.30070835,-0.33662626,-0.8970788000000001,0.15742925,0.20312354,-0.069691986,-0.15080556,0.018818002,0.06261266,0.015071106,0.10188408,-0.32966155,-0.11735266400000001,-0.27584714,-0.4166554,0.28830079999999997,-0.38696706,-0.27048135,-0.68428785,0.35739005,0.33550563,0.1718613,0.1725296,0.10545679,0.11401546,0.34895329999999997,-0.37913713,-0.009442901,-0.09546755,0.2948618,0.10608731,0.5214833999999999,-0.00796661,0.27830678,-0.06510391,-0.11765264,-0.055894673,0.11146221,0.15627792,0.070827,-0.39083278,0.31348258,-0.26643562,-0.30791813,-0.34152928,0.44488272,0.2907847,-0.060041536,-0.10803926,0.0353005,0.46285779999999993,-0.27834818,-0.69465095,-0.5845868000000001,-0.17048702,-0.30666995,0.21222076,0.03990999,0.23766637,-0.005122531,-0.16661325,-0.32218015,0.55838245,-0.38238567,0.04099832,-0.04051619,-0.3496236,0.087953426,-0.29206613,0.11030634,-0.039896607,-0.006761206999999999,-0.042159125,-0.035541177,0.25375745,-0.17379236,0.19011864,-0.27000266,0.18722253,-0.36216444,-0.27486503,-0.07948081,-0.36742014,0.20742682,-0.046428826,0.37960416,-0.14489713,0.15829438,-0.5143840000000001,-0.0013075977,-0.16753212,0.17439345,0.5971648,-0.10239301,0.3178021,-0.13067529,-0.15722792,-0.24609177,0.065813445,-0.36513105,0.03419833,-0.19647394,-0.28830588,-0.14453120000000003,0.6162991,0.015358811000000002,-0.05964007,-0.26445156,-0.053538956,0.0037315488,-0.223869,-0.29327822,-0.17049491,0.15601398,0.25093955,0.18919733,-0.27293834,-0.025687900000000003,0.41823053,-0.44003716,0.46062964,-0.18458638,-0.06495829,-0.25573060000000003,0.16893977,0.50144875,-0.18493858,0.21309456,-0.043004293,0.32931024,-0.047526933,-0.36243159999999996,0.21455386,0.17403248,-0.23952892,0.23163709,0.07563424,0.041266005,0.16136256,-0.15423688,-0.34942824,-0.43840498,-0.07055461,0.006855895999999999,-0.3719676,0.2394305,0.13013092,-0.18589036,0.25895157,-0.34766015,-0.14713055,-0.05254083,0.033595495,-0.5794675,-0.1206996,0.08532877,0.20521660000000003,-0.04784326,-0.13871431,-0.055778384,-0.5699215,-0.0028512260999999997,0.061709225,0.05673633,0.45782012,0.21805581,-0.22595868,0.30272025,-0.41757330000000004,-0.21677923,0.13007338,-0.22961779999999998,-0.51438844,-0.15387757,0.19800279,-0.22815429999999998,0.38352603,-0.51239604,0.073048666,0.299681,-0.04796923,0.015998458,-0.093828574,0.24320886,-0.36110866,-0.39659923,0.16054173,-0.29473168,-0.03796997,-0.2102788,0.10195293,-0.14039214,-0.034832224,0.14767262,0.013720038,0.01833916,0.022519354,-0.0018103029999999999,-0.6220906,0.26266328,-0.014702024,0.37668917,-0.06949407,-0.038506735,-0.03563637,-0.43290687,-0.28608125,0.43708125,0.14705119,-0.00026523732000000006,0.16474359,0.13745177,-0.121022224,0.30254054,-0.09854147,-0.15947255,0.15714952,-0.20324953,-0.09704554,0.20636456,0.19280043,0.036163636,0.015798708,0.24603078,-0.07949656,0.66597444,-0.22210011,0.4570157,0.13390827,-0.34062666,0.08685773599999999,0.24495712,0.20096202,-0.23017618,0.14692923,0.040916607,-0.2829308,0.27097955,0.24310414,-0.39843002,-0.21662836,0.46351808,0.5923339,-0.08818973599999999,-0.6411121,0.16644213,-0.20974886,-0.023337662000000002,0.048149075,0.11999078,-0.4065538,0.6736901,-0.14711611,0.44131225,0.14145175,-0.44327497,-0.34416437,0.18962134,0.19717403,0.26919705,0.036451414,-0.52932703,0.3339081,-0.32275715,-0.19973588,-0.26651976,0.13924682,0.21012206,0.28780168,-0.35688192,0.041255854,0.30090624,0.36841577,0.22445229999999997,0.075124145,0.20295088,-0.07025797,0.53646034,0.55345666,0.09382116,0.4207065,-0.27996385,-0.011858658000000001,-0.121330634,0.053173464000000004,0.33915916,0.39097148,0.13056703,0.5466386,0.3029368,-0.053759675,0.39525127,-0.38970733,-0.1350675,0.14321321,0.17400745,-0.25565225,-0.35982224,-0.011565795,-0.17052677,0.0020969226,-0.16789593,-0.060475677,-0.4122625,0.40189899999999995,0.11410566400000001,-0.14240931,-0.13755910000000002,0.11567005,0.107273564,-0.041601576,-0.60266674,-0.20176566,0.14501807,-0.50190794,-0.22227351,-0.05068159,-0.053185802000000004,-0.29829112,-0.03011396,0.27994043,0.10511651,-0.15172103,-0.14995962,-0.5000369,0.33623305,0.19458279,0.3270485,0.12397702,0.2264196,-0.17602220000000002,0.23799026,0.20855892,0.13048956,0.14651081,-0.044834558,0.3000133,-0.39434576,-0.15783903,-0.11122735,0.4025487,-0.7453319,-0.07178185,-0.02493081,0.00010045769,0.18874845,0.068958655,-0.14723350000000002,0.34030798,-0.4097174,-0.07440245,0.045490075,0.09213324,0.017909288,0.28010863,-0.15746853,0.13011140000000002,-0.25202987,-0.03766336,-0.20774274,0.20302784,0.062331147,0.29208759999999995,-0.2561136,-0.21968016,-0.30591565,0.015803823,-0.22450229999999996,-0.11275623,0.14392318,0.05771137,-0.261384,0.030800465,0.5166246,-0.114353135,-0.19635266,-0.27886146,0.10402246,-0.50128734,0.017851312,-0.1508072,0.1793997,-0.24617696,-0.07321299,-0.120989025,-0.06330623,-0.30428863,0.21017227,0.0016404998000000002
71,5,-0.072194494,0.26142246,0.22384953,0.054176033,0.031963434,-0.22579907,-0.11184183,0.7169824,0.06076616,-0.45714626,0.31563675,-0.26499712,-0.05247346,0.36642826,-0.0824113,0.5639529999999999,-0.027085654,-0.17611267,-0.15960245,0.40770674,0.26442403,-0.26439187,0.293919,0.7157708,0.2297577,-0.12938511,-0.06695383,-0.31885603,-0.22842693,-0.12589175,0.55570096,0.18285118,-0.21679193,-0.28370786,0.05835553,-0.019280547,-0.17908284,-0.10242528,-0.004984405999999999,0.087960474,-0.5558496999999999,-0.46018820000000005,-0.06888013,0.042599842,-0.4345587,-0.39320645,0.19023702,0.07047023,0.0102892555,0.03931704,-0.45132864,-0.025773853,-0.19018467,-0.19366448,0.19312134,0.78656185,-0.1896582,-0.34105820000000003,-0.7258247,-0.255676,0.35680464,-0.17948301,-0.29106173,-0.29439676,0.23805127,0.27159175,0.20920064,0.37878612,-0.5985655,-0.25865537,-0.4828482,-0.09896723,-0.07813601,-0.029341321,-0.16467425,0.17149949,-0.13649277,0.21537237,-0.06802011,0.036395613,-0.18817820000000002,0.38473228,-0.56936336,0.4310516,-0.10746893,0.30709317,0.14330637,-0.018751267,-0.38347256,0.7004071999999999,0.38553908,-0.6576469,0.1687521,-0.15113117,0.37762633,-0.28699702,0.47148538,-0.0038131264,-0.13671978,0.63171893,0.14378315,-0.0900982,0.008396976,-0.42850482,0.08325787,-0.25633734,0.22098115,0.17394628,0.0743183,0.17751667,-0.01108468,-0.027693886,-0.37000066,-0.11582775,0.027697162999999997,-0.059186563,0.19450228,-0.28077528,0.13769436,0.38392314,-0.016758949,-0.027666682,0.045405086,0.6787698,-0.004418815,-0.12091763,-0.37628734,0.08012564,-0.37590843,-0.40522199999999997,0.19367029,0.06672774,0.07459727,-0.47075996,-0.28575653,0.032186717000000004,-0.011577182,-0.16773659,-0.48675886,0.180516,0.09093799,-0.2704271,0.39782658,0.020944415,-0.08147171,0.058450937,-0.1651088,-0.23639347,-0.40468988,0.13190047,0.06349262,-0.30053556,0.117211245,-0.32120204,0.12223253,-0.03548638,-0.47883400000000004,0.22105522,-0.21023427,0.1273249,0.38651803,-0.11732419,0.07362669,0.34851235,0.30932078,0.13570492,0.03270701,0.40261886,-0.27543095,-0.043907537999999996,0.055254015999999996,0.11046083,0.74812657,-0.30279222,0.015975121000000002,-0.12368965,0.35946333,0.13681301,0.11925375,0.31233087,-0.45235687,0.16091646,-0.13038945,-0.041066192,0.25254497,-0.1411314,-0.10706989999999998,-0.18562399,0.33112714,0.018349433000000002,-0.3169967,-0.39804244,-0.123965226,-0.17780735,0.28470334,-0.35783166,-0.028761499,0.046622787,-0.5545514,-0.05401889,0.13148904,0.06465378,0.16338858,0.43815870000000007,-0.22519107,-0.103828035,0.22211769,-0.115000054,-0.026418574,0.40876958,0.07176068,0.34957302,-0.1366366,0.09571417,-0.07510424,-0.04882572,0.16983163,-0.255415,0.06774361400000001,-0.14223087,0.07215529,0.19747145,-0.16817328,0.32562444,0.065629005,0.7300807,-0.0049486374,-0.67407626,0.08254855,0.26295100000000005,0.044817699999999995,-0.5967591999999999,0.69798917,-0.12745933,-0.0670071,0.05353458,-0.25891313,-0.3359098,-0.022272075,-0.06488541,-0.08642685,0.44552502,0.00694484,0.15753488,0.2797307,0.13916072,-0.09280272,-0.07199916,-0.11762155,-0.19076526,-0.43013959999999996,-0.2184391,0.15017238,-0.34682070000000004,-0.14173323,-0.37372932,-0.094293766,-0.42219940000000006,-0.055218276,0.15808845,0.43954957,0.02240665,-0.25963444,-0.17408952,-0.33789608,-0.515533,-0.18432075,0.16470166,0.0976313,0.17859405,0.07391887,0.14624720000000002,0.088690095,0.67889583,-0.07558808,-0.09980449,0.17119648,-0.096103914,0.20346417,-0.1930134,0.061893594,0.36914727,-0.1828234,0.26954317,-0.062351394000000004,-0.17888854,0.03487436,0.39876409999999995,-0.22729412,-0.30561775,0.038361568,-0.06395497,-0.2573747,-0.23266046,0.41092017,-0.057785653,0.09217516,-0.026338464,-0.052491445,0.012418563,-0.22283159,-0.017032443,0.37177446,0.27065855,-0.18429883,0.16832112,-0.15789463,-0.3119083,-3.8165150000000003,0.05136489,0.33044314,-0.35565597,0.2921111,-0.022573,0.19747244,-0.14977609,-0.2850539,-0.23608965,0.11458696,-0.0036624828,0.10323933,0.20229118,0.33010283,0.23875424,-0.059677127999999996,-0.10374487,-0.100484364,0.6235525,-0.076397076,-0.43846074,0.18451424,-0.157221,0.47085547,0.26728964,-0.13991515,-0.20625916,-0.30261955,0.14899212,0.12501934,-0.122923695,0.049878273,0.15819395,0.2919142,-0.23473690000000003,0.03036653,-0.6155458,-0.21218544,-0.44481775,0.022629002000000002,-0.74022603,0.052785028,-0.2761396,0.6764177,-0.14291903,-0.16281928,-0.090535745,-0.051406695999999995,0.39067805,0.22723256,-0.042192772,-0.13150643,-0.30140075,-0.27688894,-0.048561964000000006,0.389382,0.6032890999999999,-0.34425947,-0.49806988,-0.011575957,-0.10021336,-0.6832395,-0.024685618,-0.10074314,-0.19453652,-0.2996493,-0.05838535,0.08299019999999999,0.03623059,0.020081461999999998,0.43489435,-0.46950904,-0.5614513000000001,-0.12273755,-0.037660103,0.12390808,-0.15029322,0.28645325,0.0029387190000000002,-0.115904704,-0.14105938,-0.079534106,-0.28989756,-0.06446157400000001,-0.26363059999999994,0.16512111,-0.33315805,-0.42339167,-0.58609504,0.31755072,0.26334766,0.26526642,0.2126951,0.27985492,-0.17064886,0.53295535,-0.1589481,0.09440797,-0.27184959999999997,0.26374380000000003,0.35394087,0.5960368,0.04348546,0.26583105,-0.04526899,-0.31575653,0.039997667,0.22818294,-0.024155557,0.3585532,-0.438672,0.43953484,-0.30937564,-0.41914764,-0.26202136,0.475758,0.33500507,0.005744826999999999,-0.3212589,-0.064006835,0.51019174,-0.43013257,-0.067001455,-0.8163076,0.019879973000000002,-0.3233776,0.15708092,-0.26879358,0.13203767,-0.18025121,-0.27774438,-0.24844989,0.51164085,-0.05001939,0.25757498,0.27896222,-0.6114301999999999,-0.116518386,-0.08962599,0.33288696,0.23732881,-0.04759637,0.022981888,0.0029581440000000002,0.46369052,-0.15539868,-0.0028100675,-0.20218235,0.06736057,-0.10353304,-0.19915270000000002,-0.0324091,-0.34406388,0.20306334,0.28885746,0.14458410000000002,-0.18952765,-0.013271756499999999,-0.4804276,0.24860126,0.22941385,0.38399315,0.30798972,0.025996001,0.5724845000000001,0.11638159,-0.22061874,-0.03696491,0.05272231,-0.45202026,0.31871384,-0.30521637,-0.5788308000000001,-0.027275668,0.6177045999999999,0.0016674404,-0.11569499,-0.14111229999999997,0.13633788,-0.07533787,0.11575875,-0.23795357,0.11545819999999998,0.21416497,0.1662184,0.16466597,-0.19651142,-0.1387519,0.18533619,-0.22265388,0.53627086,-0.09272911,0.06860933,-0.24309257,0.08758168,0.24484405,-0.5184394,-0.012716992,-0.07921522,0.46996394,-0.018173704,-0.115594134,0.21575198,-0.13999626,-0.21970141,0.25592777,0.17484267,-0.019083476000000002,0.21913747,-0.22183982,-0.38700527,-0.25187800000000005,0.08381319,0.17961043,-0.69178456,0.060176245999999996,-0.035779234,-0.37629363,0.25359622,-0.060622793,0.024573632,0.051582992,-0.115909666,-0.5588711999999999,-0.2281961,0.10958969,0.039463807000000004,-0.11031586,-0.3192277,-0.027844017000000002,-0.77893347,-0.07812293599999999,0.11417921,-0.37225688,0.41691303,0.090005234,-0.18661804,0.31452256,-0.11038681,-0.085680746,0.13295458,0.007867166,-0.35291514,0.27413222,0.04315468,-0.0370907,0.4233798,-0.325639,0.5669576999999999,0.15326533,0.10456882,0.016235769,-0.34349126,0.12659219,-0.43143508,-0.48486385,0.08276774,-0.28855008,-0.17110173,-0.1452266,-0.25315702,-0.3076506,-0.035155155,0.09602762,0.12930493,-0.06823608,0.34605178,0.051898400000000004,-0.5123897,-0.03983536,-0.034741077999999995,0.07414857,-0.20878695,0.24353378,-0.0670331,-0.16629761,-0.35938427,0.69465333,-0.34745753,-0.13776314,-0.08196965,0.16717117,-0.16057213,0.0948908,-0.3474978,-0.303226,0.24517468,-0.11452947599999999,-0.08747399,0.35894468,-0.21054934,-0.13978156,0.018913526,-0.035959564,-0.13519447,0.67538494,-0.12717037,0.269754,0.32327783,-0.059319875999999994,-0.10531211,0.31713837,0.19943614,-0.3631139,0.36947125,0.21749146,-0.5930380999999999,0.3304023,0.37246525,-0.36616266,-0.30398694,0.7589315,0.42804548,-0.45630738,-0.38294265,-0.008944364,-0.208287,-0.06216213,-0.04273724,0.109448835,0.09469669,0.55063903,-0.16869292,0.17737444,0.2469237,-0.094153635,-0.37700555,0.06673624,0.2606812,0.12285678,0.34671290000000005,-0.53964096,0.29738802,-0.09194559599999999,-0.0025121479,-0.19844112,0.027530896000000003,0.07339948,0.08959273,-0.28418836,0.021425366,0.4575147,0.5199995,0.5045052,0.3047472,0.14939831,-0.17495413,0.5794745,0.3768147,0.19220039,0.3082178,-0.09803494,-0.17899494,-0.09347477,0.42686495,0.31523958,0.40043926,-0.0028693840000000004,0.7481913,0.28039908,0.044060927,0.21567310000000003,-0.43068132,-0.31547797,-0.037402608,0.12807108,-0.39224777,-0.21589872,-0.018947437,-0.28181764,0.07641072,-0.22696441,-0.4222123,-0.45515308,0.3724888,0.08557103,-0.12401594,-0.13778584,0.306077,0.26747750000000003,-0.027005092999999997,-0.42207690000000003,-0.252242,-0.17650679,-0.3813837,-0.060386717,0.08141278,-0.05523604,-0.40941033,0.053157043,-0.07376073,0.09276673,-0.15399966,0.09450565,-0.25584972,0.21923676,0.31450292,0.25592047,0.122378066,0.05540739,-0.22687982,-0.094384305,0.14799176,0.29966873,0.11606464,-0.07315195,0.2907471,-0.22051620000000002,0.17037353,0.09083139999999999,0.29648027,-0.5435661999999999,0.19573425,-0.26876479999999997,-0.087341085,0.012969805,0.14985134,-0.40608564,0.49853295,-0.5027897,0.03324955,0.06988989,0.15601337,-0.10075393,0.059810072,0.093901455,0.28238612,-0.39090118,0.059975095,0.18841182,0.29374808,-0.002311754,-0.21955805,-0.16808209,-0.37493150000000003,-0.48038855,-0.09268762,-0.26016045,0.41429064,0.371666,0.29074848,0.0038630543,-0.2679974,0.8807606,-0.34832904,-0.16911089999999998,-0.14475,-0.29246515,-0.49606702,-0.05124226,-0.07746651,0.1375428,-0.1700809,-0.02930838,-0.07890209599999999,-0.14136112,-0.14728644,0.23937486,-0.18163353
72,0,-0.05443008,-0.17147419,0.06951516,-0.08765776,0.31065184,-0.21740173,0.15802857,0.52701044,0.13276857,-0.16292675,-0.074521385,-0.24477603,-0.0639445,0.3824007,-0.18410918,0.5828357,-0.24050567,-0.22629639999999998,-0.18484253,0.10962301,0.020373201,0.10557938,-0.039288558,0.10353563,0.51338875,-0.08475712,-0.14203949999999999,-0.097553454,-0.42434979999999994,-0.06594509,0.377241,0.14895587,-0.14483987,-0.5717814,-0.2781401,-0.207761,0.11535676,-0.10299639,0.039249446,0.20671819,-0.36230229999999997,-0.007882021,0.27667344,-0.38251890000000005,0.017649218,-0.27051336,-0.07030186,-0.21468626,0.09793657,-0.31043622,-0.39316866,0.22666016,0.045400302999999996,0.13477635,0.108590394,0.5324515000000001,-0.0004589768,-0.6518373000000001,-0.34515384,-0.08883412,0.23567851,-0.011671566999999999,-0.03208951,-0.29413903,0.22102020000000003,0.28939098,0.01626002,0.22191043,-0.6171738,0.42687538,-0.1914005,-0.030595705,0.002983721,-0.36661455,0.22892259,0.18562384,0.13898158,0.34569436,-0.15696953,-0.039345194,-0.46170379999999994,0.36927563,-0.2082002,0.33311838,0.19812636,-0.28274155,-0.16802438,-0.026899622999999998,-0.21481632,0.31775227,-0.72216445,-0.23606028,-0.36983642,0.060932825999999995,0.43361798,-0.5176508,0.076897845,0.187104,-0.09812857,0.61566836,0.16737787,-0.5340818,0.053853523,-0.16381724,-0.34137413,-0.08009627,0.12765610000000002,0.14613023,0.1909017,-0.044847433,0.12702698,-0.21687098,0.23936927,-0.03664813,-0.31303298,0.42682353,0.19418474,-0.16218767,0.10145973,0.36905977,-0.30849299999999996,0.056060717,0.22344553,0.5752031999999999,0.10891121,0.33480370000000004,0.36385864,0.28142703,-0.13650315,-0.36293834,0.24679534,0.07735479,0.078678705,-0.17917717,-0.10297291,0.015602798999999999,0.12275764,-0.17841579999999999,-0.27263206,0.18992579,0.35302782,0.10238254,0.02733268,-0.016287422,0.20694174,-0.11621815,-0.3796985,-0.08350874,0.53259325,0.26336129999999996,-0.083068244,0.08701,-0.23464914,-0.19507672,-0.15507711,0.1390626,-0.24211384,0.17917047,0.24818360000000003,0.27143854,0.31676936,0.018597093999999998,-0.034092404,-0.08303837,0.25773603,-0.06863639999999999,-0.08008567,-0.073435135,-0.27361092,0.18661341,-0.18594784,-0.21695814,0.4979482,-0.108649686,0.09587088,0.14844657,0.3988107,0.21324609,0.18013869,-0.21937954,-0.8947379999999999,0.2766985,-0.082638785,-0.42577645,0.43342406,-0.41159470000000004,0.33986735,-0.054844268,0.07462298,0.2600863,-0.12721760000000001,-0.38830817,-0.13370956,-0.09499376,0.33642936,-0.39385042,-0.46092668,-0.45205888,-0.41871790000000003,0.04913781,-0.1208299,-0.020997882000000002,0.24572319,0.03362492,-0.19730495,0.39556733,-0.05182705,-0.18152797,-0.048134095999999994,0.43330312,-0.48437527,0.48219259999999997,-0.0530225,-0.08833569,0.16044587,0.25890842,0.46191597,-0.11020976,-0.06894704,-0.13617428,-0.06622285,-0.10442989999999999,-0.28599524,0.2599482,-0.069279164,0.94633126,-0.18640114,-0.2519465,0.16575465,0.27282494,-0.2504878,0.063683294,0.36569706,-0.05103983,0.11399519400000001,-0.03266889,-0.04013727,-0.19290484,0.019278478,0.037143632999999995,-0.084496796,0.40200967,0.022772287999999998,0.31666514,-0.014250401000000001,-0.07315158,-0.28393984,-0.018631928,-0.27568856,-0.26641646,-0.49711105,-0.23995571,-0.130632,-0.59366435,-0.03869012,-0.085907444,-0.25976205,-0.034659006,0.13690369,-0.04289348,0.22328915,0.21243954,-0.005755905,0.27603018,-0.6243860999999999,-0.04677841,-0.09910251,0.17299195,0.35173616,0.2743531,-0.36481887,-0.16686141,0.16144729,0.17844401,-0.31982459999999996,0.038591053,0.4447702,0.1642654,0.011227326000000001,0.08258973,0.3617765,0.5762618,-0.26090399999999997,0.18440196,-0.06137127,-0.38295406,0.30912796,0.10797258,-0.16314767,-0.22424023,-0.047610864,0.07086009,-0.34802209999999995,-0.09291531,0.361367,-0.12849028,0.33507258,0.16873278,0.023050823999999998,0.038989536,-0.056394275,-0.009649766,-0.18079938,0.17206204,-0.16094248,0.17504053,-0.27039418,-0.41710162,-4.1731787,-0.24136075,-0.012882191000000001,-0.20151886,0.35319320000000004,-0.15883984,-0.09801576,-0.13546488,-0.54402244,-0.014461598999999999,-0.29927123,-0.18557554,0.2845224,0.14033794,0.23204173,-0.0014808142999999999,-0.0014079085999999998,-0.28175998,-0.20140326,0.6304122,-0.16972534,-0.1478605,0.04543606,-0.07093537,0.08933801,0.55361986,-0.2762328,0.23244372,-0.36178565,-0.123041585,-0.11217661,-0.10953843,-0.00923525,0.27251327,-0.19448598,-0.047029246,-0.06876304,-0.03491364,0.12863697,0.1101345,-0.06761667,-0.22201268,0.13271058,-0.25062993,0.71399194,-0.38372806,-0.1709134,-0.39850490000000005,-0.047680900000000005,0.03749518,0.09304509,-0.038974382,0.25158635,-0.087942325,0.25057929999999995,0.07813918,0.011641123,0.34842426,0.121119566,-0.32313213,0.33870432,-0.20624682,-0.089499034,-0.25489184,-0.0446122,-0.41531019999999996,-0.37244440000000006,0.15474094,0.49894485,0.2253937,-0.06964874,0.40692163,-0.03374308,-0.97886646,-0.30311203,0.16806047,-0.015972132,0.007455274499999999,0.38214415,-0.10039583,-0.34530464,-0.15142383,-0.09610233,-0.09720622,-0.055329703,-0.36046344,0.03289047,-0.1441295,0.030051393,-0.24255495,-0.0463491,0.17613618,-0.10126569,0.21947260000000002,0.08223518,0.28918707,0.35939765,-0.17017520000000003,0.29950345,-0.035292085,0.6995389,-0.17594756,0.5268108,-0.18975684,-0.1580132,0.25756383,-0.53550786,0.090900704,-0.17798293,0.14207279999999997,0.04917213,-0.5149315999999999,-0.15667334,-0.2646173,-0.3597594,-0.037826966000000004,-0.2778364,0.16708489999999998,0.08210813,0.26179338,-0.33504006,0.50443745,0.026736753,-0.61176497,-0.41074340000000004,-0.09453298,-0.20749003,0.06896492,0.029075023,0.018176254,-0.20724708,0.07335359,0.15694647,0.17774887,0.19095157,-0.22927782,-0.22073795,-0.29955602,0.029062094,0.23077226,0.24011937,0.08914533,-0.066399656,0.39672140000000006,0.19161345,0.30339155,-0.1666104,-0.22354107,-0.10689441,0.20006244,-0.11186522,-0.22913969,0.31837657,-0.26352146,0.21231215,-0.09019604,0.2482904,-0.11117983,-0.28322673,0.19470927,0.26126173,-0.007102290600000001,0.27023995,0.29862016,-0.17490493,0.05247995,-0.13234262,-0.06835224,-0.09759343,0.14138795,-0.42098245,0.02907717,0.006897099,0.26974052,0.042355585999999994,0.014607335,0.12864308,-0.10128206,-0.039378624,0.17836246,0.030651696000000003,0.009224786,-0.19581342,0.18812773,0.5579666,0.23691308,0.27080095,-0.01547943,0.067968816,0.24712451,-0.17006215,0.22195494,-0.098408766,-0.12564074,-0.5419215999999999,-0.14512189,0.15910912,-0.35440922,0.16740464,0.21062073,0.10502881,0.32866606,-0.14750198,0.12703697,0.2096616,-0.14850783,-0.12984927,0.011064161000000001,0.20729001,0.24774539999999998,-0.33319023,-0.22739685,0.063368976,-0.38270709999999997,0.10657754,-0.22774002,-0.034717288,-0.15457481,0.07822398,0.05419324,-0.14154658,-0.54227704,0.012429571,-0.055911753,-0.41929492,-0.040535346,-0.11819932,-0.40696728,-0.30095705,-0.009758912,0.21896411,-0.6619255999999999,0.41642603,0.05049761,-0.14122342,-0.31442574,-0.33639073,0.053667717000000004,-0.21934903,-0.021671799999999998,0.24603263,-0.20773976,0.053901702,-0.40052715,0.44104958,-0.16416153,0.19558728,0.07739349,-0.09878757,0.52227384,0.11612306,-0.054649777999999996,-0.21603966,-0.49459413,0.14265312,-0.28918415,-0.3348468,-0.055945262,-0.33960107,-0.028962605,-0.29884666,0.021627706,-0.060947925,0.18916023,-0.049428575,-0.08503399,0.16720977,0.5248206999999999,0.031936556,-0.031569835,-0.012144543,-0.11583847,0.07083443,0.37726766,-0.18642613,0.0097094625,-0.3265679,-0.08320627,-0.23279655,-0.501317,-0.020269675,0.2719919,-0.37990630000000003,-0.06381513,0.5778839,-0.19945206,-0.23986931,0.09213439400000001,-0.015594335,0.006501766,-0.16344479,0.31316504,-0.020862933,0.34284103,-0.06962813,0.055331014000000005,0.6458967,0.19264355,-0.095231734,0.06685107,0.036108322000000005,-0.075750895,-0.11915569,0.47656435,-0.23013887,0.22778761,0.07552507,-0.48808244,0.21556537,0.40513542,0.05564552,-0.49921697,0.20023215,0.49576306,0.04260573,-0.45766506,0.13881546,-0.32432157,-0.069436595,0.16497996,0.05468285,-0.072164714,0.23520887,0.039077166,-0.24311924,0.33279848,-0.3203841,-0.323444,-0.17507869,-0.002484851,0.05904922,0.83063203,-0.21354403,0.5290599,-0.12760279,-0.01753741,0.34913623,-0.13442576,0.338022,-0.15731117,-0.20874156,0.19823739,0.28217053,0.35972682,0.03371887,-0.10462799,0.106996275,0.05026064,0.54445666,0.40603027,0.1337924,0.39941472,-0.30381954,-0.42766679999999996,0.33515933,0.20306663,0.10036687,0.005832426,-0.07576013,0.22952542,-0.067297466,-0.049875624,0.2648667,-0.5642714,-0.17622164,0.34202853,-0.107804865,-0.35141100000000003,-0.09709743400000001,0.06939009,0.051637247000000004,0.03328432,-0.16605379,-0.07753213,-0.3356535,0.22283160000000002,-0.106154345,0.014676346000000002,0.003315119,0.30301583,0.46815723,-0.090893686,-0.45652768,0.19448905,-0.06939711400000001,-0.2976553,-0.10368505,0.27633992,0.07089022,-0.5481680999999999,0.17289498,-0.42222458,0.36376953,-0.011283126999999999,0.24251051,-0.17817047,0.10952930000000001,0.35924914,0.31869742,0.0989882,0.2719273,-0.20362377,-0.055371895,0.023275857999999996,-0.07822319999999999,0.21778955,-0.06285342599999999,0.0074734828,-0.52332544,-0.071898565,0.27398586,0.41202837,-0.8009932,-0.19279793,-0.3600699,0.0029120365999999996,0.14631821,-0.22052386,0.11704513400000001,0.0726377,-0.36134887,-0.21342525,-0.16311058,0.29375458,0.0017113789999999999,-0.22826971,-0.06866151,0.22756138,-0.08594014,-0.023236207999999998,0.29812264,0.42702985,0.22139389999999998,-0.19619592,0.42098442,-0.44337747,0.2817647,-0.012466011,-0.18217379,-0.23828335,0.04917025,0.16965018,0.1675065,0.09917381,-0.5730162,0.019197684,0.1059961,-0.04676129,-0.18314606,-0.27959365,-0.20127481,-0.13735887,-0.14457482,-0.038301386,-0.4698656,0.31851998,0.042999003,-0.049331013,0.25569543,-0.022614365
73,13,-0.067828014,-0.17092265,0.4179044,-0.10275474,0.13444772,-0.17423929999999999,-0.09091814599999999,0.2730559,-0.05177165,-0.290879,0.20483243,-0.17000058,0.054080993,0.25628173,-0.04647638,0.55554605,0.07446792,0.09667237,-0.27256656,0.07969066,0.29495835,-0.20593458,0.14064057,0.5839816999999999,0.5523778,-0.020122202,0.085311234,-0.10677169,-0.09269665,0.039283108,0.5221385000000001,0.10282881599999999,-0.23958594,-0.28552416,0.14357536,0.17856425,-0.1837306,-0.09546465,0.023005957,0.23996238,-0.69227076,-0.40721193,-0.16246042,0.25016612,-0.30394036,-0.34332147,0.16881403,-0.2111944,-0.019203941999999998,-0.1282038,-0.31599468,0.1757283,-0.39690948,-0.17330211,0.03471291,0.6796111,0.039272048,-0.41925429999999997,-0.48045132,-0.28772217,0.38292143,-0.33024684,0.015749166000000002,-0.3651572,0.1610468,-0.033176176,0.10808854,0.5143274999999999,-0.6053729999999999,-0.10738732,-0.22331268,-0.03669842,-0.22755322,0.13105208,-0.16349846,-0.1111577,-0.10692231,0.31841356,0.08582295,-0.029839368999999998,-0.072907746,0.4407456,-0.27342859999999997,0.24881834,0.18894623,0.11326634,0.066908896,0.13132852,-0.31771532,0.9194213999999999,0.24247669,-0.19593589,-0.0052898107,0.2658132,0.24885121,-0.12558088,0.26166204,-0.09422846,-0.15862487,0.523034,0.32923862,-0.14921518,-0.07291563599999999,-0.40258622,-0.13271272,-0.08941955,0.24672362,0.035810173,0.15953699,0.04491428,0.09622660000000001,0.06990469,-0.17642622,-0.13296545,0.050016392,-0.08574989,-0.10006927,0.1301122,0.20858288,0.14682014,0.084837,0.07899318,0.17462532,0.6854776,0.09278064,-0.034695484,-0.10635473599999999,0.40499157,0.03819071,-0.38441527,0.18935424,0.07955416,0.12713557,-0.42488050000000005,-0.25973043,0.4302361,-0.085143685,-0.08177148,-0.26160538,0.051033854000000003,0.02643478,-0.3457054,0.50341463,-0.16074349999999998,0.2565963,0.0015045335000000001,-0.13598229,-0.1869033,-0.24325393,0.44769582,0.028500574,0.016973458,-0.050999857,-0.23843111,-0.1068005,-0.48245957,-0.12095408,0.1624817,-0.10003627,0.19850315,0.38184320000000005,-0.037399754,0.0038354069,0.15918602,0.21541537,-0.05449768,0.21775042,0.07813443,-0.16834442,0.079097606,-0.14494622,-0.2632704,0.82167494,-0.18753849,0.22258326,0.047618043,0.11140956,0.028879547000000002,0.18655376,0.21185464,-0.5693411,0.051133864,0.0868565,-0.09292352,0.32921535,-0.039442066,0.027749196,-0.24033804,0.24781132,0.052327458,-0.316012,-0.36831224,0.0013893326,-0.20145255,0.15080178,-0.6329840999999999,0.05890921,0.08373088,-0.2803087,-0.15817074,0.124201365,0.06174861,0.21532193,0.032171696,-0.28121585,0.0062464684999999995,0.13180292,-0.09693301,-0.35097387,0.25038645,-0.039892502,0.32975578,-0.10665277,-0.18517582,-0.121146806,-0.16649456,0.39067122,-0.05639891,0.0279339,0.0506019,0.22555655,0.047066733,-0.23278200000000002,0.28476807,-0.06680602,0.6247253,-0.05588306,-0.55235434,0.13001275,0.307708,-0.15947664,-0.34277454,0.30541733,-0.15598832,0.017015541000000002,0.15103947,-0.5306353,-0.16067567,0.24024369,-0.05478147,-0.2622216,0.35380578,0.13327563,0.16852024,-0.040847365,-0.049190074,-0.13452801,-0.08565614,-0.27472779999999997,-0.3016045,-0.58342355,-0.13445908,-0.19771324,-0.31400004,-0.1590079,-0.160775,-0.19373829999999997,-0.35743743,-0.09651013,-0.15811469,0.44707727,0.09541034,0.19018523,0.019087952,-0.2679495,-0.27764833,-0.03719041,-0.0013940623999999999,0.32870567,0.22318392,0.0033523892,0.09754539,0.07776054,0.6413091,-0.17760053,0.04218099,0.42221227,0.12653315,-0.086036555,-0.077896915,0.14890951,0.49220002,-0.06847204,0.07152913,-0.05634922,-0.18248087,0.38448468,0.27944640000000004,-0.08282935,-0.17994313,-0.18164964,-0.078139834,-0.31572303,-0.21157236,0.48089918,0.03985321,0.016444583999999998,0.17162101,0.005243534,-0.0701766,-0.058532573,-0.17561701,0.12688547,0.38834342,-0.42280550000000006,0.2008743,-0.054472785,-0.32406357,-4.347149,-0.013773064,-0.20351802,-0.25153452,0.15337199,0.07281329,0.20054166,0.034698967000000004,-0.48419082,-0.1268323,-0.11183112,-0.26637477,0.17321484,0.0046464824,0.118629284,0.27649286,0.39601225,-0.11485262,-0.2023929,0.38706335,-0.046729762,-0.45253158,0.07413275,0.026969014,0.31715888,0.23478143,-0.19448704,-0.15447728,-0.42051196,-0.14359297,0.08220768,-0.15459543,0.2369476,0.30418468,-0.06431723,-0.04503891,0.01515828,-0.34992695,-0.15508670000000002,-0.11380106,-0.054759074000000005,-0.40905532,-0.059986002999999996,-0.09747237,0.892634,-0.1831142,0.05838868,-0.09393424,0.079137586,0.08733241,0.045768674,0.20929447,-0.35599005,-0.27234215,-0.14674719,0.14265338,0.27111209999999997,0.54649264,-0.19026108,-0.2520663,0.22773187,-0.16191024,-0.25024018,0.021513425,-0.33360147,-0.3845478,-0.46252283,-0.22994292,0.25801304,0.021749607999999997,-0.084494576,0.39353502,-0.32263637,-0.7679149000000001,-0.20225420000000002,-0.16897066,0.23674552,0.08424691,0.13190575,-0.13078825,-0.18209909999999999,-0.35061950000000003,0.029611952999999996,0.02347478,-0.059109457000000004,-0.4403735,0.23398827,-0.18334246,-0.4263598,-0.17964432,-0.0055584119999999996,0.04005907,0.26627716,0.11284407,0.067221805,-0.13883528,0.29281887,-0.16359849999999998,-0.09953983,-0.15605946,0.29381199999999996,-0.101813845,0.386044,-0.32416335,-0.17111318,0.11563942599999999,-0.17759570000000002,0.17023957,0.20100121,-0.14342493,0.46634874,-0.38603783,0.39496398,-0.43146297,-0.22794136,-0.11986591,0.054727763,0.5143254,0.06543227,-0.23368585,-0.004369235,0.3887098,-0.43936074,-0.36654586,-0.9452142,-0.042575199999999994,-0.12232974,0.16325028,-0.3304597,0.08400427,-0.18035612,-0.32404035,-0.31381223,0.22932151,0.1435649,0.031751283,0.20965789999999998,-0.30218315,-0.29414344,0.15871248,0.27341533,0.29133728,-0.03730977,0.031175558,-0.21276337,0.32827829999999997,-0.14726426,0.17320333,-0.21417995,0.18241113,-0.12596089,-0.12648031,-0.113571085,-0.21062335,0.06606792,0.41922227,0.31139964,-0.11293724,-0.09607798,-0.34388995,0.17275402,0.015027825,0.10491468,0.17970474,0.10218304,0.31694776,-0.023012893,-0.1380297,-0.09475824,0.071500815,-0.30958807,-0.042401824000000005,-0.17197733,-0.41253057,-0.08305804,0.44121665,0.035107255,-0.3310964,-0.1363063,0.23842926,0.018597033,0.029082635,-0.08702943,0.1389115,0.34538206,0.0019277982999999998,0.15932995,-0.14751749,-0.14303741,0.09663012,-0.13948686,0.49401873,0.058748096,-0.02994802,-0.23188746,-0.07426941,0.29702449999999997,-0.16982509,-0.03261752,0.19923224,0.18707152,-0.06268713599999999,-0.19860995,0.21755041,0.0867384,-0.32170709999999997,0.084925875,0.26224747,-0.14577386,0.07594993,-0.47994563,-0.26113752,-0.28145647,-0.03921833,0.277004,-0.17767575,-0.19781822,-0.15858676,-0.39267692,0.25265008,0.00885801,-0.110921785,0.11425798,0.065172665,-0.3404198,-0.18390231,-0.1386336,-0.023154175,-0.13212787,-0.006043476,-0.18746313,-0.9527754999999999,-0.050661363,0.20391476,-0.22559804,0.0644769,-0.08858176,-0.2699402,-0.04676726,-0.09857809,-0.27794528,0.092229225,0.008548594,-0.5896104999999999,0.11394555,0.32501929999999996,-0.053865787000000005,0.37480605,-0.26622415,0.48204595,0.22873901,0.17392579,-0.052546244000000006,-0.42741963,0.2428223,-0.34423396,-0.13445544,-0.33290675,-0.5361746000000001,-0.23554385,-0.21858186,-0.15868583,-0.047651425,0.08347764,0.078592114,-0.022858884,0.057917535,0.07466242,0.20277785,-0.6982772,0.0018425251,0.11049191,-0.015094251999999999,-0.15652783,0.13677907,0.036852262999999996,-0.09915591,-0.46204352,0.23923908,-0.46525604,-0.06046168,-0.012018681000000002,-0.024408862000000003,0.044087447,0.1682007,-0.18574749999999998,-0.07595965,0.1694362,-0.13621758,0.04159888,0.43415820000000005,0.10129174,-0.13867503,-0.04855962,-0.116093524,0.39788264,0.6488909,-0.16168268,0.02360107,0.21953686,-0.12067623400000001,0.07758549,0.28237906,0.26884082,-0.28067067,0.20731938,-0.040578935,-0.31896406,0.014960796,0.031123592999999998,-0.06753194,-0.24129604,0.5388225,0.61391145,-0.06208304,-0.32228598,-0.12699285,-0.050967008,-0.24010813,-0.01806668,-0.07749501,0.1421432,0.8164533,-0.11923747,0.072152466,0.23689654,-0.24412708,-0.21703815,-0.13442735,0.40975475,-0.19333038,0.29717457,-0.32982087,0.38921812,-0.07463161,0.17635815,-0.06894496,0.008991396,0.040550645,0.20940734,-0.03651487,0.20515904,0.41454363,0.24690923,0.31229758,0.033871826,0.1706591,-0.02397221,0.61281675,0.47900879999999996,0.2921052,0.19856654,-0.10427583,-0.28512046,0.27774996,0.4830325,-0.034955166,0.34058595,-0.058985135999999994,0.7146564999999999,0.034756052999999995,0.033586323,0.33784246,-0.6960177,-0.20529354,-0.13374086,0.039243296000000004,0.053046137,-0.029287003,-0.011062629,0.031766992,0.26047692,-0.100637294,-0.19017136,-0.07183576,0.40866613,0.0018665462,-0.2854509,0.022512373,0.27945587,-0.05114797,-0.16447544,-0.47938785,0.010966521000000002,-0.26430097,-0.38071498,0.02174962,0.059620157,-0.31581485,-0.5104586,-0.01845092,-0.10751894,0.104268715,0.10434675,0.027985945,-0.16094573,0.46658465,0.009556225,0.54740286,0.11880126,0.16809094,-0.26984137,-0.13510908,0.14768225,0.32001427,0.096742935,-0.026816222999999997,0.31312764,-0.35277626,-0.0070228632999999995,0.07464591,0.23356478,-0.65181416,0.29758559999999995,0.034082167000000003,-0.031864807,0.011384519,0.26889938,-0.22244449,0.20323005,-0.39946459999999995,-0.2282116,0.031236037999999997,0.09414265,-0.102149285,0.09527651,0.14304769,0.40419558,-0.06393244,0.01772089,0.032247975,0.3519948,0.16480075,0.044412185,-0.080109745,-0.2845807,-0.27106363,-0.04956449,-0.19924924,0.30895883,0.22763915,0.13895068,0.30710784,-0.06131348,0.5741581,-0.34209353,-0.05522179,-0.2098317,-0.18409397,-0.28376362,-0.34285724,-0.11745357,0.121972546,-0.27875623,0.062231135,-0.04237123,-0.16752355,-0.23866244,0.016620407,-0.13670539999999998
74,1,-0.31060970000000004,0.16537914,0.117090255,-0.08925971,0.025140615,-0.21152143,-0.021023207999999998,0.66039956,0.0094125215,-0.27986863,0.2415243,-0.14776586,0.09640029,0.30007249999999996,-0.06331780599999999,0.46564662,-0.07859649,-0.21391353,0.039437532000000004,0.22509187,0.13591467,-0.11094928,0.0023881893,0.5965075,0.29712024,-0.23158059,0.21611537,-0.4418275,-0.07180548,-0.049580663,0.6204187,0.08854445,-0.20363012,-0.25869784,0.13285089,0.044587217,-0.050668035,0.04961222,-0.37056443,0.21822381,-0.47164106,-0.35114032,0.019985517,-0.14919549,-0.54918367,-0.31564742,0.31642744,-0.22942705,0.32414296,-0.11684871,-0.4626800999999999,0.103279315,-0.15634337,-0.20067290000000002,0.1888216,0.66048986,-0.1368537,-0.35566255,-0.7218275,-0.28554133,0.5874653000000001,-0.2044378,-0.07018702,-0.43251175,0.31010297,0.12987706,0.18964633,0.32750392,-0.5593961999999999,-0.2014445,-0.5082568000000001,-0.12312774,-0.38516513,0.17175345,-0.28676042,0.04280681,-0.08043878,0.22336954,-0.024708097999999998,0.06279754,-0.21361,0.30740583,-0.53984225,0.51680326,-0.0068864175,0.27201432,0.21459763,-0.055820167000000004,-0.2674632,0.44135615,0.569806,-0.5809724,-0.021823289,-0.17426088,0.12269883599999999,-0.010862265,0.47624436,0.08097879599999999,-0.06739194,0.5745701,0.23274493,-0.3612225,0.07485442,-0.47511914,0.06247313,-0.13025452,0.12696144,0.008816776,0.24702739999999998,0.12722868,-0.06761311,-0.13181068,-0.4413925,-0.39438403,-0.18097961,-0.2614593,0.03219666,-0.2209681,0.3077172,0.3940519,-0.012350834,-0.005456255699999999,0.07349571,0.5558765999999999,0.0038752941999999997,-0.16614123,-0.09031499999999999,0.37620395,-0.47198582,-0.28282106,0.21547222,0.16940409,-0.04119546,-0.6621495,-0.38476550000000004,0.060817022000000005,0.07319980000000001,-0.23455116,-0.5112784,0.17664005,0.13893604,-0.32627192,0.3644875,-0.0682798,0.003521501,0.17108636,-0.14734462,-0.20246993,-0.23307600000000003,0.15697323,0.019340904,-0.19131827,0.17897226,-0.32144162,0.016674371,-0.031337366,-0.35250370000000003,0.40659127,-0.13356967,-0.012062051,0.41967386,-0.14000899,-0.104233794,0.6025765000000001,0.34280324,0.05634507,-0.13632101,0.2112417,-0.31615594,0.13942315,0.009107893,-0.06096975,0.806227,-0.31975028,0.09449015,-0.15031353,0.17029335,0.26522437,0.32003394,-0.16877696,-0.5122897,0.14636517,-0.13642132,-0.04710821,0.3699972,-0.08271593,0.08895287,-0.21590263,0.27986914,0.029855369,-0.44070008,-0.3280628,-0.29998985,-0.31042933,0.2800375,-0.5770016,0.047827445,-0.021027373,-0.54772705,0.053466678,0.19221295,-0.15370135,0.32557288,0.23037352,0.0017162155999999999,-0.16366999,0.28422177,-0.16566123,0.18800378,0.50197387,0.19185339,0.3410097,-0.1426308,-0.14192994,-0.21087767,0.07063817,-0.104139745,-0.14356549,0.28035647,-0.24526241,0.07881039999999999,0.046415045999999995,-0.12547489,0.3243052,0.08272537,0.6619956,-0.13627075,-0.6986232,0.20352285,0.38630292,-0.09262000000000001,-0.36601576,0.6739498,-0.31479776,0.18578845,-0.06534546599999999,-0.26192248,-0.32675958,-0.062044166,-0.11655924,-0.21220182,0.45566428,0.1833297,0.26542319999999997,0.14783196,0.048055466,-0.24045326,-0.050717134000000004,-0.13775219,-0.088791005,-0.49800609999999995,-0.11205414,0.05745824,-0.49459088,-0.19311649,-0.2784986,-0.09006455,-0.46543515,-0.021693248,0.115923606,0.5058952,0.37881859999999995,-0.36534859999999997,0.03531668,-0.14110796,-0.53024566,-0.078255035,0.0074320346999999995,0.14167608,0.35183716,0.08487674,-0.11642165,-0.042902406,0.6237090000000001,-0.043611802000000005,-0.062671304,0.11294681599999999,0.12807849,0.10040045,0.03091546,0.26398462,0.33413190000000004,-0.27910295,0.13501849999999999,0.06888765,-0.15972202,0.059731018,0.35378188,-0.15726353,-0.24869247,-0.07608697,-0.06327238,-0.46445838,-0.5146571,0.5606569,0.24653833,-0.05786277,0.2337731,0.16585849,-0.063491575,-0.33688498,0.06540466,0.3727287,0.22225216,-0.01793719,0.08670548,-0.25320410000000004,-0.20020063,-3.8661697,-0.10782998,0.16412397,-0.47257823,0.2932611,0.098047175,0.16878591,-0.21802235,-0.45589300000000005,-0.37208033,0.30231790000000003,-0.31471473,0.18722178,0.29933557,0.3041001,0.28599223,0.054731302,-0.01902651,-0.024367847999999998,0.61206234,0.029336775,-0.48190677,0.076922454,-0.2216312,0.377141,0.3191425,-0.21052885,-0.13904646,-0.25938368,-0.008360099000000001,0.24228732,-0.13527632,-0.0016784831,0.08368401,0.14184645,-0.06393379,0.13098545,-0.47758332,-0.34696528,-0.52651787,-0.25120288,-0.6351432,-0.026577896,-0.12636174,0.7581220999999999,0.055040948,-0.02072819,-0.15226026,0.027752102999999997,0.33282936,0.11926431,0.27081704,-0.30132452,-0.59164333,-0.37188074,0.24881852,0.42554098,0.5589948,-0.2889952,-0.3174258,-0.13677423,-0.05318733,-0.65514976,-0.11405228,-0.10095743,-0.16421553,-0.34404656,-0.03375115,0.13142779999999998,-0.09069265,0.08937548,0.2557226,-0.36067665,-0.45253813,-0.010437835,-0.06575452,-0.020813443,-0.104566805,0.27620047,-0.039625503,-0.13297372,-0.2023164,-0.05124856,-0.29821655,-0.14343405,-0.021797453999999997,0.0024171008,-0.34127329999999995,-0.42979799999999996,-0.76848036,0.059358895,0.13467298,0.24921260000000003,0.17172007,0.37499917,-0.13805205,0.3267974,-0.12821552,0.046812136,-0.5120587000000001,0.070061564,0.41409305,0.42987790000000003,-0.09196722,0.22172022,-0.039278402999999996,-0.19236691,0.20324329,0.13893554,0.032954383999999996,0.63687056,-0.5372643,0.5407621,-0.036656387,-0.614494,-0.05074083,0.37928835,0.03993037,0.036549836,-0.28663838,-0.040738106,0.42533684,-0.5727361,-0.34988585,-0.82379323,-0.12042273,-0.21898277,0.07430154,-0.26068112,0.32080640000000005,-0.1925113,-0.17131685,-0.18288442,0.5774699999999999,-0.020551913999999998,0.15636104,0.10800291599999999,-0.39966646,0.16036531,-0.021184599,0.203321,0.3627876,0.116111696,-0.07978916,-0.15330155,0.4044644,-0.027889946000000002,0.023743423,-0.22739728,0.031469617000000005,-0.23802276,-0.29864606,0.10135289,-0.39734897,0.087704696,0.15918954,0.24316834,-0.19365577,0.18439248,-0.61689633,0.3123046,0.2835067,0.13697083,0.30772415,0.27937528,0.7181091,0.13985224,-0.3950189,0.07065283,0.18227641,-0.5469774000000001,-0.08317149,-0.1600654,-0.38671175,-0.087130144,0.7553454000000001,-0.113808826,-0.028839918,-0.15093409,0.29691917,0.027256185,0.05406295,-0.28166234,-0.13472512,0.27429390000000003,0.1644684,0.14713953,-0.17506273,-0.010528886999999999,0.2660728,-0.12095056,0.46463950000000004,0.19766073,0.041345738,-0.089213714,0.061643052999999996,0.34554429999999997,-0.6686866,-0.054775704,0.041675996,0.45740859999999994,-0.26514435,0.056412357999999996,0.25908136,-0.28986490000000004,-0.13332151,0.08700866,0.2538482,-0.02428552,0.09635673,-0.36122894,-0.1761074,-0.38195348,0.16477846,0.14304465,-0.5448536999999999,0.18538725,0.066915564,-0.464311,0.46003318,-0.09841739,-0.11896445,0.0940687,0.023402726000000002,-0.55303603,-0.32777148,0.16882046,0.039671227,-0.265497,-0.13936606,-0.19396538,-0.68789077,0.13261321,0.122597426,-0.41573942,0.32795477,0.17740645,-0.19192791,0.23282008,-0.09436905,-0.116533965,0.23671083,0.074077055,-0.43983644,0.0729084,0.08182576,-0.04538276,0.28636940000000005,-0.40167573,0.65560067,0.20028533,0.029272016,0.059459332000000004,-0.51173264,0.20843445,-0.2732377,-0.30981559999999997,-0.08044423,-0.35450149999999997,-0.19558541,-0.059039157,-0.13596497,-0.24377409,-0.049676377,0.17048614,0.038116027000000004,-0.076026075,0.17689504,-0.0009806834,-0.5399550999999999,0.093810506,-0.16824105,0.13147081,-0.08454085,0.38611585,-0.036973998,-0.06202751,-0.33169502,0.81081617,-0.55544424,-0.27882272,-0.008933826,0.26135716,-0.32553309999999996,0.01777518,-0.26564232,-0.29847094,0.3099385,-0.23686157,-0.09996038,0.4113986,-0.22769940000000002,-0.16736554,0.023040911,-0.3252087,0.10187596,0.5076261,-0.22268063,0.30512142,0.21746024,0.16453718,0.04714189,0.2348256,0.4033414,-0.27562112,0.2523783,0.19814909,-0.64181,0.42133456,0.19582331,-0.33069940000000003,-0.4037545,0.7577875,0.4291672,-0.406248,-0.5780366,0.07569198,-0.378602,0.027425937,0.032440107,0.34201857,0.09137200599999999,0.7079785,-0.17925115,0.31941965,0.10982239999999999,-0.16076395,-0.29259250000000003,-0.0062225075,0.12316279999999999,-0.14937714,0.47199726,-0.4490473,0.45273983,-0.08041339,0.08545832,-0.0695442,-0.08282216,0.33744496,0.36138365,-0.10342975,0.076531075,0.6161532,0.44566396,0.37795517,0.36678988,0.0918349,0.006351554000000001,0.75755596,0.33331412,0.16390167,0.48722273,0.05895202,-0.1560525,-0.08562373,0.6555875,0.2027503,0.31655570000000005,-0.05157283,0.9187725,0.26240218,0.06555676,0.31706503,-0.46706608,-0.09290139,-0.009927531,0.057429876,-0.48122109999999996,-0.28179374,0.049168877,-0.1801826,0.16315870000000002,-0.24913724,-0.37230050000000003,-0.37847707,0.28210622,0.021241521,-0.18039624,-0.03083141,0.20924674,0.098104544,-0.15591191,-0.47231695,-0.14589028,-0.16852260000000002,-0.5131216,0.14926398,-0.0055984715000000004,-0.31304246,-0.17121024,0.033957735,-0.10086979,0.09630648,-0.24342693,-0.021958522,-0.30623642,0.32760158,0.24395357,0.49746722,-0.013399373000000001,-0.0675526,-0.29669120000000004,-0.038991235,0.34563740000000004,0.3047078,0.08383038,-0.060010605,0.42053157,-0.24256635,0.051537223,0.0048441077,0.45561877,-0.70433277,0.12937738,-0.3309244,0.07593012,0.07628648,0.3128598,-0.31222898,0.494229,-0.37623924,-0.1894628,0.12750416,0.20344225,-0.16058052,-0.04367641,0.26456863,0.34667262,-0.32841986,-0.090781406,0.1364195,0.23344569,-0.008122892,-0.01676453,-0.14510246,-0.19419660000000002,-0.5532627,-0.15569276,-0.17773634,0.34353995,0.34318158,0.032537203,0.04651412,-0.27659320000000004,0.7895118,-0.31571874,-0.038602047,-0.37597212,-0.4472322,-0.13214204,-0.12722258,-0.16204570000000001,0.20372412,-0.25668470000000004,-0.13124782,-0.10338387,0.025577423999999998,-0.43100563,0.07930153599999999,-0.11433163
75,13,0.04835892,-0.058456466,0.24628454,-0.074211985,0.18079260000000003,-0.11690227,-0.17461857,0.46082732,0.0390152,-0.28873265,0.24425384,-0.15085855,0.04262295,0.33077866,-0.25382778,0.48370835,-0.07175608,0.034560677000000005,-0.25261793,0.10506388,0.1524409,-0.077914245,0.20427379,0.57652503,0.5394800000000001,0.02626281,0.15953685,-0.058632735,-0.025536079,-0.070431,0.37088588,0.25330827,-0.24295196,-0.29466182,-0.15268072,-0.029904071,-0.008849675999999999,-0.08908938599999999,-0.07975234,0.2632506,-0.6583295,-0.31248066,-0.32477987,0.09490367,-0.11804687,-0.1576773,0.24908303,-0.2609454,0.079436086,-0.25623462,-0.17769400000000002,0.013010091000000001,-0.47313467,-0.23301005,-0.046548642,0.6465349,-0.043955863,-0.3558768,-0.6586890000000001,-0.2478136,0.1927185,-0.33879754,0.021793224,-0.10598164,0.40477140000000006,-0.04572637400000001,0.07988358,0.448255,-0.5678896,-0.15503934,-0.35053846,-0.26538402,-0.15815587,0.02948019,-0.021527585,-0.031324025,-0.110295184,0.2967131,-0.01592651,-0.08383207,-0.24382870000000004,0.39617187,-0.22837879,0.33437276,0.12498977,-0.09020714,-0.11050981,0.19965525,-0.3554839,0.5578504,0.05339837,-0.34597802,0.09178229,-0.023127982000000002,0.14425334,-0.21513507,0.07970666,0.040999956000000004,-0.20613003,0.5011576,0.20821682,-0.19555305,0.05564025,-0.33192155,0.07297582,-0.21186851,0.25394303,0.07634545,0.22964269,0.16329436,0.018048747,-0.05232569,-0.01147767,-0.07981663,-0.2322754,-0.13742034,0.028149366000000002,-0.05407972,0.3709822,0.012713351999999999,0.049631525,-0.013502525,-0.022215962000000002,0.44835806,0.13251042,0.022323512,-0.1985634,0.28181269999999997,-0.048395127,-0.36369473,0.35296735,0.13321273,0.072608046,-0.34552150000000004,-0.19665703,0.36172485,0.005957451999999999,-0.21812159,-0.31880394,-0.055313505,0.23454605,-0.17993443,0.39940554,0.033829886,0.1238371,0.09039508,-0.14905667,-0.1448281,0.05098623,0.34931642,-0.075672746,0.107958645,-0.12771633,-0.06663862599999999,0.12046040000000001,-0.20196038,0.00042614617,0.038295943,0.09550241,0.201052,0.3738896,-0.02354901,-0.02931704,0.09175241,0.22169393,-0.13803579,0.038716234,0.16012222,-0.39866799999999997,0.09193728,-0.08090493,-0.20756628,0.9780260000000001,-0.1278782,0.23437467,0.07808114599999999,0.24571149999999997,-0.028129255,0.31362692,0.23746988,-0.61110216,0.21577719,0.0033238074,-0.023555791,0.28822482,0.111620985,0.25245556,-0.019650549,0.11984958,0.15662713,-0.14946157,-0.41150337,-0.24188153,-0.0027589466999999998,0.035970999999999996,-0.48263140000000004,-0.12136838,-0.12857094,-0.29804304,0.0021884951,-0.18812852,0.025366572999999996,0.50992745,-0.037834253,-0.22909833,0.20765562,0.3124778,-0.19563943,-0.15521500000000002,0.33037156,-0.107211195,0.48132157,-0.121243484,-0.008806594000000001,-0.090595834,-0.1995139,0.15667373,-0.116433114,0.090245195,0.09874459,0.061123885,0.08933678,-0.23759960000000002,0.24991527,0.10770856,0.89695567,-0.086303376,-0.5259418,0.04440305,0.30573779999999995,-0.16066755,-0.18226416,0.2840031,-0.14097886,0.23200354,-0.022499422,-0.37931020000000004,-0.26404926,0.15490669,0.18887919,-0.1491912,0.24291958,0.17721301,0.24075383,0.019011252,-0.036454312999999995,-0.10184246,-0.14257582,-0.149592,-0.19859792,-0.45886356,-0.37448132,-0.11374622,-0.42891899999999994,-0.05968107,-0.19179973,-0.11044343,-0.36470753,-0.13517278,-0.1615356,0.16450216,0.18041919,0.1887053,0.07739421,-0.3434749,-0.22461950000000003,-0.20840459,0.24746597,0.38020146,0.21330206,-0.12006067,0.11127122,0.16794075,0.5005649,-0.29821506,-0.38904905,0.37296554,0.2769021,0.022570886000000002,-0.049451742,0.1958634,0.60228825,-0.101665296,0.020715438,0.0016126804000000002,-0.33404887,0.28595644,0.412921,-0.32965046,-0.30088234,-0.103886575,-0.09194087,-0.44548178,-0.26755056,0.38003093,0.017719537,0.23275977,0.17380436,0.10488422,-0.16301386,-0.06418099999999999,-0.09379261,0.10553983,0.33142817,-0.12915695,-0.012044357,-0.01081921,-0.48050922,-4.567282700000001,-0.20786344,0.022520598,-0.29506975,0.40693274,0.10374563,0.30666265,0.0074971546,-0.66599625,-0.034395758,-0.13545512,-0.20536552,0.14766628,0.08188165,0.28867275,0.22988096,0.06033903,-0.028592926,-0.31491983,0.39213213,-0.087468095,-0.47491503,0.13643629999999998,-0.017329558999999998,0.2090839,0.38917518,-0.13421306,0.09009618,-0.36671668,-0.03544542,0.12022947,-0.13865405,0.13678505,0.2885853,0.036151983,-0.30779842,-0.151756,-0.30832607,-0.13679309,0.19409283,-0.14564000000000002,-0.45501348,0.07724796,-0.11256703,0.8777169,-0.30251995,0.034948003,-0.21863049999999998,0.037590455,0.27512044,0.10260622,0.2522645,-0.21626227,-0.059517945999999995,-0.11489788,0.345139,0.35106593,0.5954982,-0.14078091,-0.13957068,0.30245355,-0.20318843,-0.23587571,-0.12107184,-0.22651012,-0.33988893,-0.36226052,-0.3167552,0.21156999999999998,0.069846764,-0.23763405,0.24817489,-0.25632557,-0.827485,-0.17054729999999999,-0.01119937,-0.08535035,0.006362043299999999,0.22602026,0.23398477,-0.16678135,-0.29905590000000004,-0.008190677,-0.05550031,-0.15152499,-0.4898523,-0.20847395,-0.13385953,-0.15358944,-0.48186293,0.13571738,0.13921994,0.19871323,0.058384992000000004,-0.088262446,-0.10975523,0.19021481,-0.29634956,-0.030810425,-0.1624638,0.14728211,0.036644067999999995,0.48139970000000004,-0.37993598,-0.003897871,0.03934586,-0.093903765,0.23676245,-0.06564473,-0.058837917,0.31180033,-0.2830661,0.43678770000000006,-0.39311182,-0.3996592,-0.06938226,-0.03597696,0.5608517,0.040838104,-0.17198238,0.019150533,0.44466734,-0.46381673,-0.42653805,-0.8680384,-0.14249292,-0.27834359999999997,0.011110428,-0.18497639999999999,0.10222692,-0.16810887,-0.21940982,-0.039595284,0.2989146,0.13106936,0.07707794,-0.06070221,-0.28904563,-0.20374042,0.061223917,0.19074228,0.1596408,0.10499315,-0.05818819,-0.24875832,0.18908171,-0.20296989999999998,0.083568215,0.006233240500000001,0.025063682,-0.060545992,-0.05106982,-0.057151012,-0.33618078,-0.11393753,0.287238,0.29409358,-0.0036550683,-0.2846729,-0.1735514,0.11189876,-0.072955415,0.088556595,0.17610787,0.20994344,0.30853897,0.12091862,-0.16548476,-0.018158183999999997,0.25115988,-0.103382364,-0.05398103,-0.24309511,-0.3502047,-0.18027025,0.70917034,0.13021545,-0.17870952,-0.22191001,0.35787379999999996,0.04051374,-0.06689481,-0.21577702,-0.1161683,0.22612509,0.069863856,0.23934454,-0.07089965,-0.15626279999999998,-0.037034497,-0.1798628,0.51553154,0.12832712,0.15207589,-0.24809527,-0.11689436,0.27952790000000005,-0.16143319,0.14183934,0.17122161,0.37396243,-0.044741015999999995,-0.16426405,0.061584067,-0.030286495,-0.38502124,0.24358633,0.06697926,0.026818596,0.05386844,-0.26522142,-0.48638412,-0.5237398,-0.3050151,0.24054848,-0.20612644,0.021740807,-0.1132656,-0.4156758,0.22001596,-0.2712397,-0.02189449,0.03312342,0.14185047,-0.36802888,0.02104215,-0.11024536,-0.09139853,-0.23644309,-0.0030399067,0.08644203,-0.85982114,-0.015042143000000001,0.011751053000000001,-0.18916592,0.28905043,-0.008971577,-0.18366459,-0.031201222999999997,-0.08017555,-0.30027863,0.03043134,0.13926628,-0.6040514,0.070741914,0.118457966,-0.051104642,0.36160302,-0.36112659999999996,0.33710226,0.15180477,0.15151812,-0.10150516,-0.35149148,0.21315362,-0.40892127,-0.27691287,-0.19665897,-0.4072693,-0.090189055,-0.39673895,-0.04743016,0.016144767,0.09288763,0.18644135,0.05740617,-0.010591668,0.095741406,0.13265315,-0.7437679,0.19678321,0.11009419,0.05188427,-0.03555008,0.15360963,0.16021703,-0.06231164,-0.36119795,0.21459502,-0.4305063,-0.060951695,-0.0014278673,0.006976878299999999,-0.17413695,0.07822657,-0.2962864,-0.15190193,0.19489999,-0.3842711,0.21969847,0.2364489,0.2062621,-0.16216871,-0.014563274,-0.12529677,0.11136083,0.6029568000000001,-0.15586925,0.11136013,0.28484762,0.12957975,0.24444966,0.19509882,0.17785993,-0.23601553,0.22959511,-0.07647337,-0.28043443,0.15266213,0.12309713,-0.07617024,-0.56310534,0.37260225,0.62612516,-0.23352757,-0.23194003,0.2453005,-0.09620913,-0.18840595,0.023017462000000002,0.13721512,0.10033784,0.772452,-0.16969468,0.15718736,0.20198569,-0.37932518,-0.081057,-0.13863496,0.21995965,-0.025888393,0.47472749999999997,-0.2844488,0.31207347,-0.23850434,0.056735415,0.056441423,-0.033137072000000004,0.05928256,0.05043612,-0.15757832,0.3062778,0.42108658,0.47282028,0.28639929999999997,0.105018474,0.18383692,0.057066537,0.6752005999999999,0.47742495,0.14842197,0.32845682,-0.24247842,-0.25906745,0.18153718,0.3500423,0.009970725500000001,0.3240232,-0.076307,0.5623836999999999,0.03741992,0.20582737,0.29835072,-0.503447,0.014157996,0.16368082,0.05080137,-0.12868015,-0.34017915,0.13955554,-0.09137525,0.022802067999999998,0.0019639996,-0.21755937,-0.20506375,0.38331854,-0.054133374000000005,-0.4062324,-0.04909212,0.35005683,-0.06919413,0.084251486,-0.54008037,-0.1945174,-0.30314842,-0.42571408,0.037862957,-0.16801149,-0.11929941,-0.405087,-0.07791634,-0.23725781,-0.011326042,0.080718204,0.15498320000000002,-0.41719943,0.30603474,0.15286045,0.42395790000000005,0.17650339,0.26693279999999997,-0.25656158,-0.26175395,0.02616071,0.101692826,0.09831766,0.03201746,0.45936874,-0.24608998,0.220307,0.06521892,0.5518578000000001,-0.5930733,0.33026,-0.12644984,-0.007837438,0.14684714,0.17002732,-0.22588387,0.25765017,-0.43947129999999995,-0.13992368,0.04535852,0.19764577,-0.07137118,0.10346876,0.10582025,0.34061444,-0.27260962,0.10905855,-0.008226043,0.36037806,0.11009462,0.13810761,-0.059326604000000005,-0.3083087,-0.2335395,-0.14470646,-0.22219297,0.19900759,0.26776654,0.09505627,-0.0155028375,0.12190782,0.45622003,-0.1349943,-0.12923302,-0.31446856,-0.15888333,-0.12389556,-0.23588634,-0.093451954,0.08603988,-0.09183749,0.08578025,0.050707456,-0.26926398,-0.17647058,0.23377599,-0.04903889
76,13,-0.07682371,0.099118054,0.23202558,0.031286076,0.11775631,-0.26226228,0.021051382999999996,0.45944440000000003,0.047676355,-0.36554770000000003,0.31164423,-0.28779462,0.17951860000000003,0.57912123,-0.18546534,0.42804012,-0.11209763,-0.018216394,0.11092780000000001,0.34958196,0.21495019,-0.23230073,0.06418986,0.58387274,0.43032068,-0.14739561,0.015035648,-0.09521204,-0.16158812,-0.06687881,0.4925917,0.10771519,-0.37445703,-0.21030374,-0.02062209,0.07482903,-0.15062225,0.056046102,-0.19800118,0.11560568,-0.8726185,-0.14631481,-0.025737712000000003,0.13524735,-0.48052046,-0.3492663,0.19164915,-0.4617282999999999,0.19333248,-0.029888968999999998,-0.30178678,0.15955776,-0.51071227,-0.12522855,-0.009869727,0.4657384,-0.07351762,-0.37313470000000004,-0.8901061,-0.17748313,0.4059697,-0.10747867,-0.08077555,-0.33378753,0.4566459,0.12774435,0.12953912,0.3306175,-0.5711215999999999,0.09360652400000001,-0.37038144,0.07262435,-0.36702093,0.13825817,-0.03385069,0.12244445,-0.039786577000000004,0.4718146,-0.027079713999999998,-0.099288754,-0.2508894,0.40251192,-0.5651181,0.28114954,0.041182064,0.085002355,0.17351344,0.1648358,-0.2798242,0.89515483,0.46267137,-0.38914362,0.14672625,-0.10495742400000001,0.18360841,-0.2897276,0.6237680999999999,0.059297863,-0.26955196,0.7068574000000001,0.30394015,-0.38284764,-0.034425903,-0.5087912,0.19945368,-0.21347375,0.056303072999999995,0.24952482,0.19732915,0.21785319,0.02001269,-0.20370139,-0.244331,-0.00761322,-0.12009726,-0.06603251,0.17978853,-0.10145393,0.19258355,0.3304543,-0.06381539,0.06270297,0.13467820000000003,0.68838966,0.10511228,-0.05403077,-0.24078366,0.30262843,-0.13748764,-0.27531528,0.19831645,0.12557995,-0.046688075999999995,-0.55943865,-0.36893076,0.26093093,-0.13790493,-0.43195972,-0.44951424,0.07075193,0.1850088,-0.21524657,0.5291679,-0.12740263,0.0076278634,-0.052596795999999994,-0.40459090000000003,-0.1714365,-0.14905988,0.14962733,0.041101325,-0.24635708,0.061433497999999996,-0.270102,0.016510261000000002,-0.1486125,-0.5328651,0.123989835,-0.24544965,0.27479544,0.42889047,-0.2800273,-0.18268132,0.40274644,0.21400379,0.2432123,0.31214446,0.2721437,-0.16161573,0.25197884,-0.001104954,0.05737436,0.93241805,-0.26600018,0.10677228,-0.14888944,-0.046248566,0.12934121,0.19950767,0.091477595,-0.5352231,0.14650464,-0.29573566,-0.06446519,0.3796259,-0.18281615,0.030108457,-0.14202869,0.28348184,-0.013788027,-0.3992713,-0.320705,-0.20339803,0.03083156,0.13872883,-0.56196445,0.026965197000000003,0.008935364,-0.45557659999999994,-0.09227278,0.23129569,0.0078014224,0.20073299,0.34185863,-0.13461134,-0.13702953,0.356774,-0.151535,0.051486004,0.46981776,-0.046476357,0.30136582,-0.08688724,-0.23205185,0.03802617,0.11948641,0.11476704,-0.21130724,0.118262306,-0.12961528,0.19067587,0.07262287,-0.24448197,0.2042808,0.11610682,0.4023314,-0.21176128,-0.68678814,0.13916062,0.29229915,-0.1564594,-0.36425608,0.6247986,-0.1390424,0.015078215,-0.084716134,-0.41022970000000003,-0.2859377,0.020337407,-0.12868045,-0.12345648,0.33132923,0.12294476,0.3504109,0.21949933,-0.06109694400000001,-0.21035977,-0.27227634,-0.030680409,-0.13908915,-0.7526716999999999,-0.41588630000000004,-0.017418625,-0.23530242,0.011809503,-0.39262867,-0.23579355,-0.35373962,-0.06370336,0.026042012000000003,0.45161924,0.2991003,-0.08317449,0.2269586,-0.32915068,-0.36761066,-0.07503199599999999,0.083132304,0.17506781,0.29213956,0.23912159,-0.09233866,0.025832072,0.60996574,-0.027704572,-0.11483700599999999,0.24155158,-0.019773122,0.025658725,0.045222095999999996,0.23905641,0.3640032,-0.14099436,0.07396021,0.20473512,-0.156375,0.022424588,0.21538004,-0.2887725,-0.33427775,-0.15099277,-0.09957721,-0.29061922,-0.32786146,0.38144436,-0.18177910000000003,0.12458372,0.15070516,0.20276298,-0.25935733,-0.22857098,0.08425211,0.34347266,0.29536653,-0.27131486,0.052711285999999996,-0.118242316,-0.33572596,-4.255605999999999,-0.15668081,0.2633272,-0.39295015,0.1358589,0.15345816,0.060408868,-0.29150087,-0.21876012,-0.2740344,0.059225414000000004,-0.39081812,0.15990669,0.23888620000000002,0.22209394,0.20946634,0.26267794,-0.046968184,-0.14892769,0.5246062,-0.108007446,-0.24946326,0.20117858,-0.113990895,0.32650159999999995,0.45950136,-0.2794423,-0.23715077,-0.17796671,-0.057222,0.22666349,-0.24419044,-0.065634355,0.15912732,0.17003886,-0.10934573,-0.21957378,-0.45835459999999995,-0.027463254,-0.19328634,-0.018018793,-0.51451916,0.15782182,-0.15093197,0.8535606,-0.29018247,-0.057607044,0.054481644,-0.050600234,0.26141262,0.1971974,-0.023092391,-0.16592777,-0.2675708,-0.30485198,0.26292095,0.44462820000000003,0.40139884,-0.1476382,-0.43397075,-0.041104186,-0.20249225,-0.6213061,-0.05572961,-0.07820661,-0.35725605,-0.30002967,-0.1410797,0.23392138,-0.09454647,0.04621498,0.28329328,-0.3902619,-0.6959808000000001,-0.105372004,-0.034229737,0.11587825,-0.19701286,0.21727183,-0.20775189,-0.10954694,0.0074611353,-0.123987384,-0.019682988999999998,-0.17313927,-0.27306990000000003,0.2401294,-0.22336945,-0.521196,-0.62966365,0.09435612,0.043058813,0.09428129,0.28806376,-0.005778549,-0.038243912000000005,0.37680566,-0.24440652,0.019749405,-0.12050229,0.12553781,0.21716437,0.4949418,0.059163815999999994,0.11609632,-0.026251879,-0.16575702,0.16727318,-0.0043340414,-0.10663229,0.4045578,-0.47454217,0.3589426,-0.26905495,-0.423696,-0.19669712,0.2605485,0.42125452,0.08768319,-0.25925675,0.11296787,0.43203297,-0.3343672,-0.2289371,-1.0145686999999999,-0.07212525,-0.42736384,0.31277168,-0.24980362,0.29110864,0.032787662,-0.23824483,-0.21680829,0.56193876,0.011116643999999998,0.101745784,0.22101264,-0.47138867,-0.084031925,0.14039123,0.23031059,0.3966604,-0.01059174,-0.08353342,-0.19683786,0.30900759999999994,-0.26244575,0.0052158474,-0.08856013,0.03262865,-0.23253636,-0.29086182,-0.05583679,-0.40076977,0.2156094,0.18163507,0.48658898,-0.049352877,0.054773737,-0.5931705,0.15173838,0.09305206,0.08716684,0.28456908,0.10482507,0.6476298,-0.091798894,-0.22176254,0.0104829455,0.024321936000000002,-0.61009467,0.0012722949,-0.19946696,-0.29106387,0.009854265,0.56251776,0.0654256,-0.14671116,-0.31619632,0.06269828,-0.2082537,-0.020560209,-0.21164666,0.050148673,0.12681887,0.26139107,0.27546602,-0.29354322,0.035239447,0.11063326,-0.26957467,0.51904184,-0.006332211999999999,0.127315,-0.08859439999999999,0.09651596,0.41689736,-0.53770626,0.08939354,0.18017924,0.52102506,-0.07882177,0.0047021015,0.31722364,-0.07675586,-0.19661514,0.16769247,0.25158486,-0.1351051,0.23649293,-0.30010664,-0.15082426,-0.32978702,-0.010420349,0.09042046,-0.47360477,-0.069546126,-0.019264236,-0.33919033,0.402063,-0.02698719,-0.45975992,0.08730977,0.13412873,-0.5194686,-0.10657824,0.114594296,0.12644187,-0.27888697,-0.1320221,-0.14441189999999998,-0.8153201999999999,0.14775456,0.32892364,-0.29031375,0.5766113,-0.16966346,-0.22451837,0.13841338,-0.09650144,-0.08911393,0.16255732,-0.0030537217,-0.44688833,-0.02821555,0.21953116,0.08957986,0.41525555,-0.23408146,0.49242502,0.28358203,0.19938293,0.02406045,-0.25775486,0.12874067,-0.09375805400000001,-0.49700496,-0.038445997999999995,-0.5654251,-0.23131719,-0.16922015,-0.16533087,-0.25626802,0.10280692,0.24391949,-0.074226834,0.081094734,0.19657189,-0.0042387387,-0.5000968,-0.0049575404,0.17069235,0.058523227000000004,-0.10441556,0.11174872,0.15784492,-0.25470915,-0.46189790000000003,0.45910144,-0.24389161,0.03925602,0.08269773,0.16480407,-0.19522808,0.22039537,-0.16997725,-0.11759733,0.28203863,-0.10714175599999999,0.06357763,0.17114477,-0.06495318,-0.28389558,0.05042791,0.19201392,0.27995359999999997,0.66590905,-0.0010073859,0.22353074,0.22922006,5.2247759999999995e-05,0.009467624000000001,0.12897444,0.2668061,-0.31438047,0.27891722,0.078319006,-0.43006033,0.48852026,0.046858045999999993,-0.26270509999999997,-0.23643951,0.56698,0.43832302,-0.22936156,-0.41297206,-0.08978755,-0.31526396,-0.24443741,0.030280089,0.026022397000000003,-0.09202682,0.8787886,-0.24648821,0.10046997,0.13640282,-0.3961592,-0.344599,0.08392987,0.36145663,0.11349352,0.444979,-0.42705783,0.46234483,-0.28624147,-0.07494847,-0.22090311,-0.08484612400000001,0.3317547,0.10276244,-0.14265339,0.15103729,0.38781255,0.37592125,0.25497237,0.116828226,0.32349065,-0.02302291,0.5695975999999999,0.66631407,0.17815594,0.48643252,-0.25152892,-0.1362807,0.17370467,0.43593684,0.16141967,0.4055271,-0.2338353,0.7880186,0.07048853,0.07126435,0.5049984000000001,-0.40765485,-0.26716256,0.19653134,-0.07490468,-0.2800513,-0.08983206,-0.068616055,-0.33881676,0.011923379,-0.31892213,-0.30351743,-0.42497864,0.39717874,-0.038681257999999996,-0.30510005,-0.1350291,0.233861,0.15797742,0.083865486,-0.5381411,-0.34110683,-0.19671947,-0.46646646,-0.14840767,-0.039275378,-0.25215515,-0.3256239,-0.13799918,0.07449347,0.07070169999999999,-0.08761861,0.104401335,-0.187132,0.49145883,0.15711302,0.4171823,-0.01785442,0.06527316,-0.16799009,-0.02410677,0.12071336,0.25737664,0.06315905,0.12086358,0.32620516,-0.40744182,-0.12123852,-0.09998377,0.35716686,-0.7621366999999999,0.11585001,-0.24498568,0.015017083,0.16243158,0.41531899999999994,-0.08991843,0.3418988,-0.47753199999999996,-0.11792328,0.016743675,-0.067519285,-0.07161711,-0.08337194,0.17699438,0.32320017,-0.20243582,0.06881008,0.020075416000000002,0.23262134,0.18093879999999998,-0.18111272,-0.15103607,-0.27571028,-0.19787176,-0.14492507,-0.2351679,0.10460808,0.45340340000000007,0.19675758,0.14265072,0.04104471,0.79241735,-0.19201183,-0.07654977,-0.39540255,-0.1765378,-0.38074455,-0.29518893,-0.19472039,0.28139877,-0.33435783,-0.12726176,-0.27964163,-0.028807126000000002,-0.24780557,0.29952142,-0.025720267
77,1,-0.33979332,-0.027142314,0.23641595,0.03415596,0.061819937,-0.29738793,-0.07482362,0.7166523,-0.13125032,-0.29263157,0.23400769,-0.28667924,-0.10739134,0.3138026,-0.07508878,0.40223476,-0.047478455999999995,-0.098645076,-0.008299019,0.36684373,0.31532577,-0.059643182999999995,0.033511862,0.54088753,0.35285795,-0.15569229999999998,0.077024944,-0.2753445,-0.23253681,-0.034069199999999994,0.58701766,0.3353813,-0.28030246,-0.11564167,0.270921,0.11506377,-0.14389467,-0.05157201,0.043764565,0.21418417,-0.48406297,-0.32654932,-0.24617310000000003,0.013306858000000001,-0.40336788,-0.4924093,0.23692925,-0.11430833,0.1631155,-0.16248797,-0.36427116,0.09872703,-0.34943706,-0.25164056,0.110218614,0.62619394,-0.18055816,-0.34058562,-0.70396364,-0.1812777,0.39112675,-0.28376684,-0.29074907,-0.4908791,0.42377275,-0.03134568,0.030857299999999997,0.44456419999999996,-0.6369484999999999,-0.27957356,-0.70919067,-0.21250464,-0.25408873,0.11569237,-0.16461614,0.100830324,-0.07647054,0.39620700000000003,0.14145419,-0.22126098,-0.056318667,0.49053815,-0.46735966,0.35165587,0.1665856,0.19748914,0.07898184,0.14028743,-0.39755675,0.67106456,0.44758293,-0.44355202,0.04254928,-0.025988074,0.05344438,-0.09025559,0.5223832,0.024432878999999998,-0.16177793,0.6186848,0.27674907,-0.17448404,0.21367094,-0.41641733,0.068696484,-0.25915447,0.17937413,0.32758614,0.19710353,0.1402306,0.103713736,0.015030642,-0.34943697,-0.10025907,-0.14558671,-0.17307379999999997,0.12833986,-0.08919266599999999,0.25815645,0.28219104,-0.12479268,-0.11090992,0.11295329,0.6605886,0.07227778,-0.0150748445,-0.30223320000000004,0.26228032,-0.26407087,-0.11075719999999999,0.30275443,0.21612272,0.07020964,-0.75904745,-0.17719807,0.023447644,0.025255932000000002,-0.2043546,-0.3613478,0.10004215,0.19676827,-0.08616197,0.5473244,-0.06943262,-0.009078304,0.14134158,-0.31041119,-0.43260005,-0.15377721,0.10356988,0.008795655999999999,-0.026454400000000003,0.30801055,-0.2036947,-0.06255383,-0.1278472,-0.31147075,0.28610438,-0.118535355,0.18340407,0.5129802,-0.3037342,0.17280513,0.46088442,0.40996800000000005,0.06577627,0.049643982,0.20497277,-0.096968085,0.17287073,-0.036000613,-0.07766793,1.0376942,-0.36416182,0.43599440000000006,-0.122836545,0.28333959999999997,0.18454377,0.22886518,0.13413846,-0.5215173,0.18488629,0.07607792,0.03619956,0.24353996,-0.02181955,0.09662528,-0.09467678,0.35510890000000006,0.023956573,-0.44159856,-0.3131191,-0.111052014,-0.24082752,0.07667628,-0.44774768,-0.1664454,-0.018810919,-0.43149319999999997,-0.044008065,0.0567911,-0.07172628,0.38517556,0.31025758,-0.27511477,-0.09223666,0.28466790000000003,-0.13158251,-0.107631765,0.5534963,0.26566795,0.36967367,-0.046436027000000005,-0.15842694,-0.17213622,-0.15928574,0.017867647,-0.27358574,0.18393110000000001,0.07234303,-0.056301348,0.15221086,-0.15207087,0.26600134,0.10251468400000001,0.5528350999999999,-0.002517931,-0.5319478,0.15130477,0.33378994,-0.19029221,-0.31044817,0.7029645999999999,-0.0768807,0.02716328,0.03991896,-0.36555812,-0.28198588,-0.12587687,-0.0026725782,-0.2945462,0.37948987,0.07715989,0.11284387,0.024931474,0.07461787,-0.16656415,-0.24238969999999999,-0.12039864,-0.20328186,-0.38012633,-0.24652399,-0.09440918,-0.5127262,-0.24302176,-0.26958877,-0.20734923,-0.27960938,-0.03288512,-0.06669158,0.33247957,0.18300876,-0.18385255,0.03742862,-0.3979815,-0.47889873,-0.12772214,0.23322521,0.092777,0.05798246,0.19062303,-0.08929519,0.09279667,0.6430974,-0.1457559,-0.09198163,0.1798749,0.2748525,0.08727924,-0.1320716,0.29686755,0.58157516,-0.29652026,0.17393868,-0.13545989,-0.22831568,0.1891305,0.32569236,-0.031209804,-0.18551813,0.04158937,-0.017463394,-0.30464944,-0.36196867,0.43830678,-0.025854174,0.02325787,0.14303361,0.20373571,-0.14357999999999999,-0.14938481,0.07008167,0.31671712,0.3968483,-0.29899862,0.18422988,-0.07061781,-0.27715418,-4.0383954,0.0020916807,0.016939618,-0.39010927,0.20498691,-0.050977725999999994,0.20244986,-0.14927262,-0.51289475,-0.36465123,0.07294922,-0.19238931,0.22885138,0.35515928,0.3333078,0.17875829999999998,0.19621341,-0.07801573,-0.22272870000000003,0.6123046999999999,-0.10854442,-0.3724907,0.24139777,-0.24204826,0.37602618,0.19690828,-0.12381868,-0.108728155,-0.3675422,-0.08811279400000001,0.22829151,-0.14974919,0.060127042,-0.0011438181,-0.010362922,0.013453831000000001,0.010617023,-0.3653855,-0.31874716,-0.25713736,-0.34592953,-0.6216651999999999,0.11272879,-0.018196486,0.78017485,-0.11778625,-0.08047919999999999,-0.07156199,-0.18926795,0.2049741,0.16155891,0.22194359,-0.47522187,-0.34035438,-0.2916278,0.23087719,0.43060908,0.5723835,-0.34741837,-0.47927659999999994,-0.14373864,-0.035015617,-0.5663299,-0.05262267599999999,-0.06249106,-0.34260252,-0.42877948,-0.009295299,0.32600805,-0.06937963,0.014578718000000001,0.16708778,-0.35284302,-0.48711940000000004,-0.13603628,-0.02588426,0.08249036,-0.2782691,0.31222135,-0.08101627,-0.20385553,-0.11034238,0.0025033194,-0.20099632,-0.22132172,-0.38507542,0.18034491,-0.17137419,-0.60690194,-0.7212725,0.08292672,0.10163883,0.39508674,0.08936051,0.15892814,-0.09606703,0.35427448,-0.11703514,-0.037029754,-0.28504159999999995,0.27515376,0.22106272,0.48022452,-0.18057527,0.06854814,-0.108240165,-0.2964303,0.31270483,0.1493843,-0.14748017,0.44863716,-0.45229673,0.6225353,-0.25003877,-0.40927047,-0.14545135,0.24683613,0.29760697,-0.02158155,-0.20380628,-0.07014247,0.46355912,-0.47304577,-0.4023139,-1.2503998,-0.011301897,-0.289647,0.17088905,-0.048648134,0.22868563,-0.1847647,-0.10104626400000001,-0.15085189,0.31281534,-0.040368635,0.14967734,0.35337627,-0.26704338,-0.027880232999999997,-0.030864593,0.3218777,0.31359023,0.15202420000000003,-0.13242619,-0.17035922,0.41270936,-0.019561108,0.18969293,-0.3498855,0.090294585,-0.26104298,-0.19116670000000002,-0.15511867,-0.4291103,0.29223824,0.1493587,0.27190575,-0.08474889999999999,0.08713648,-0.8749802999999999,0.20135339,0.13983503,0.29208168,0.3605603,-0.020523027,0.57042533,0.23505378,-0.35878447,-0.15340379,0.079744026,-0.5575262,0.022296896,-0.40806875,-0.4794563,0.07060153,0.529421,-0.081440926,-0.1471586,-0.27105662,0.1469701,-0.021715151000000002,0.028854777999999998,-0.37202784,-0.021800341,0.19992366,0.16877124,0.09383129999999999,-0.21967060000000002,0.0069585283999999996,0.1873773,-0.2669405,0.3482232,-0.0024672996,0.08463896,-0.27517325,-0.017948927,0.24292396,-0.5526319000000001,-0.025788985,-0.019209728,0.5916799,0.15156491,0.015602608,0.35427678,-0.15055627,-0.14167234,0.041615896,0.31519717,-0.06957766,0.30967307,-0.18295668,-0.47415662,-0.6259986,0.1902451,0.19053797,-0.5239773,0.1035913,-0.07475520000000001,-0.3734303,0.2906275,-0.10765416,-0.13883562,0.16354801,0.045390494,-0.50805444,-0.36032802,0.15166588,-0.026269828999999998,-0.08236847,-0.21934271,-0.10630399,-0.7447592,0.0057070884,0.22807579999999997,-0.28878602,0.62774915,0.0731956,-0.13662437,0.081086956,-0.111377925,-0.50813234,0.19999124,0.070304036,-0.69711334,0.12285565,0.21859920000000002,-0.12275209,0.41790238,-0.516225,0.72003484,0.08883655,0.16682097,-0.17032625,-0.24371094,0.26370722,-0.52178824,-0.47069040000000006,-0.03998812,-0.5479227,-0.053360138,-0.15124479,-0.29563603,-0.23447184,-0.03891986,0.20013025,-0.04265259,-0.08457623,0.108516105,0.09672053,-0.6579208000000001,-0.30042565,-0.25631237,0.2721288,-0.41815844,0.18169488,-0.023495242000000003,-0.04924874,-0.30164292,0.5176049,-0.23614502,-0.16993026,-0.0637281,0.28569153,-0.29079273,0.28880957,-0.27456737,0.03180755,0.4215346,-0.269119,-0.13639256,0.30787343,-0.03177007,-0.24215871,-0.012542365,-0.07669463,0.13587014,0.5998168,-0.16348729,0.26706666,0.09827784,0.059541453,0.01281988,0.2717884,0.25400499,-0.16854589999999997,0.24020301,0.17430122,-0.46894719999999995,0.48003140000000005,0.26352182,-0.29907343,-0.09500432,0.7469955,0.39606977,-0.1465102,-0.32692412,0.14536496,-0.2562724,-0.06514615,0.09197493,0.0016552067000000002,-0.0001899666,0.46318376,-0.12843563,0.15647928,0.025762333999999998,-0.2402677,-0.19354013,0.1064879,0.46988365,-0.010196328000000001,0.5049596,-0.41074970000000005,0.5158775,-0.17367706,-0.042286538,-0.16215761,-0.22236405,0.28690016,0.18575877,0.07439266,0.09581532,0.48164496,0.39643459999999997,0.38061288,0.11501128,0.08580080000000001,-0.32245323,0.60560906,0.7523276,0.28751093,0.52826685,-0.20669313,-0.16722655,0.078974865,0.34590372,0.1835015,0.36763036,-0.057044428,0.7137777,0.24136731,0.16798349,0.26720965,-0.3016987,-0.2985429,0.16605148,0.15050179,-0.25293466,-0.32319709999999996,0.15820117,-0.14502172,-0.016421549,-0.060003087000000004,-0.20503424,-0.188466,0.28023288,-0.012630200000000001,-0.34845820000000005,-0.16154733,0.26892737,0.004895899,-0.005278171999999999,-0.39408287,-0.3456796,-0.100941256,-0.50419515,-0.18722738,0.04133088,-0.44271743,-0.093511574,-0.123739734,0.092749365,0.020138246999999998,-0.15547054,-0.019800548,-0.2532216,0.27441964,0.25394884,0.26266837,-0.021701546000000002,0.21013203,-0.16413738,-0.038858417,0.35725757,0.36176324,0.17033747,-0.16734616,0.3469204,-0.28688583,0.11963896,0.1151655,0.48548785,-0.6140996,0.24882539,-0.25592476,0.020781979,0.051116977,0.1773879,-0.34699553,0.46580476,-0.42119300000000004,-0.28182784,0.048365697,-0.044082254,-0.053139474000000006,0.016402405,0.17445479999999997,0.3098926,-0.30430633,-0.0025704426000000002,-0.12611033,0.28801107,0.11774329,-0.15535545,-0.065221585,-0.1608942,-0.38936785,-0.037754014,-0.16542941,0.27713007,0.48661899999999997,0.16820684,-0.09190252,-0.29603064,0.94116724,-0.23441689,-0.11708174,-0.21400383,-0.24343635,-0.38524887,-0.21489152,0.06924396,0.122329146,-0.17791764,0.018205891999999998,-0.17739746,0.06396524,-0.30072716,0.104752555,-0.024874099
78,6,-0.011702858,0.14952494,0.23453474,0.10856943,0.11648610000000001,-0.21655749999999999,0.012966838999999999,0.7283122,0.04308772,-0.42913416,0.1886052,-0.37404224,0.027304197000000002,0.49246386,-0.018496204,0.44023034,-0.027043527,0.019716557,-0.029959971000000002,0.30809006,0.09104319,-0.17413357,0.14024459,0.6104799,0.30389032,-0.29085702,0.18190321,-0.1987422,-0.08826809,-0.0065753213,0.58255607,0.14591108,-0.24572888,-0.24399024,0.12279329,0.123981476,-0.13755575,0.057315093,-0.19998479,0.12985793,-0.5733385,-0.45689884,-0.035468667999999995,-0.06277252,-0.5217025,-0.28509,0.13476692,-0.13540602,0.22220083,0.040544037000000005,-0.32648432,-0.015280127,-0.35239970000000004,-0.0968768,0.06628794,0.5401113000000001,-0.06959882,-0.37510073,-0.77323765,-0.1675904,0.22503944,-0.3184571,-0.11862485,-0.36066574,0.3870055,0.017459689,0.12414519,0.36795506,-0.5347502,-0.089727476,-0.47018734,-0.07735908,-0.14988256,0.096464075,-0.21038489,0.052388765,-0.0032349909000000004,0.22889115,0.12448121599999999,0.025127532,-0.22604787,0.28702447,-0.44166768,0.39338064,0.019602802,0.43300325,0.19913515,0.18177617,-0.31972358,0.46525150000000004,0.26150639999999997,-0.5180092000000001,0.09240468,-0.01838599,0.23695228,0.14835535,0.45766297,0.09311238,-0.3209909,0.551475,0.28540155,-0.4778941,0.10214027,-0.48890790000000006,0.09467297,-0.24928753,0.14598703,0.014179691999999999,0.19013605,0.25114104,-0.048487104,-0.19798185,-0.29311615,-0.2741159,-0.057393587999999995,-0.047400724000000005,-0.02122565,-0.068179175,0.28404418,0.436438,0.06052487,0.049724396,0.13591659,0.7023115,-0.025525441,0.040346596,-0.39485273,0.30833116,-0.21674304,-0.16284445,0.20301864,0.15746656,0.0026132378,-0.5693517,-0.21707585,0.037120532000000005,-0.034841977,-0.31283882,-0.33864316,0.16470204,0.015851736,-0.29599148,0.46457627,0.049961988,0.026161112,0.01888925,-0.18244264,-0.19338408,-0.07971748,0.11843811,-0.18608952,0.060965184000000006,0.12988918,-0.21489836,0.016896596,-0.032574724,-0.5501550999999999,0.09446421,-0.09995274,0.013623018,0.32489070000000003,-0.16828547,-0.10949542,0.56147045,0.3335677,0.042158913,0.13484347,0.31777814,-0.24199064,0.10654759,0.060376915999999996,-0.1704934,0.65223986,-0.32198742,0.25770223,-0.21048847,0.31804985,0.19885986,0.20162861,0.040142946,-0.42527202,0.41109613,-0.052636594,-0.017886369,0.3619934,-0.15101428,0.27443290000000004,-0.015850398999999998,0.25958243,0.10815388,-0.24243875,-0.2225761,-0.09260850400000001,-0.22538781,0.37915959999999993,-0.6323637,-0.07449321,0.25498164,-0.34952202,-0.13394175,0.005105257,0.0044674617,0.21132568,0.23647898,-0.08855963,-0.18840057,0.28760949999999996,-0.28623274,0.012591791000000001,0.45060659999999997,0.007789852,0.22895592,0.09214166,-0.042530306,-0.053533952999999995,0.06044513,0.10412645,-0.13022344,0.17049160000000002,-0.16061123,0.11360136,-0.08983263400000001,-0.11480627,0.28040284,0.084632955,0.66730374,0.05286347,-0.6498314000000001,0.15480098,0.22758661,-0.05644618,-0.09476777,0.5183451,-0.26290426,0.15991962,0.021559501000000002,-0.24929895,-0.32930740000000003,-0.10054515,-0.19862574,-0.37273788,0.42341197,0.05450633,0.19559772,0.23638415,-0.13856728,-0.28979015,-0.14618209,-0.17868644,-0.16165026,-0.4571794,-0.18036093,-0.057758500000000004,-0.30004776,-0.16358103,-0.26471279999999997,-0.26619917,-0.37007470000000003,0.014594083,0.12059378,0.3828787,0.37277135,-0.19505732,-0.016666686,-0.1578652,-0.45765144,-0.2533284,0.17337689,0.15709919,0.081629135,0.12127624,0.055825822000000004,-0.04289098,0.635734,-0.074711435,-0.09806497,0.07839198,0.13577425,0.037430152,0.04373053,0.13241395,0.2865612,-0.14724341,0.09044127,0.13837320000000003,-0.16272488,0.05771591,0.16563416,-0.15657552,-0.20485675,-0.028785331,0.019889258,-0.44515944,-0.39586902,0.661982,0.047324575,0.09081012,0.11855451,0.21877332,-0.041483536,-0.14288297,0.1650313,0.33489484,0.25569996,-0.22715195,-0.011444918,-0.014630948000000001,-0.323427,-4.4393462999999995,-0.10653373599999999,0.24400848,-0.32296324,0.29500675,0.05103708,0.09974046,-0.11864841,-0.34383159999999996,-0.27948666,0.026415967999999998,-0.15679057,0.028107602000000002,0.31770279999999995,0.19751582,0.28116187,0.12020929,-0.114810094,0.029624794,0.62935287,-0.04380432,-0.41086796,0.15902953,-0.11110896599999999,0.24303876,0.27486196,-0.19023879,-0.057144452000000005,-0.24142492,-0.018734545,0.24977615,-0.08172018,-0.1307719,0.18403134,0.22806136,-0.028886422999999998,0.19776556,-0.46384165,-0.40566182,-0.3753188,-0.057803057000000005,-0.58184093,-0.017585197,-0.26295197,0.6754157,-0.24665146,0.039847467000000004,0.07856563,0.05163195,0.18924098,0.11985844,0.07966108599999999,-0.22306925,-0.36004227,-0.21674169999999998,0.08525595,0.39091479999999995,0.54160553,-0.025839945,-0.3962624,-0.1261412,-0.030672695,-0.65947074,-0.22566415,0.11229069,-0.11460411,-0.29116303,-0.09658213,0.007912146,-0.15554206,-0.03390012,0.34473726,-0.44270825,-0.4851621,-0.1438934,-0.23850949999999999,0.11532556,-0.12936665,0.021031902999999998,-0.10581168,-0.29894668,-0.22414866,-0.18741511,-0.27141583,0.050185215,-0.15994804,0.11944092,-0.18303597,-0.34207952,-0.40508538,0.28176382,0.22217263,0.255275,0.3352274,0.25124985,-0.11837282,0.32608175,-0.17194031,-0.032139283,-0.41974294,0.049107164,0.30248836,0.4091632,0.038434405,0.13849048,0.06358191,-0.28291816,0.089512736,0.17158142,-0.042336705999999995,0.45414716,-0.44261312,0.32056496,-0.0030808626,-0.45964032,-0.0713573,0.3302489,0.30069354,0.07968268,-0.35811883,-0.13887258,0.61794883,-0.46678509999999995,-0.31123814,-0.7724459,-0.10517799,-0.34722800000000004,0.179014,-0.16500528,0.21079956,-0.25241790000000003,-0.22559503,-0.17785491,0.5079174,0.14877032,0.11404171,0.06868352,-0.53073794,0.14393108,0.12214624,0.31818536,0.30302855,0.11927703,0.048644107,-0.047628302000000004,0.34961697,-0.15462884,-0.021100262,-0.20959559,0.15044078,-0.30602837,-0.40615976,-0.07025387,-0.36686757,0.16057308,0.13328192,0.37911326,-0.1317808,-0.040694304,-0.64659745,0.18444113,0.21073265,0.23535633,0.27491152,0.0870387,0.6684475999999999,0.12002537,-0.3286294,-0.00612116,0.3482834,-0.29763585,0.16103876,-0.26349846,-0.27883583,-0.062329087000000005,0.41298789999999996,0.16206473,-0.08136210599999999,-0.31601563,0.13194318,0.00363429,-0.08919010000000001,-0.10282902,-0.22475056,0.29108408,0.28471687,0.1134702,-0.2866475,-0.13718686,0.24764282,-0.21152487,0.48201045,0.09524924,-0.037352625,-0.01754755,0.040238075,0.33242273,-0.5877193000000001,0.028753523,0.048623204,0.31711715,-0.022096634,-0.09255612,0.21309327,-0.17879972,-0.2312743,0.040865537,0.28333244,-0.031736795,0.21542658,-0.35687348,-0.23871520000000002,-0.24761535,-0.060695335,-0.09488074,-0.57239777,-0.020831637,-0.03376617,-0.55000323,0.27433228,-0.22493768,-0.14501435,-0.07667472,0.035961982,-0.5438469,-0.21389373,0.16635656,0.039759155,-0.39851174,-0.25053814,-0.14659944,-0.7802884,0.11785511,0.19905438,-0.26807657,0.33110315,0.011466387,-0.24635834,0.22826493,-0.11214176,-0.18198712,0.034681536,-0.13428289999999998,-0.38647303,0.13370429,0.24324834,-0.041410886,0.40788028,-0.20423029999999998,0.51516354,0.09446078,0.000665656,-0.056922875,-0.47567368,0.07035853,-0.27548853,-0.4714192,-0.001950903,-0.33472478,-0.21198626,-0.09180428,-0.053098407,-0.18308802,-0.0015729341,0.23744598,0.011767265,-0.09363938,0.07726599,0.007951226,-0.34701604,0.12716265,0.0033701283,0.055133565999999995,-0.032384556,0.42847285,-0.004763935,-0.16925533,-0.44389233,0.6252849,-0.37216845,-0.2007807,-0.047587812,0.14445369,-0.18009119,0.17478694,-0.39108562,-0.10236851,0.3576252,0.06848061,0.038811777,0.41655925,-0.049118657,-0.11067235,0.041724857000000004,-0.043341372,0.17487206,0.5574175,-0.1404599,0.29989058,0.05747118,0.00044470847999999996,0.023651361,0.19253702,0.34624147,-0.3643012,0.41878146,0.20490102,-0.5399066,0.36878464,0.12269484,-0.39127340000000005,-0.29688293,0.62496465,0.45228934,-0.34500763,-0.39666609999999997,-0.04948761,-0.32327542,-0.13225459,0.019165333,0.142119,-0.02534255,0.52990365,-0.3955749,0.20999786,0.16751775,-0.42721309999999996,-0.2345092,0.0073372875,0.3360591,0.13536310000000001,0.5590079000000001,-0.4496424,0.366343,-0.045052484000000004,0.14747667,-0.18536535,-0.041984558,0.18065389,0.058952525,0.038209014,0.04210758,0.46807325,0.3631368,0.36139458,0.33726186,0.22165103,-0.06282586,0.63194156,0.27116084,0.21085311,0.41794997,0.002859548,-0.15050736,0.11376367,0.4177947,0.06692769999999999,0.47827798,-0.008895941,0.92467237,0.069668464,-0.05148931599999999,0.34042606,-0.41702047,-0.1552067,0.13130920000000001,0.1058289,-0.38401476,-0.23309563,0.06951303,-0.24349369999999998,-0.001462621,-0.30619633,-0.31227347,-0.3535312,0.29234093,-0.13661617,-0.2111428,-0.13872322,0.027404418,0.11885278,0.016032671999999998,-0.45697388,-0.06904367,-0.28348953,-0.47099006,-0.17615797,-0.017513534,-0.14648105,-0.22108804,-0.10498604,0.0021862239,0.14390683,-0.24756396,-0.094992034,-0.21676582,0.29899126,0.22045445,0.38393196,0.03424977,0.03853804,-0.32014126,-0.10579148,0.14248797,0.13967916,-0.0042663408,0.007552031,0.34823337,-0.3055552,-0.06117311,0.04323836,0.4289156,-0.6781448,0.19969003,-0.29796726,0.18174887,0.10748797,0.12906185,-0.23958047,0.28764415,-0.33100447,-0.18811393,0.0076121967000000006,-0.09254086,-0.015882706,0.008960338,0.22905217,0.3443078,-0.32654113,-0.027559267000000002,0.01207143,0.34185743,-0.033577204,-0.23542929999999998,-0.27484897,-0.16394043,-0.33658728,0.045639932,-0.2297669,0.10637015,0.35521063,0.11802307,0.09680709,-0.07203836,0.6417166,-0.2992093,-0.07473328,-0.24549133,-0.21847633,-0.2544139,-0.19796771,-0.20237628,0.31382059999999995,-0.23877749,0.018170817,0.09693053,-0.011784191999999999,-0.29230636,0.31475925,-0.14425841
79,0,0.08645129,-0.24484842,0.17506514,0.0006643310000000001,0.0080783265,-0.1846817,0.07851839,0.27641138,0.028776037999999997,-0.19171621,0.050026756,-0.22080348,-0.029794939,0.37474442,-0.27283654,0.34375334,-0.17922631,-0.11441799,-0.10251382,0.14515695,0.09353701,0.010382534,0.24513708,0.39122212,0.3208738,0.027492099,-0.3339391,-0.13710305,-0.47103333,0.08343352400000001,0.16197146,0.010331713000000001,-0.25093752,-0.39905159999999995,-0.36546892,-0.18715465,-0.117921345,-0.02432786,-0.058610722000000004,0.21718644,-0.40762109999999996,-0.14452831,0.2745395,-0.059729084,-0.19882318,-0.31699282,-0.2149151,-0.11319552,0.02353827,-0.07473121,-0.59341323,0.13739748,-0.24310479999999998,0.25409842,0.055638425,0.40184587,-0.06733258,-0.57267886,-0.43840355,-0.17149197,0.23823042,0.00095228106,0.01471312,-0.1693989,0.21399929,0.3023038,-0.043210693,0.21138179999999998,-0.69997495,0.5596180000000001,-0.30218809999999996,-0.06877597,-0.06875256,-0.25087157,0.22292876,0.20368363,-0.041661937,0.25026062,-0.10389591,0.120095536,-0.23894875,0.2950712,-0.35851076,0.08486847,0.21432779999999998,-0.22944775,-0.10057878,-0.06490321,-0.13099773,0.5417111,-0.095644966,-0.28652564,-0.11074941599999999,0.14986695,0.47544077,-0.4251741,0.13362285,-0.055566486,-0.17194611,0.5394084,0.16086647,-0.32876503,-0.003112753,-0.16094364,-0.1524094,-0.1384396,0.017092391999999998,0.16800919,0.07187851,-0.076420784,0.012005262,-0.07521648,0.20786433,0.019795738,-0.04640688,0.3518173,0.18424612,-0.08290114,0.23112606,0.1876406,-0.3398934,-0.018475149,0.27753657,0.65578717,0.08331816,0.53150684,0.057312705,0.32567483,-0.104627594,-0.3448735,-0.04133394,0.15669662,0.2739331,-0.22037993,-0.05525592,-0.013442448999999999,0.18375207,-0.17591277,-0.22240287,0.19691642,0.16905476,-0.023388377999999998,0.3010556,-0.12115364,0.11715725,-0.1554119,-0.18504412,-0.21868344,0.37281963,0.38358020000000004,0.061322175,0.251153,-0.13748407,-0.25207007,-0.029105756,-0.087308444,-0.27900925,0.14755656,0.17163728,0.16676661,0.29264385,-0.12603901,-0.057815254,0.06626599,0.36642617,-0.19855621,0.15104158,-0.22560307,-0.08528877,0.14518172,-0.3783179,-0.13624111,0.48977834,-0.16589703,0.08464661,0.08709495,0.22938409999999998,0.19666699,0.06467697,-0.19245532,-0.8726423000000001,0.32724109999999995,-0.03148088,-0.28804958,0.38120314,-0.16983812,0.32086018,-0.13434766,0.05135845,0.05428032,-0.16701671,-0.31193873,0.26043049,0.1144731,0.36507649999999997,-0.4202914000000001,-0.37096953,-0.22000216,-0.29576173,0.15543453,0.13293554,0.06890946,-0.030475691,-0.07066574,-0.22625074,0.29777265,-0.036225006000000004,0.058452267,-0.069672205,0.38995759999999996,-0.44036582,0.3667911,-0.13121112,-0.09077468,0.10269469,0.15370506,0.34296027,-0.17994061,-0.08662073,-0.22718734,0.012584662,-0.19362939999999998,-0.40596712,0.39982426,-0.24793049999999997,0.58698356,-0.23550703,-0.22153720000000002,0.07318812,0.11745426,-0.14032543,0.005357601,0.5614001999999999,-0.06332075599999999,0.2867027,0.021609232000000003,-0.21138510000000002,-0.095132016,0.03241623,0.014922002,-0.23628503,0.41821185,0.15018724,0.3379152,0.12299598,0.0704353,-0.09075078,-0.005105663,-0.1890481,-0.27743685,-0.5116501,-0.5274215,0.05085332,-0.30870366,-0.2324616,-0.30020967,-0.28047866,0.10002314,-0.0025735610000000003,0.057603568,0.26849115,0.21415989,-0.06834378,0.1683583,-0.54439634,-0.00012407452,-0.106744796,0.17721322,0.49811152,0.102600165,-0.15866062,-0.18706407,0.10998569999999999,0.18341208,-0.18364836,0.02791844,0.28906164,0.17927982,0.11875128,0.1016913,0.3488866,0.5597925,0.04033053,0.18758588,0.0018004365,-0.40500653,0.37780443,-0.11902507,-0.12224220000000001,-0.22208145,0.19099545,0.1426539,-0.33248314,-0.053811885,0.31853512,-0.20697817,0.16284007,0.23077613,-0.22055820000000004,-0.107355505,0.14519933,-0.008589724,-0.22843225,0.23920606,-0.24264055,0.010641715500000001,-0.13651958,-0.6193418,-4.802925599999999,-0.27713752,0.015663076,-0.31857455,0.27533123,-0.013758923999999999,-0.09303481,0.014373395,-0.38918692,-0.08923295,-0.11579072,-0.17979729,0.40377775,-0.013375824,0.33341459999999995,0.27085015,-0.043012217,-0.3458025,-0.27084556,0.5480304,-0.013900286999999999,-0.20288596,0.16153698,-0.028218027000000003,0.17862245,0.5591053,-0.38163114,0.15696621,-0.261239,-0.18580708,-0.0074527115000000005,-0.104904465,-0.09116205599999999,0.16187902,-0.1570704,-0.10099645,0.026938686,0.11044474,0.30528185,0.047665976,0.019249354,0.018470982,0.13921492,-0.109334745,0.5605279000000001,-0.36511496,-0.09868545,-0.4863941,-0.024489057999999998,0.06864281,0.069892496,-0.14488523,-0.005929319000000001,-0.17358434,0.22169442,0.026767354,0.16048972,0.5687189,-0.08414931,-0.48782718,0.12978967,-0.27576999999999996,-0.11617517,-0.24209192,-0.22437616,-0.29294515,-0.27897283,0.04414292,0.33898416,0.08574119999999999,0.019848716000000002,0.27613676,-0.17260295,-1.1110517,-0.11426753,0.024628547999999997,-0.12858394,0.0113897035,0.18199097,-0.1604099,-0.4178781,-0.22824739,-0.050344914000000004,0.08538467,-0.15593731,-0.26945683,0.098670185,-0.41411155,-0.098600395,-0.33573198,-0.016232645,0.19383949,-0.17693341,0.074188724,0.14244078,0.059057258,0.39666608,-0.3004475,0.29843578,-0.09517747,0.63486195,0.18840446,0.33266717,-0.01947855,-0.03888657,0.3790151,-0.38753062,0.12081245,-0.014503891000000001,0.025424027999999998,0.15718481,-0.40136018,0.056401197,-0.38537526,-0.27215987,-0.058688775,-0.18517074,0.3174647,-0.044536702000000004,0.15181656,-0.31417849999999997,0.49708977,-0.18164866,-0.6083473,-0.39835992,-0.20747536,-0.19599254,0.26014644,-0.07231471,-0.025304634,-0.011903203999999999,0.017733138,-0.020996116000000002,0.10601547,0.0035555977,-0.25395113,-0.17347403,-0.39611929999999995,0.035961892,0.19296688,0.17248593,0.16053377,0.076443985,0.21587901,0.23353313,0.24510337,-0.12190689,-0.118108094,-0.13462152,0.1597256,0.10890150000000001,-0.19467683,0.08110589,-0.32693195,0.19924772,-0.16654311,0.4311102,-0.12030438,-0.38616964,0.054458685,0.07254142,-0.09124346,0.29330418,0.29983762,-0.16889477,0.2040932,-0.0977176,0.0025925003,-0.17287098,-0.015850324,-0.31644312,0.12641346,-0.13473272,0.15493482,-0.15213315,0.07714467,0.090323105,-0.21250729999999998,-0.018394765,0.18341970000000002,-0.03996584,0.03239821,0.06806088,0.006741343,0.4197795999999999,0.10880237,0.3265283,-0.017412635,-0.09380861,0.3823587,-0.23352344,0.12718517,-0.43904915,-0.0690896,-0.34096348,-0.18297406,0.39738396,-0.31303647,0.041613907,0.37236273,0.17324376,0.21281435,-0.20163292,0.04588093,0.24609153,-0.042862035,-0.08629429,-0.055629276,0.15234389999999998,0.08395682,-0.15115452,-0.3435781,-0.004094757,-0.3628206,-0.0834177,-0.18508153,-0.08254429,0.0056761764,0.10870248,0.042214505,-0.03785335,-0.54526335,-0.05747842,-0.07082463,-0.22142005,0.0363861,-0.009540185,-0.19081594,-0.24807349,0.013317805,0.18972589,-0.43024594,0.33988142,0.009686587,-0.24988241,-0.11763322,-0.31600004,0.097994834,-0.020925157,-0.11143444,0.11382773,-0.19157971,-0.07528960000000001,-0.37488946,0.2983368,-0.23018967,0.18331617,0.26534018,0.05629995,0.5044849,0.18954289,-0.11952291,-0.22217017,-0.29678023,0.08257836,-0.3606459,-0.14978483,0.08953642,-0.3643607,0.099605665,-0.25159255,0.108721934,-0.1509935,0.21223134,0.09439753,0.05244395,0.05470439,0.27764190000000005,0.31890246,-0.0012980495,-0.09213129,0.0341015,0.20027612,0.24966559,-0.09954588,-0.11919046,-0.3960533,-0.10092336,-0.11646396,-0.06339718,0.08612491,0.18982620000000003,-0.24167795,0.090357594,0.49254975,-0.17482650000000002,-0.09175952,-0.08967556,-0.048406076,0.02766921,-0.051000573,0.44208267,-0.06573137,0.016372705,0.08341262,0.13314095,0.6284463,0.015953869,-0.11076248,0.31876048,0.12332776,-0.16383466,-0.119059645,0.49224350000000006,-0.38605229999999996,0.16561579999999998,0.1202662,-0.3069813,0.30476496,0.3428225,-0.2275239,-0.42207584,0.32429522,0.3849123,-0.046234794,-0.46861532,0.12746157,-0.29985014,-0.3027666,0.19970307,0.085619815,-0.30494207,0.29311687,0.10227737,0.008774001,0.2502636,-0.19681348,-0.28442556,0.017826486000000002,0.14166538,0.19240905,0.71863914,-0.29036057,0.41284296,-0.1663769,-0.15822186,0.3462435,0.11589342,0.35526255,0.045544688,-0.17811796,0.1085627,0.27111137,0.21519536,0.102850184,-0.14990541,0.17327908,0.049556978,0.6643585,0.5722038,0.027060319,0.2701079,-0.23849764,-0.23576829,0.124889255,0.13089152,0.16893116,0.056637857,-0.17796516,0.21270488,0.02440941,-0.24678601,0.31330103,-0.44979614,-0.16446586,0.27908084,0.044864453,-0.2595286,-0.12512445,-0.0076549463,-0.05371666,0.17676368,-0.16328582,0.01634293,-0.4699268,0.37002897,0.041526977,0.12804478,-0.20708594,0.36903965,0.16722332,-0.015407568,-0.5031213,-0.07562734,0.15349424,-0.26707903,0.013145228,0.09083292,-0.025444987999999998,-0.3637156,0.11962513599999999,-0.2111263,0.13817984,-0.086648785,0.29221258,-0.13246894,0.26714957,0.35068578,0.32227716,0.20969921,0.3050452,-0.15811208,0.18972382,-0.042993035,0.032544076,0.17619653,0.044017725,-0.06368275,-0.36990654,-0.05777221,0.301481,0.4618377,-0.70354265,-0.24822529,-0.05173113,0.07957784,-0.012952833,-0.32155013,-0.049233757,0.18593518,-0.50056005,-0.09867064,-0.19406185,0.35017952,-0.053121462,-0.15585698,-0.14031594,0.3020361,-0.044393793,0.066618174,0.2509225,0.2986107,0.21638854,-0.3730206,0.37248713,-0.40473372,0.14149934,-0.07097214,-0.17472209,-0.15008312,0.098017916,0.10724812,-0.22372213,0.15104836,-0.31520483,0.07349284,0.10492705,-0.22416504,-0.16342865,-0.41345656,-0.10023824,-0.03171688,-0.03821241,-0.16573295,-0.18969972,0.10665714,0.065362595,0.0077898640000000005,0.2118881,-0.06566233
80,12,-0.053383876,0.031388192999999995,0.48718083,0.0074945604,0.22651576,-0.19409184,-0.11998232,0.55198437,0.027690562999999998,-0.54239756,0.23489042,-0.26198520000000003,-0.047449995,0.26156336,-0.084731,0.5452166,-0.021420832999999997,0.018575106,-0.1503943,0.30613664,0.2691638,0.0065731853,0.13011022,0.5036931,0.31590146,-0.09650482,-0.039269727000000004,-0.30452532,-0.098420106,-0.10720175,0.40112040000000004,0.15859099,-0.30105057,-0.17037906,0.16333576,0.15719293,-0.20395534,-0.036458496,-0.0335515,0.19185625,-0.8028731,-0.3271795,-0.10569358,0.041083995,-0.45253465,-0.35991946,0.19742434,-0.19303447,-0.072076716,-0.037030876000000004,-0.33140835,0.09145979,-0.19899967,-0.02366304,-0.060874898,0.63507175,0.13013139999999998,-0.3460494,-0.6645601,-0.13684820000000003,0.37054366,-0.21557842,-0.09216125,-0.29824102,0.31928268,-0.059371777,0.06668153,0.37523472,-0.5704776,-0.06208587,-0.27370384,-0.2045249,-0.19147858,0.089665726,-0.111874156,0.11982707,-0.1888618,0.48753518,-0.024464171,-0.09838209,-0.21984288,0.28020182,-0.56356716,0.33430740000000003,0.09487434,0.08452771,-0.08902684599999999,0.24527138,-0.25973263,0.63449514,0.34319383,-0.45529604,0.13817097,0.043015252999999996,0.23046069,-0.15313421,0.2568077,0.0745852,-0.23197198,0.7923840999999999,0.20649450000000003,-0.18440726,0.11617852,-0.5305899000000001,0.017256739,-0.19425817,0.22340539,0.20217296,0.26176423,0.11155994,0.008606513,-0.18542165,-0.18537208,-0.060295325,0.12710760000000002,-0.18037783,0.2526137,0.11200521,0.25559017,0.17245089,-0.1661214,-0.030163165,0.15599191,0.6965728,0.070010714,0.005565451,-0.4534451,0.16363823,-0.11919309,-0.2571245,0.2914609,0.22876634,-0.10033934,-0.5849598000000001,-0.121521436,0.36231786,0.17396273,-0.1772249,-0.24655776,-0.038122397,0.27296564,-0.19708331,0.47832316,0.0035596054999999997,0.0038389293,0.040156428,-0.38884148,-0.32639137,-0.0063354177,0.25062436,0.05386113,-0.07058006,0.24024425,-0.25375447,3.59159e-05,-0.19922623,-0.3207926,0.12617369,-0.19387941,0.145431,0.3500699,-0.21973316,0.21320827,0.20830646,0.182424,-0.05650081,0.30373540000000004,0.06457524,-0.15412386,0.11895545,-0.08754048,-0.15674794,1.0137275,-0.15592872,0.06371792,-0.05382319,0.38967845,0.08828755,0.1937263,0.13115765,-0.5536273,0.21526287,-0.175307,-0.14771137,0.4192762,0.04393336,0.12774391,-0.06572658,0.25306985,0.10058001,-0.22146751,-0.31942750000000003,-0.18258455,-0.30142340000000006,0.18998556,-0.6770354000000001,-0.16036989999999998,0.07972433400000001,-0.42709503,0.11063427,0.16665217,0.047429726,0.22509964,0.25029057,-0.29414088,-0.08973425,0.24373555,-0.07299213,-0.046037015,0.4375906,0.052716423,0.22334890000000002,-0.03828326,0.09808191,-0.1717244,-0.10478854,0.35388774,-0.26431936,0.14104754,-0.08791308,0.33532003,-0.05972769,-0.18607111,0.24295302,-0.0014255007000000001,0.58731633,0.015753828,-0.7243675,0.14235768,0.17998928,-0.255108,-0.22308119999999998,0.45247874,-0.0777971,0.07321343,0.04801418,-0.33397803,-0.29696828,0.029787572000000002,-0.18782276,-0.31157795,0.19737910000000003,0.12707141,0.31460908,0.20810823,0.014126278,-0.31383696,-0.22026847,-0.09877889599999999,-0.21067615,-0.6458364000000001,-0.25825348,-0.041747104,-0.41688365,-0.2019745,-0.42867467,-0.2349393,-0.3615932,0.017553416999999998,0.0059515215,0.3976201,0.17563134,0.02823294,0.06764024,-0.34035745,-0.46974698,-0.21633868,0.09137735,0.16593459,0.098906256,0.10397385,0.15903148,0.035190187000000005,0.57853466,-0.14932583,-0.03530703,0.3513627,0.20766835,0.047883622,-0.0712597,0.22759835,0.5488366,-0.19812505,0.15358382,0.057774245999999994,-0.16712079999999999,0.15555443,0.45050569999999995,-0.14917839,-0.25201598,0.0151709365,-0.04883007,-0.40155342,-0.29360002,0.55900776,-0.07641785599999999,-0.0045923116,0.08181241,0.15010262,-0.24725191,-0.05822707,-0.039559446,0.32556653,0.43835178,-0.10559556,0.113253914,-0.05579433599999999,-0.34618676,-4.155183,-0.19973814,0.090481594,-0.37602988,0.15616907,-0.00767363,0.15974100000000002,-0.0067644390000000006,-0.34634694,-0.25958204,0.008432299,-0.2577615,0.14717737,0.3502938,0.21495041,0.22951557,0.15795307,-0.047265418,-0.21194926,0.50398093,-0.12696333,-0.31497356,0.33397308,-0.035617847,0.21238784,0.3105527,-0.2591108,-0.11542848,-0.3274732,-0.21103185,0.11685054,-0.01145136,0.0027579544,0.20876484,0.24486785,-0.12085819999999999,-0.0726078,-0.47912633,-0.24709117,-0.280951,-0.06408668,-0.50161546,0.023039341,-0.15602967,0.83320075,-0.24909483,0.0012994528999999999,-0.042359225,-0.022837026,0.21495716,0.024085116,0.112389795,-0.2666983,-0.35191023,-0.15879942,0.018730424,0.47050017,0.5865581999999999,-0.086050026,-0.52107334,0.10088727,0.012184795,-0.606635,-0.19809814,0.015472297,-0.35634822,-0.37181708,-0.17972301,0.24024968,0.053322475,-0.24724916,0.32518864,-0.44129694,-0.5973757,-0.23577219,0.031138556,0.18080679,-0.1448095,0.16086455,-0.10935654,-0.13977438,-0.061682444,-0.05136558,-0.0030619681,-0.15988265,-0.43319792,0.25562876,-0.29131958,-0.5463591,-0.39194453,0.1272521,0.15705478,0.19970584,0.10849032,0.41825622,0.028723900000000004,0.2794317,-0.30565864,0.036858182,-0.47848484,0.13736922,0.15243146,0.56683785,-0.20150901,0.08249187,0.07110413,-0.33487943,0.2521013,0.10488557,-0.08774831,0.35449597,-0.41052416,0.31680465,-0.3725118,-0.40204147,-0.31893119999999997,0.38333294,0.47574025,0.14575103,-0.14926612,-0.10351348,0.5309954000000001,-0.30269086,-0.4605843,-1.0804863999999998,-0.02693549,-0.24986337,0.18795566,-0.2982214,0.28505155,0.03551693,-0.22966126,-0.12302793,0.34670538,-0.098362945,0.029051322,0.20203010000000002,-0.32776135,0.013952006000000001,0.09012065,0.21986212,0.11609992,0.044488672,-0.14336166,-0.22358717,0.28016579999999996,-0.2715479,0.0533008,-0.21140419,0.24316369,-0.22122434,-0.37801564,-0.1264825,-0.44829014,0.34314513,0.07734751,0.25040337,-0.24294217,-0.0009390461500000001,-0.49194202,0.13742356,0.17567220000000003,0.18394792,0.35304362,0.109601654,0.52022696,0.03310264,-0.31562194,-0.019039521,0.092618495,-0.34316608,-0.063835695,-0.29888758,-0.42137566,-0.121320926,0.53632593,0.1407388,-0.18988557,-0.2736841,0.018368209,0.052974854,0.10141824,-0.1515983,-0.13957465,0.30430640000000003,0.0026449579999999998,0.27624267,-0.40614203,-0.033523526,0.19498739,-0.23510428,0.63584787,-0.12669781,0.07032775,-0.1175728,0.089525916,0.4770692,-0.29422554,-0.07803579,0.07055961,0.35238397,0.043444965,-0.21768945,0.23948917,0.10216667,-0.24538575,0.11179913,0.35916692,0.04811889,0.24602988,-0.5359861,-0.27247515,-0.30861583,0.042794675,0.15313873,-0.37266403,0.0012555552,0.051668227000000004,-0.35759786,0.1601558,0.0638639,-0.17412550000000002,-0.0013499329999999998,0.0114297625,-0.50563353,-0.014593058,0.10254204,0.033293348,-0.18536279,-0.19478092,-0.086053275,-0.9009234,-0.028518442,0.24701746,-0.34124616,0.2974274,-0.004182825,-0.38582987,0.068111256,-0.21597862,-0.21685202,0.15155804,0.037672736,-0.79184437,0.13849676,0.34083498,-0.10199828400000001,0.31918046,-0.33243015,0.52655524,0.2816276,0.034603495,-0.114446156,-0.5351694,0.16213568,-0.26285374,-0.54779387,0.036189485,-0.55676204,-0.14627334,-0.12164281,-0.28213793,-0.08977894,-0.14638643,0.1466845,0.06835771,0.14988917,0.024223707999999997,0.10471565,-0.6253736999999999,0.0002910863,0.08908272,0.13782695,-0.19851014,0.29081115,0.024315147000000002,0.044350713,-0.36313856,0.691641,-0.3997662,-0.04956608,0.16522405,0.12043693,-0.20648874,0.15665051,-0.33442340000000004,-0.039092917000000005,0.12636568,-0.12721568,0.060180932,0.43911120000000003,-0.08849834,-0.10970822,0.15360871,0.02072459,0.29882857,0.63751715,-0.098519176,0.24394092,0.037429005,0.028427381,0.13619198,0.20552003,0.26064888,-0.19689603,0.34264386,0.08924329,-0.52748823,0.2165603,0.17227378,-0.26886585,-0.24112734,0.70709795,0.4650149,-0.17543101,-0.38579637,-0.02620445,-0.29886276,-0.23886149999999998,-0.017150417,-0.036910143,0.06493529,0.6719066,-0.14480409,0.18156606,0.18860197,-0.28307348,-0.26779000000000003,0.097959034,0.45695123,0.059524003,0.5603815,-0.38097909999999996,0.36678177,-0.20924263,0.14902487,-0.27524507,-0.16986531,0.19608673,0.14282182,-0.009391967,0.26081052,0.52486694,0.32190502,0.41362855,0.31574783,0.36616057,-0.15641883,0.8070723000000001,0.48182818,0.2383471,0.4703097,-0.28767315,-0.18797693,0.15331273,0.33748546,0.08216910000000001,0.35225728,-0.06518958,0.58663464,0.24384771,0.024578996000000002,0.47881450000000003,-0.48531577,-0.26655316,0.022411369,-0.054188485999999994,-0.27176669999999997,-0.28778744,0.067127995,-0.12032774,0.22198762,-0.28075993,-0.1850753,-0.30681968,0.46443355,-0.018629463,-0.49704784,-0.06905272,0.34109409999999996,0.0944245,-0.05000567,-0.5620801,-0.23107377,-0.15082422,-0.48954670000000006,-0.15979102,0.051620748,-0.40647107,-0.40663475,-0.06995555,0.006295612,0.03999309,-0.31661690000000003,-0.08241683,-0.30294752,0.25664228,0.20377773,0.4085777,0.12536508,0.20776129999999998,-0.19491069,-0.13720053,0.11358991,0.32121545,-0.0032673809999999998,-0.058250178,0.40543497,-0.18071711,0.185382,0.039398596,0.35393792,-0.6899850000000001,0.12517597,-0.21151084,0.03570068,0.106412254,0.12662058,-0.20203225,0.49107456,-0.49745217,-0.13395321,0.010637181,-0.02591404,-0.19230591,0.033994135,0.23913707,0.49962303,-0.25807446,0.097591184,-0.07497859,0.22149247,0.11537993,-0.24989222,-0.20483354,-0.32069924,-0.28459159999999994,0.074960545,-0.15055081,0.09176225,0.24096145,0.22802691,0.060037713,0.17449273,0.5390691,-0.37527803,-0.122738525,-0.22036958,-0.22135074,-0.34245570000000003,-0.10653667,-0.2515536,0.19955546,-0.23703429,0.053379703,0.07800563,-0.20520043,-0.31679267,0.25429738,-0.08367471
81,6,-0.10210279400000001,-0.2916397,0.3682259,-0.043899745,0.24284179999999997,-0.31508565,-0.17320383,0.8125296999999999,0.05117154,-0.5480364999999999,0.21196437,-0.17759004,0.113206446,0.40090632,-0.104724556,0.38221705,-0.05653369,-0.09503936,0.1966769,0.29036102,0.12173007400000001,-0.10643343,0.1548243,0.63044316,0.52289224,-0.12986553,-0.055510588,-0.12147521,-0.31884074,-0.17766458,0.41759035,0.023444526,-0.35909846,-0.12174788,0.004282145,0.010203007,-0.13843548,0.08732035,-0.41700253,0.22032848,-0.55018824,-0.17545702,-0.0037192034,0.06115866,-0.27472612,-0.28731686,0.08617907,-0.15627338,0.2196991,-0.35963857,-0.49854350000000003,-0.072144926,-0.30360925,-0.004008645999999999,0.046100947999999996,0.41963598,-0.22280934,-0.45623893,-0.8189404,0.09857839,0.28304392,-0.37866622,0.019217478,-0.30673003,0.24237393,-0.018501192,0.2982962,0.22954515,-0.5991177,-0.112345,-0.39854163,-0.077385336,-0.22413343,0.013389135,-0.30994344,0.009081836999999999,-0.26780894,0.24444054,0.005055662,-0.017328765,-0.28677335,0.4572161,-0.30736217,0.27584988,-0.07753062,0.32602382,0.12218325599999999,-0.19843689,-0.25527093,0.78376913,0.33247897,-0.5055111,0.09938405,-0.10735121,0.27812833,-0.09999746,0.34143764,0.21970719,-0.2516614,0.553858,0.27268243,-0.18418548,-0.3226772,-0.5409832,0.0030962832,-0.26154318,0.19221775,0.18018612,0.08971005,0.037134755,0.16474077,-0.08194899,-0.2833301,-0.20759895,-0.17881458,-0.0011054222999999999,0.026556483,0.022529300000000002,0.22781006,0.20666966,-0.122287326,0.15149365,0.06251992,0.5703123999999999,0.057846755,0.0051869825,-0.09619264,0.22763474,-0.17660408,-0.44959706,0.29597762,0.06792812,0.12500615,-0.43541497,-0.19277999,0.10744727400000001,-0.16816539,-0.13732396,-0.34696996,0.13535176,0.070225865,-0.11568921,0.36575443,0.12057612,0.08559265,-0.017977651,0.08060551,-0.23520154,-0.36334187,0.24027479,-0.18276183,-0.3577194,-0.027274754,-0.22668806,0.06498551,-0.17001538,-0.30209827,0.21813492,-0.26499143,0.22287233,0.39107603,-0.110500395,0.06718042,0.58075285,0.47108126,0.39591509999999996,0.13558073,0.21948126,-0.22019713,0.09110256,-0.26926228,-0.01317155,0.73943657,-0.44786492,-0.13610455,0.012318321,0.17959237,0.17307529,0.096050814,-0.016974931999999998,-0.5902778000000001,-0.0022167303,-0.057253517000000004,0.029637085,0.30346367,-0.08131509,0.15981293,-0.23741527,0.2527981,0.13764402,-0.33214802,-0.028009272999999998,-0.18936945,-0.21282996,0.21891218,-0.4431277,0.014054355,0.07570475,-0.31750947,0.06652173,0.015118584,-0.16177909,0.3917482,0.118766464,-0.024187494,0.010899651000000002,0.2741402,0.08266785,0.21119665,0.48602298,0.09102874,0.58181137,0.09087553,0.028705217,0.045325547,-0.12298708,0.051328837999999995,-0.15268828,0.15143225,-0.30622882,0.32883143,0.14507115,-0.22092196,0.27857518,0.06879129,0.7739451,-0.052411995999999995,-0.44711086,0.016481841,0.25177273,-0.34755373,-0.47672313,0.43381983,0.0016646076,0.12426074599999999,0.17314632,-0.42965338,-0.59128577,-0.043023974000000006,-0.27428412,0.035578113,0.21294554,-0.009196798,0.34780577,0.24436717,0.089988515,0.063992664,-0.034107655,-0.13150989999999999,0.019704865,-0.5734313,-0.45946336,-0.20831364,-0.33746645,-0.25975466,-0.400466,-0.22185661,-0.15582290000000001,-0.16830808,0.025004832,0.54742646,0.20618322,-0.10137433,0.005063456,-0.33295187,-0.375835,-0.058010377,0.299147,0.14774695,0.067387715,0.039455682,-0.08889961,0.026243096,0.62582016,0.043199394,0.013892607,0.29638007,-0.0030537413,-0.006080925,-0.17339994,0.22064203,0.33890954,-0.04412596,0.13326207,0.008151046,-0.31746647,0.19179152,0.29761663,-0.090827644,-0.05993544,-0.036808014,-0.24122307,-0.5882999,-0.32976392,0.54780895,0.12766019999999997,0.033059057,-0.050823312,0.18519363,0.11338339999999998,-0.13711967,0.009889996,0.2747748,0.23819648,-0.22790521,0.37722814,-0.12746394,-0.5081606,-4.408071,0.054760538,-0.046837453,-0.33323800000000003,0.11349014,0.036494687000000005,0.13691334,-0.013822841,-0.6229897,-0.3429389,-0.026737102999999998,-0.23379473,0.19251729999999997,0.104098156,0.29947177,0.280933,0.23727755,-0.025445329,-0.0076175806999999995,0.5982753000000001,-0.02644221,-0.34655562,0.08377784,0.00020326037000000001,0.3497248,0.26773614,-0.1634404,-0.24215044,-0.21564916,0.04380902,0.08486455,-0.06859292,0.00028382606,0.21762504,0.17056498,-0.07980125,0.08807637,-0.57157207,-0.31534445,-0.24607615,0.024678374,-0.43483618,-0.090809464,-0.08781211,0.75137347,-0.07517349,-0.04259098,-0.037614048,-0.07921016,0.49194968,0.10190493,0.08100224,-0.2893529,-0.35424867,-0.043514203,0.24027638,0.42578274,0.41236088,-0.24249123,-0.10112201,-0.028786972,0.14435886,-0.33486095,0.1313723,-0.04550026,-0.29213327,-0.13752681,-0.15108141,0.24385262,-0.09052495,0.19556604,0.16744117,-0.34530526,-0.72591585,-0.14719488,-0.17331243,0.040787447000000004,-0.03415949,0.34371766,0.047752623,-0.11490988,-0.2340562,-0.042971075,-0.23288372,-0.078568734,-0.11972109,0.17628103,-0.103923924,-0.3921636,-0.36479503,0.03618221,0.23011015,0.17176348,0.17635691,-0.05214035,-0.29514676,0.30345792,-0.0536984,-0.12206087,-0.33193618,0.38269454,0.24218684,0.43875578,-0.045642565999999996,-0.063479826,0.09726678,-0.3107492,0.1423095,0.23316458,-0.12946498,0.5874004,-0.5055598,0.5816826,-0.18542372,-0.39470953,-0.2821686,0.16100009,0.37873507,-0.13547784,-0.30890223,0.02499956,0.34679544,-0.26812359999999996,-0.33180597,-0.9406018,-0.06379644,-0.10947815,0.08090082,-0.18823273,0.098404475,-0.07579245,-0.17600942,-0.39046162,0.4137653,0.08829663,0.20233047,0.2740798,-0.803652,-0.040376112,0.039801538,0.14926718,0.38333649999999997,-0.10919968,0.08447126,-0.31252873,0.37859854,-0.07327664,-0.09584674,-0.2049424,0.28114295,-0.08519157,-0.14897615,-0.15122939999999999,-0.44132182,0.07217258,0.24176432,0.23663929,-0.097320326,-0.08742960000000001,-0.26113394,0.24183786,0.042145985999999996,0.17080547,0.32620236,0.3646118,0.45553693,0.091194466,-0.17752944,-0.11078777,0.13496770000000002,-0.3160862,0.09858477,-0.33090149999999996,-0.5484399999999999,-0.032698955,0.43185666,0.009215375,-0.108634256,-0.19895743,0.15588695,0.10419991,-0.10851955,-0.11672259,-0.19970413,0.1774304,0.15533148,0.08181274,-0.28726768,-0.26418442,0.21917602,-0.3332469,0.49926376,-0.02885311,-0.092081346,-0.19190437,-0.05257058,0.4010272,-0.33729577,-0.042730615,0.26263952,0.27759920000000005,-0.0056223882999999995,-0.0858717,0.10998,-0.07180727,-0.0063464446,0.27642247,0.1534047,-0.12604894,0.26894122,-0.10374123,-0.37434098,-0.38583592,0.045903064,0.31721023,-0.28999943,0.19533026,-0.04678826,-0.45887053,0.26805422,-0.09698392,-0.028017822999999997,0.07083881,-0.074151665,-0.36235693,-0.14431207,-0.022090072000000002,-0.08797885,-0.26211315,-0.2019951,-0.15187554,-0.84925365,0.2822946,-0.053704467,-0.3116917,0.30381802,-0.14419246,-0.26890606,0.05341566,-0.02768845,-0.20762083,-0.066172875,0.1683424,-0.46394068,-0.027585377999999997,0.18400751,-0.10673135,0.44974163,-0.28924334,0.59889615,0.04486071,0.06784808,0.00018616431,-0.37139207,0.06511825,-0.46310472,-0.1268769,-0.14671408,-0.20538335,-0.038559212999999995,-0.13498445,-0.16830094,0.043606088,0.038143445,0.08869953,0.1776428,0.16953622,-0.02804601,0.08378229,-0.5577956999999999,0.05913949,0.1441117,0.051288094000000006,-0.15619649,0.3001458,-0.02487951,-0.25049699999999997,-0.633584,0.38926637,-0.25257283,-0.21053945,0.17620578,0.32031327,-0.14920859,0.17794159,-0.35928577,-0.1673991,0.41164449999999997,-0.07200069,0.023703393,0.27475402,-0.08953331,-0.163199,-0.013322501,0.09241596,0.085938334,0.62268937,-0.39486456,0.10242342,0.32976353,0.021348344,0.08170221,0.20031832,0.5099827,-0.42921814,0.33236309999999997,0.062672675,-0.45523223,0.40330103,0.20619970000000004,-0.46955420000000003,-0.29671329999999996,0.51647305,0.46391955,-0.44270208,-0.5678217,0.036773972,-0.25810525,-0.28537664,0.17335887,0.16939093,-0.12604155,0.6147865,-0.2367971,-0.043621235,0.17974563,-0.27603459999999996,0.11699469400000001,-0.054224400000000006,0.35288158,-0.054676327999999996,0.31843346,-0.3249411,0.51623315,-0.23324093,-0.19687712,0.104792215,-0.21861503,-0.01738141,0.123442866,-0.040583037,0.20822652,0.51722217,0.32109016,0.5408081,0.15560187,0.05663673,0.048386987,0.6794978,0.18838032,0.27102226,0.29637378,0.16381119,0.013544397,-0.007472431999999999,0.4364255,0.23822962,0.46877402,-0.21873537,0.68828434,0.16896807,0.022916118,0.5421774,-0.41715598,-0.15588419,-0.13627015,-0.094723634,-0.18762238,-0.2580259,-0.13308549,-0.099297024,0.35997173,0.02743747,-0.29308075,-0.2533822,0.3007985,0.07406691,-0.23478317,-0.08782758,0.039438646,0.15046643,0.0060446057,-0.44955280000000003,-0.08168857,-0.34652534,-0.80954415,0.025556112000000002,-0.0020325342,-0.07152329,-0.2927907,0.119811654,-0.11261510000000001,0.06172226,-0.21808136,0.20096171,-0.19794782,0.42033267,0.15446207,0.41346598,0.07795532,0.24768026,-0.34807476,0.012503473000000001,0.18581761,0.16405842,0.1253307,-0.063889824,0.2377456,-0.35063797,0.038999096000000004,0.11882290000000001,0.5933768,-0.7799632,0.5090308,-0.13025129,-0.02980817,-0.059204817,0.14369151,-0.20280716,0.11446521400000001,-0.2688833,-0.16725712,-0.0612352,0.32818073,-0.16197483,0.13867089999999999,-0.115254566,0.3570664,-0.32154924,0.023305357999999998,0.07308327,0.14757920000000002,0.082019486,0.07201389999999999,-0.32814768,-0.15729757,-0.28495023,-0.1298992,-0.33834302,0.058326103,0.2725895,0.2214272,0.16504649999999998,-0.13657565,0.60005295,-0.44155756,-0.20100357,-0.16630505,-0.28387874,-0.45179492,-0.07507653,-0.05688586,0.2869305,-0.30359346,0.12852982,0.07046992,-0.19312736,-0.39149293,0.3099005,-0.06031052
82,6,-0.19456285,0.05920185,0.1896858,0.02708621,0.19372655,-0.30539873,0.0009584905000000001,0.71663344,0.012090495,-0.52772397,0.3373292,-0.24228822,0.10442853,0.27609408,0.025773106,0.48482078,-0.058641724000000006,0.013642468500000001,-0.030978473,0.26695484,0.008326651,-0.26802742,0.20942126,0.61866456,0.29251984,-0.3231413,-0.0759529,-0.20471364,-0.11952526,-0.22027172,0.49210950000000003,-0.012375661999999999,-0.19614959,-0.19022894,0.11456951,0.021198036,-0.28068119999999996,0.05346721,-0.13538833,0.08195352,-0.77833235,-0.24160905,-0.051561046,-0.047558300000000005,-0.39088973,-0.2929153,0.068906695,-0.22963549,0.24004164,0.10708596,-0.31327832,-0.005311041,-0.14503223,-0.27443358,0.22246446,0.5240656,-0.088446215,-0.3210172,-0.7832996999999999,-0.23358674,0.4402055,-0.26139520000000005,-0.35065799999999997,-0.20580833,0.34412673,-0.21584113,0.2542476,0.27612454,-0.7176232,-0.27541977,-0.36035755,-0.09639167,-0.21289052,-0.050867077000000004,-0.01817055,-0.07355633,-0.1175597,0.24966171,0.074298255,-0.03249191,-0.033657517000000005,0.39838415,-0.5750715999999999,0.41737816,-0.1693993,0.45295855,0.04326042,0.08812794,-0.27409562,0.62012756,0.3054636,-0.5030649,0.24051338,0.053919148,0.31288259999999996,0.07429941,0.34806615,0.15176505,-0.26464656,0.65912116,0.24407214,-0.4418049,-0.110999845,-0.44518524,0.12630646,-0.30136508,0.20074826,0.2273665,0.13991246,0.12610194,0.06452677400000001,-0.10368326,-0.28494200000000003,-0.24715668,-0.044029325,0.025648186,0.13166416,0.017755028,0.36697724,0.28012142,-0.11412477,0.14159487,0.26958632,0.7847005,-0.054658342,-0.02279523,-0.36455467,0.34956235,-0.11773717,-0.36305170000000003,0.12099799,0.29576617,0.022187572000000003,-0.5106432,0.022669228,0.16263224,0.033306945,-0.13883056,-0.26577687,0.10956731,0.09180494,-0.3780608,0.52162147,-0.010656031000000002,-0.054374557000000004,0.010435485999999999,-0.26677218,-0.25589013,-0.27753633,0.14100276,0.013019747,0.00667818,0.034078753999999996,-0.17893612,0.009664698499999999,-0.068141565,-0.42071104,0.11888596400000001,-0.32255015,-0.00893311,0.310633,-0.26324699999999995,-0.07797704,0.48320234,0.16962907,-0.031260632000000003,0.15435605,0.24622822,-0.21346869999999998,0.30351704,-0.10009194,-0.04685754,0.75031704,-0.2529298,0.23789108,-0.26687990000000006,0.42849627,0.14192764,0.17829388,0.13588275,-0.47338292,0.22900085,-0.15050999999999998,-0.030450288,0.29645672,0.07384303,0.38043284,-0.014952026,0.10046042,-0.050319504,-0.15191849,-0.1724054,-0.23425567,-0.18275847,0.39152682,-0.4786460999999999,-0.09883221,0.28569508,-0.57259756,0.026610942999999998,0.06961067,0.084662154,0.27267107,0.1168992,-0.2247768,-0.27282247,0.18645720000000002,-0.32488847,-0.13499928,0.51107854,0.08486598,0.38629759999999996,0.05077732,0.038165122,-0.0019929134,0.108175725,-0.021211956,-0.20706889999999997,0.09399174,-0.1357172,0.13020302,-0.037005484,-0.06349586,0.3543461,0.013671704,0.48696464,0.07023598,-0.81584764,0.25325078,0.37488648,0.066101655,-0.22999495,0.58695996,-0.11680750000000001,0.10708188,-0.09022458,-0.5157651,-0.29702803,0.048019327,0.0048375637,-0.27539128,0.58757913,0.086046964,0.10957696,0.25739178,-0.06749503,-0.16722012,-0.10041197,-0.15263422,-0.20440006,-0.5170232,-0.30063292,-0.03370541,-0.47385257,-0.15916139,-0.28656495,-0.12913917,-0.47367570000000003,0.048460542999999995,0.07997906,0.47149798,0.30304623,-0.08649778,-0.21267840000000002,-0.10442927,-0.45099953,-0.21190520000000002,0.02425722,0.21754783,0.2388529,0.16278465,0.23108074,-0.02929297,0.44091508,-0.03695955,-0.29067020000000005,0.2092032,0.21820359,0.058225892,-0.0052251616,0.11496966,0.40896209999999994,-0.23621115,0.21028249,-0.04816167,-0.12507339,0.23053710000000002,0.25290313,-0.33358473,-0.10640397,0.14151870000000003,-0.06214782,-0.50604033,-0.53725445,0.583276,0.14407569,-0.0047401576,0.32904625,0.119903274,-0.06711584,-0.16400404,0.026343863,0.27158123,0.13703488,-0.10869857,0.0077118045,0.0098008765,-0.30500978,-4.232267,-0.25416264,0.21337049,-0.30557585,0.16567643,-0.018793953999999998,0.053438865,-0.20515661,-0.37722933,-0.19174112,0.14411938,-0.11934447,0.11191759,0.35637516,0.35194048,0.2670805,0.038470045,-0.11387535,-0.011288544,0.54877454,-0.052079315999999994,-0.51003516,0.14634570000000002,-0.07771206,0.16633435,0.40158147,-0.2905801,-0.11460831,-0.30007952,-0.09400827,0.22311717,0.028755954,-0.09346383,0.17929076,0.30591023,-0.06949372599999999,0.014876355,-0.41419885,-0.33268335,-0.30373996,0.16566270000000002,-0.65683806,-0.10203947,-0.16659705,0.6012294,-0.23130824,0.1379123,-0.031644154,-0.040101342000000005,0.23065417,0.20778932,0.07565356,-0.22862664,-0.3972136,-0.1489846,0.012934435,0.24518149,0.61356395,-0.08770847,-0.3352156,-0.103905395,-0.14535543,-0.59883773,-0.055731203,0.02964794,-0.13538547,-0.23801999,-0.13221349,0.14623037,-0.23792835,-0.053043228,0.32058084,-0.37281108,-0.5053823000000001,-0.16057743,-0.07889265599999999,0.17336552,-0.2616574,0.022906932999999997,-0.28534466,-0.14611237,-0.21254894,-0.00050859665,-0.10438193,-0.0705654,-0.37588862,0.1391795,-0.33914912,-0.51494914,-0.37489438,0.21539558,0.073385224,0.33184808,0.22329663,0.35905015,-0.11120953,0.22945565,-0.19037803,-0.1286406,-0.41064057,0.08999639,0.21514063,0.4734102,-0.07291115,0.13564804,-0.0793035,-0.2520801,0.043475195999999994,0.31473488,-0.10600304,0.33790007,-0.41142735,0.49422246,-0.08106816,-0.33773702,-0.007607836999999999,0.10045813,0.29246226,0.0987659,-0.23864435,-0.13411249,0.37772155,-0.36047935,-0.21553615,-0.70554656,-0.12114136,-0.20236288,0.15391254,-0.2601928,0.12613218,-0.20398259,-0.15361723,-0.22961536,0.49976802,0.031206772,0.045224900000000005,0.22569916,-0.33317864,0.0022680662,0.033820886,0.22637399,0.30392134,0.24694656,0.0023331356,-0.32131302,0.47169176,-0.16342135,0.051771215999999995,-0.14692464,0.06284013,-0.43284409999999995,-0.27716240000000003,-0.19615042,-0.32075763,0.3209978,0.16230619,0.20920211,-0.16575411,0.168081,-0.63861316,0.23471329999999999,0.21060370000000003,0.19371758,0.27221426,0.15714966,0.75531536,0.121124305,-0.34429687,0.052339435,0.21915561,-0.2066009,-0.029660397999999998,-0.37689290000000003,-0.50916725,-0.10152954,0.38817197,-0.022351543999999997,-0.17025922,-0.29610577,0.16582163,0.09890242,-0.09634714,-0.10180676,-0.036619503,0.22338164,0.26655927,0.18071407,-0.33754942,-0.1834781,0.17326654,-0.0744123,0.5786694,0.107623555,0.0011728088,-0.19592027,0.065757215,0.16876245,-0.55126315,-0.10701204,-0.21581599999999998,0.37023854,-0.098627545,-0.05137849,0.3454261,-0.057968035,-0.18039954,0.12546329,0.33193922,0.010941823,0.28570837,-0.34490654,-0.34353507,-0.34973595,0.095560566,0.051780905999999995,-0.4136485,0.093200274,0.066943645,-0.38812315,0.33130172,-0.25597212,-0.07040972,-0.018024478,-0.10687828,-0.47659830000000003,-0.15601815,0.14138891,0.059045874000000005,-0.26186982,-0.18801159,-0.09340117,-0.79510766,0.080645725,0.16579202,-0.32010967,0.3534303,0.036785717999999995,-0.33817062,0.27593687,-0.10074193,-0.17780378,0.14629947,-0.165711,-0.37567002,0.30456758,0.189626,-0.17277521,0.271933,-0.33799288,0.56702095,-0.030270277,0.1542271,0.25281417,-0.45042600000000005,0.23617163,-0.36432403,-0.49040648,0.0045686676,-0.30884668,-0.22984704,-0.1301871,-0.23530659,-0.30984563,-0.05288865,0.27828398,0.11582909,-0.22085156,-0.12708962,0.11663469,-0.28846409999999995,0.07536763,-0.11467730000000001,0.011575417,-0.13586731,0.36854136,-0.10806509,0.014598109,-0.5365231,0.3572267,-0.26073554,-0.32958424,-0.026704207,0.24108511,-0.33479044,0.13503745,-0.35063829999999996,-0.0833912,0.3497902,0.01706876,0.023957238,0.3064455,-0.1659013,-0.21187814,-0.06455083,-0.17295,0.18641393,0.69561356,-0.17674103,0.29173340000000003,0.07210567,0.04801156,0.2043683,0.20043284,0.39363337,-0.27939647,0.42529154,0.24519855,-0.38994485,0.2617634,0.20396264,-0.30592734,-0.18444249,0.6065303000000001,0.5600248000000001,-0.32242188,-0.113947,0.09779857,-0.29915879999999995,0.007181984000000001,-0.06395069,0.1142869,0.025009487,0.43262494,-0.42199573,0.021608332,0.24452594,-0.26153842,-0.26826498,0.12188419,0.34271824,0.18553165,0.5529735,-0.31498948,0.46563914,-0.12194048,0.03612,-0.087805204,-0.15135679,0.32076246,0.19758885,0.22623393,0.12594545,0.43823656,0.44951215,0.5099794,0.36920559999999997,0.30545900000000004,-0.23186941,0.49915516,0.44317254,0.23890856,0.34429884,-0.20584169,-0.26934972,0.17234193,0.42529997,0.28460497,0.29491514,0.17218982,0.84517837,0.23994786,0.12531449,0.42081305,-0.3698718,-0.23399054,0.060855422,0.21602470000000004,-0.30104074,-0.29064840000000003,0.071445696,-0.2795188,0.06772409,-0.22757983,-0.46925494,-0.28526458,0.46929532,-0.12839025,-0.291973,-0.090763494,0.34152555,0.30377343,-0.058298472000000004,-0.47807202,-0.19314338,-0.22493018,-0.40942565,-0.06741002,0.0018450957000000002,-0.22008073,-0.2637672,0.048837862999999995,-0.011274811000000001,0.22098040000000002,-0.29106006,-0.14407331,-0.30915973,0.12970152,0.38183913,0.22771396,0.06883604,0.043574682999999996,-0.2582998,-0.20122659,0.30998844,0.11236790599999999,0.16340688,-0.17832384,0.27887303,-0.10248654,0.00079146936,0.011246968000000001,0.46273622,-0.5633578,-0.024114458,-0.21195285,0.030829898999999997,0.00939632,0.13401581,-0.39732164,0.3991352,-0.27203205,-0.26896929999999997,0.117166996,-0.043257922000000004,-0.26050165,0.03277914,0.2527136,0.40383464,-0.43470228,-0.03635801,-0.049475063,0.32033134,-0.11535204,-0.12160632,-0.19394119,-0.19989717,-0.32382303,0.047552199999999996,-0.061720893,0.16330165,0.27984348,0.28565982,0.056782375999999996,-0.1616315,0.5122163,-0.26127088,-0.07047938599999999,-0.3961317,-0.10323298,-0.24474978,-0.22789633,-0.12254860000000001,0.18895145,-0.22500660000000003,0.03803842,-0.028466037000000003,-0.018518757,-0.36669359999999995,0.25675398,-0.23049471
83,12,-0.07092205,-0.09401548,0.39817443,0.026409457,0.38763648,-0.1096172,-0.29682305,0.52991927,0.030519703,-0.255671,0.19135836,-0.19239452,0.04034327,0.18180577,-0.09423323,0.36815313,-0.07982848599999999,-0.08642739,0.0008858575599999999,0.12005727,0.046665393,0.044596538,0.09794906,0.34593555,0.46360776,-0.057752192,0.076818444,-0.09011214,-0.13421059,-0.15019462,0.46130255,0.51186216,-0.21018526,-0.20295529,0.077295616,0.052636877,-0.26810747,-0.22234467,-0.32197663,0.12780455,-0.68646264,-0.20744886,-0.06976391400000001,0.16895336,-0.46994567,-0.30897737,0.005250377,-0.5070638,0.13066384,-0.15563944,-0.34011123,0.06847659,-0.36857206,-0.21796852,0.15081134,0.6949491999999999,0.08161051,-0.55179423,-0.64734846,-0.38453946,0.43669719,-0.27163622,-0.15162787,-0.30278608,0.29640996,-0.20568776,0.14823094,0.25936794,-0.74009633,-0.19105162,-0.35470414,-0.09143058,-0.24091972,0.1586451,-0.16336861,0.12895697,-0.119881004,0.22887833,0.0044592232,-0.20974736,-0.19631194,0.24782498,-0.40373109999999995,0.32854018,-0.02448904,0.09573261,0.019280182,0.23340479,-0.32018152,0.7551053000000001,0.44695148,-0.42004102,0.19012572,-0.13159412,0.11814703,-0.0674196,0.16150391,0.09250181,-0.19651683,0.5764474,0.10984403,-0.19898655,-0.03306068,-0.35182604,-0.13949032,-0.12754852,0.078733765,0.26937047,0.06824607,0.12510312,0.083373986,-0.061466664000000004,-0.18738511,-0.17875414,-0.1160847,-0.12177211,0.03242948,0.12030425,0.09155776,0.19174714,0.12314800000000001,0.12185909,0.25715426,0.7217075,0.21832877,-0.10153827,-0.16180906,0.26046044,-0.1324299,-0.20132057,-0.034040622,0.20896415,-0.07332425599999999,-0.43121192,-0.23953237,0.23848827,-0.17606069,-0.16600396,-0.19507076,-0.08858394,0.11487704,-0.09245609,0.30166826,-0.11932199,0.1343363,-0.020031814,-0.23356761,-0.20496061,-0.18298307,0.40524840000000006,-0.007228636,0.019505376,-0.029200165,0.0048940335,-0.014602331999999999,-0.031721205,-0.24999517,-0.005078485,-0.23192339,0.14544702,0.4732357,0.020302055,-0.019047944,0.007675316,0.25171676,-0.109856345,0.17321134,0.17557058,-0.3572828,-0.0008455645300000001,-0.10519756,-0.027605457000000003,0.96802497,-0.23616149999999997,0.262333,0.014374563,0.2058181,0.060566965,0.25101784,0.11391079999999999,-0.4665873,0.13061608,-0.008641964,-0.014283915,0.24016139,0.017388933999999998,0.040108452999999995,-0.005476318000000001,0.40997547,-0.037944525,-0.36267114,-0.29999095,-0.32728,-0.19610925,0.02300613,-0.66860723,0.06313283,0.15483783,-0.3314251,-0.23436871,0.055574417,0.19186720000000002,0.10862861,0.14916372,-0.18528076,-0.25628394,0.23122379999999998,-0.041905936,0.056007247,0.35895923,0.10282403,0.42328337,-0.011379556,-0.15315479999999998,0.028951592999999998,-0.102829315,-0.10157817,-0.08745565,0.112325646,0.09645372,0.14341812,0.24966227,-0.15765822,0.35809648,-0.22200820000000004,0.6726711999999999,0.094514556,-0.81210357,0.19253863,0.37847859999999994,-0.045777522,-0.24877177,0.48517390000000005,-0.18444408,0.15897234,0.22038315,-0.49246252,-0.36461848,0.12455385,-0.28345406,-0.28611112,0.41246024,0.2536406,0.12036691,0.11868537,0.050902355,-0.16009247,-0.18158327,-0.19116178,-0.22053382,-0.56175923,-0.2580629,0.03746105,-0.57901424,0.04246587,-0.36692026,-0.17095977,-0.36160102,-0.0039937957,-0.19304785,0.47208714,0.083334394,-0.1397194,0.04583714,-0.23230611,-0.5081786,-0.11577336,0.23276056,0.2316354,0.15200143,-0.0026411144,0.055676427,-0.014112231999999999,0.53505933,-0.18639767,-0.08335294,0.3816409,0.12914674,0.037998185,-0.10584663,0.23093498,0.4197108,-0.15108049,0.18724681,-0.15511167,-0.38881279999999996,0.21579431,0.4410139,-0.047599132999999995,-0.15426512,-0.037128825,0.019734478,-0.41713977,-0.38641465,0.5230162,0.18492742,-0.0150113385,0.33743837,0.079331964,-0.18584822,-0.17615183,0.07828868,0.35341987,0.31708696,-0.2630614,0.35987362,-0.3931366,-0.3137538,-4.349286599999999,-0.15931626,0.02656239,-0.46722692,0.09212478,-0.20973049,0.07972976,-0.07875689999999999,-0.33652678,-0.18468711,-0.005670125,-0.26832790000000006,0.12548969999999998,0.2960284,0.26346797,0.48218995,0.2372424,0.018074589,0.056005652999999996,0.5581761,-0.140154,-0.6117621,0.26281452,0.11731065,0.067651875,0.21805912,-0.1553547,-0.08466674,-0.26276696,-0.18177736,0.26040834,-0.02119321,0.12856868,0.33121836,-0.018213117,0.06276596,-0.07599123599999999,-0.27831823,-0.17611086,-0.30697387,-0.04498523,-0.44284192,0.042897128,0.0049020057,0.62129164,-0.25442952,0.15038753,0.049715027,-0.028783827999999997,0.2795924,0.2200826,0.14768596,-0.4048053,-0.2718236,-0.24973379,0.2978646,0.33064553,0.49486205,-0.24278452,-0.31218287,0.08995945,-0.10056673,-0.40748173,-0.016117515,-0.14272068,-0.24141178,-0.32140526,-0.030816793,0.28775516,-0.018331267,-0.18339355,0.44771618,-0.29765496,-0.57246965,-0.15960164,-0.14319283,0.15986861,0.09706826,0.16288769,0.026351467000000003,-0.24807438,-0.15806505,0.24801987,-0.107943565,-0.19507319,-0.3054695,-0.021141202999999997,-0.19322048,-0.35183259999999994,-0.6626976,0.12666355,0.052758448,0.24772692,0.17141621,0.22471505,-0.083180256,0.34916654,-0.34618527,-0.13250966,-0.25568342,0.0710235,0.11917181,0.46754655,-0.30959237,0.22445279999999998,0.014259108999999999,-0.24740237,0.27612376,0.09043835,-0.11002286,0.49214125,-0.3791453,0.42272529999999997,-0.32153428,-0.42281958,-0.06860618,0.06415544,0.4234704000000001,0.08307548,-0.12702188,-0.024732174,0.43981543,-0.5710261999999999,-0.58366364,-0.97470117,-0.11546717599999999,-0.32005617,0.18511298,-0.30618152,0.25775474,-0.00011595896,-0.38381570000000004,-0.30283263,0.3336712,0.064711444,0.036291536,0.047729637000000005,-0.29555872,0.11574921,0.0032886240000000004,-0.018930934,0.17970502,0.014109951,-0.01976118,-0.051816043,0.28268513,-0.282438,0.16115008,-0.16889201,0.045193467,-0.38068417,-0.2793625,-0.03832167,-0.50511235,0.121541135,0.16401903,0.24847774,-0.12483150000000001,0.03544713,-0.5911812,0.26878798,0.25510755,0.20786685,0.14543308,-0.060559087000000004,0.5822118000000001,0.07190457,-0.20824312,0.08488229,0.21058705,-0.48275238,-0.38204637,-0.055754192,-0.3544473,0.0340285,0.67250305,0.042056084,-0.22412997,-0.3623803,0.11734361,0.071623,-0.09752429,-0.08338672,-0.12201054,0.30316657,0.28377843,0.21160765,-0.15839928,-0.08469049,0.06533647,-0.29332528,0.5156383,0.21597497,0.11320551,-0.00087045034,-0.020247042,0.39543736,-0.25867906,-0.06318082,-0.08725608,0.40054426,-0.25011674,-0.18896216,0.22970120000000002,-0.12177455400000001,-0.22250795,0.14869694,0.22634205,0.08091464,0.1376269,-0.22800957,-0.44598997,-0.46479183,0.07035642,0.20314698,-0.33170393,0.029397674,-0.04647301,-0.25067684,0.27188295,0.10344367,-0.14987537,0.20363864,0.16716984,-0.21365342,-0.18514803,0.16981234,0.02011593,-0.07977206,-0.009591945,-0.026066142999999996,-0.9491229999999999,-0.10463099,0.22203779,-0.11362466,0.32651890000000006,-0.03327741,-0.5526288,0.22052921,-0.21868160000000003,-0.37897748,0.2561796,-0.03683658,-0.7292347,-0.09344531,0.19913715,-0.15945162,0.44159976,-0.31922403,0.6720411000000001,0.19797835,0.20394206,0.19298310000000002,-0.4258812,0.10244790000000001,-0.25322938,-0.44810244,-0.10169210000000001,-0.45211545,-0.01473925,0.06774237,0.048297163,-0.013022068000000001,-0.056199442999999995,0.31709552,0.14389384,0.08869401,0.09719231,0.16670358,-0.6201798000000001,0.21482240000000002,0.007629813,0.15143268,-0.27810416,0.22988984,-0.015127146000000001,0.0035456012,-0.44198930000000003,0.5218859,-0.26680479999999995,-0.25390208,-0.041617453,0.32814258,-0.08375273,0.12182913,-0.20617117,-0.16268611,0.20255633,-0.07057286,0.042245775,0.5014507,0.062915236,-0.17731653,-0.1409687,-0.26011708,0.22862472,0.84859836,-0.25733360000000005,0.41938144,0.20554158,0.05526626,0.059605528,0.27400357,0.29294655,-0.43314177,0.33262600000000003,0.012334768000000001,-0.42504165,0.06922222,0.057918284,-0.037639443,-0.36108637,0.6214858,0.45324287,-0.15182443,-0.47551602,0.030508714,-0.21899354,0.07758054,0.11389877,0.033173446,0.17895779,0.6268524000000001,-0.26376587,0.13804273,0.18697594,-0.29173574,-0.20091446,-0.029471083,0.31393164,-0.06951011,0.40477505,-0.2043159,0.4077441,-0.14869556,-0.03142876,0.029106728999999998,-0.19929515,0.23950873,0.15935895,0.06167918,0.028233035,0.41890875,0.29727329999999996,0.33864543,0.30200459999999996,0.40564898,-0.12757364,0.61204356,0.5836266,0.1862866,0.3207359,-0.22759943,-0.2955483,-0.063687295,0.48442572,0.08665922,0.46999189999999996,0.15494949,0.7192871,0.15491629999999998,0.19492227,0.3132252,-0.4799022,-0.16560048,-0.028889855,0.21580106,-0.24239699999999997,-0.061641756,0.1453259,-0.1748958,-0.068976834,-0.27196842,-0.2779215,-0.24734686,0.41573423,0.016763275,-0.10565123,-0.065062284,0.37677407,0.034770783,0.022733392,-0.583972,-0.18204364,-0.26412123,-0.50330245,-0.025043792999999998,0.18916847,-0.39101148,-0.35070604,-0.027964078,-0.10893158,0.10843959,-0.13061501,-0.12503430000000001,-0.41359058,0.19054364,0.14815386,0.46785429999999995,0.09617534,0.14584374,-0.25165808,-0.20201081,0.19682911,0.5291701,0.055727106,-0.0059685274,0.54939586,-0.27898140000000005,0.061123672999999996,0.013199305,0.28309295,-0.60550964,0.12800178,-0.053311642,-0.058428034000000004,-0.061542532999999996,0.34430635,-0.2454236,0.1865414,-0.37015978,-0.41952083,0.14424297,-0.24594359,-0.22266874,0.04473383400000001,0.028074346,0.2564125,-0.14499597,0.09642751,0.03615969,0.26270774,-0.012204276000000002,0.25478923,-0.19876364,-0.38114977,-0.24791607,-0.017112486,-0.08401944,0.47719659999999997,0.11241119,0.28242332,0.053960245,-0.12283400400000001,0.59755015,-0.041936245,-0.02650141,-0.28257427,-0.42494193,-0.3196094,-0.0039312159999999995,-0.17246488,0.20227297,-0.0822553,0.050007715999999994,-0.23843631,-0.20691659,-0.35532495,0.0027653334999999998,-0.24172364
84,6,-0.08656754,-0.11006312,0.28695095,-0.0072221104000000005,0.18857993,-0.11737729,-0.18882374,0.41143599999999997,0.12114618,-0.40414829999999996,0.18804085,-0.012748368000000001,0.04670162,0.22543427,-0.1268599,0.46726233,0.20994137,-0.14634308,0.04076957,0.21755552,0.2515388,-0.122735105,-0.009783429,0.5020689,0.17751934,-0.10039626,0.27287206,-0.15577595,-0.10221025,-0.14980762,0.5602914999999999,0.26350218,-0.15495196,-0.30571285,-0.0105665075,-0.058577567000000004,0.07922524,-0.112014055,-0.28011373,0.036816336,-0.45694979999999996,-0.30949455,-0.1002315,0.044637483,-0.39818704,-0.23809208,0.22099404,-0.15865149,0.07981544,-0.0029721490000000003,-0.29345492,0.06872354,-0.05110714,-0.11647079,0.0028314595000000003,0.6071399000000001,-0.038582496,-0.38673145,-0.43706378,-0.45133862,0.4229544,-0.34332246,0.08346152,-0.094779454,0.36314052,0.016746366000000002,0.29186347,0.35167740000000003,-0.61386615,0.06533595,-0.30002448,-0.18975216,-0.27105516,-0.19111262,-0.21409988,0.19468763,-0.19716272,0.22929473,-0.08771632,0.19849443,-0.14224575,0.32480398,-0.49021932,0.2979575,-0.12969539,0.10587444,0.19533463,-0.07468116,-0.24436717,0.7218618,0.29634732,-0.30739102,0.12628335,-0.062496014,0.31905347,-0.22391549,0.34402615,0.107328475,-0.15197486,0.4467934,0.1110519,-0.084041536,-0.1296691,-0.3210644,0.024880769,-0.3448736,0.21839865,-0.11785106,0.09782141400000001,0.07721914,-0.036799073,0.019475574,-0.15969113,-0.15697718,-0.15930413,-0.04990984,-0.06347896,-0.17421889999999998,0.23881151,0.44212803,0.046155963,0.07294449,0.15738012,0.31410608,0.14872828,-0.07493838,-0.13860808,0.17693563,-0.17452292,-0.17425294,0.29141513,0.14952204,0.15376066,-0.3410574,-0.11364237,-0.04907275,-0.119784825,-0.18121576,-0.20964636,-0.0092365695,0.12433182,-0.09309877,0.29345027,0.07341377,-0.07144465,-0.067476384,-0.051077988,-0.29458344,-0.21874744,0.23826838,-0.09278184,-0.10019431,0.12077258,-0.24307235,-0.048536427,-0.07493784,-0.34453428,0.20612891,-0.29956523,0.046555273,0.3847797,0.030265106,0.02551741,0.41123512,0.30035609999999996,0.08092964400000001,0.0061119627,0.2897097,0.00414621,-0.016736098,-0.053799945999999994,-0.29182455,0.8561075999999999,-0.29072416,0.09347253,0.014292672,0.18303965,0.16367266,0.29274166,-0.0034299863,-0.5536048000000001,0.24034968,-0.059218355,0.070738375,0.50415784,0.11556294,0.0024065867000000003,-0.17994820000000003,0.25089645,0.08429436,-0.27398947,-0.2377674,-0.28690267,-0.29649509999999996,0.15168900000000002,-0.56667674,-0.17830072,0.045656703,-0.43383869999999997,-0.026665643,-0.07685661,-0.050055344,0.448855,0.2513658,-0.06807317,-0.023910007999999996,0.18584433,0.023710317999999998,-0.059428465,0.47652814,-0.11362762,0.41478628,0.07015969999999999,-0.09549305599999999,-0.010491823,0.006899141,0.1363033,-0.28659537,0.26230103,-0.00544219,0.25141020000000003,0.030091519,-0.026255893,0.31650653,0.037620675,0.7710359,0.052727498,-0.49279870000000003,0.10968646,0.31794572,-0.2213556,-0.15739481,0.50028056,-0.18257828,0.15417637,-0.03337482,-0.09330927,-0.27576069999999997,-0.084890164,-0.037149496000000004,-0.088797085,0.52163327,0.048110012,0.25797644,0.050153375,0.032288015,-0.02765139,0.03307059,-0.26669174,-0.15563732,-0.41538617,-0.13644573,-0.10947254,-0.24579678,-0.06870509,-0.33386305,-0.08034104,-0.32670084,0.102747135,0.06386179,0.09548989999999999,0.293004,-0.11952839999999999,0.09363885,-0.3048712,-0.33157322,-0.12074979,0.3211676,0.07764176,0.24891803,-0.0755752,0.04436085,-0.040766377,0.6065586,-0.19661522,-0.105300196,0.37871873,-0.020335082,0.10518426,-0.06749659,0.28354064,0.27636233,-0.091085695,0.18980454,0.081685744,-0.28459594,0.15519215,0.26880170000000003,-0.13357055,-0.06878407,0.19438575,-0.03375353,-0.32812455,-0.42621440000000005,0.58588314,0.19649148,0.10514185599999999,0.23504075,0.14519885,-0.06988291,-0.048561767,0.005961139,0.18126029,0.03752828,-0.098306365,0.094777316,-0.21309595,-0.36798692,-4.356806,-0.11838296,0.18644685,-0.33545288,0.006089127,-0.070094846,0.12686929,-0.34183076,-0.37234387,-0.20466024,-0.0027354977,-0.29814179999999996,0.17471004,0.12466766,0.40771723,0.14304121,-0.11122156,0.019544791000000002,0.17368694,0.49189028,-0.4131572,-0.37903097,0.069812045,-0.18139136,0.38879132,0.25493518,-0.17223756,-0.33179185,-0.18446624,0.12253096,0.035250712000000003,0.012475242,-0.0073016606999999996,0.31986347,0.35340324,-0.1829743,0.10119144599999999,-0.61522406,-0.14679316,-0.23005311,-0.1149157,-0.42055157,0.055574954,-0.12858763,0.5635456999999999,-0.09282356,0.03411906,-0.21217589,0.12498976,0.28334109999999996,0.13147524,0.12780266,-0.36836990000000003,-0.26873294,-0.16152148,0.15264876,0.23893315,0.40530762,-0.28467602,-0.22654290000000002,-0.06292875,-0.22946973,-0.46060032,-0.11036488,-0.01368506,-0.16229755,-0.23684339,-0.13890128,0.2824999,0.13999844,-0.004990249,0.19080533,-0.4165675999999999,-0.56894284,-0.07128728,-0.18340395,0.07684176,-0.07051289,0.38106809999999997,-0.02299398,-0.11466482,-0.29717425,0.09750018,-0.29943059999999994,-0.008074443,-0.22421394,0.031726655,-0.19461425,-0.44923705,-0.27428403,0.044729944,0.23036438,0.16993268,0.23005334,0.13482852,-0.011640206,0.14635204,-0.21831751,-0.031866115,-0.40198004,0.16462441,0.21820763,0.45024055,-0.09623231,-0.025114965,0.08654479999999999,-0.4670734,0.24264462,0.18210217,-0.033349995,0.40207875,-0.5048033,0.5417486,-0.122801885,-0.20451468,-0.06480346599999999,0.09982908,0.25534433,0.045694385,-0.31196535,0.0013221671,0.4705089,-0.35145515,-0.55751157,-1.1116952,-0.07295208,-0.2884353,-0.032340787,-0.40340292,0.2862296,-0.14741744,-0.2767448,-0.27442577,0.19561307,0.039667554,0.06297469,-0.05681398,-0.38395342,0.169483,0.019295486,0.29907623,0.17428614,0.024907846,-0.10387653,-0.16881463,0.1757964,0.017778046000000002,-0.1747489,-0.19068937,0.10678882,-0.20878534,-0.30273333,-0.014283481,-0.25362408,0.04203343,0.12967983,0.13207716,-0.14792447,-0.09951654,-0.41592383,0.30164734,0.10739992599999999,0.28623852,0.11407676,0.15097097,0.43448648,0.16673952,-0.123399444,-0.16312562,0.16750184,-0.30877309999999997,-0.056944825,-0.116859734,-0.44726446,-0.13080166,0.5013499,0.14735569,-0.18012471,-0.22425354,0.1987558,-0.0034694388,0.051033597,-0.07515856,-0.28597406,0.2487645,0.24475583,0.23956627,-0.30854437,-0.081475385,0.16960104,-0.13894574,0.34610733,0.028183457999999998,0.079697825,-0.0813876,-0.0612961,0.35545275,-0.5027971999999999,-0.110292874,-0.00010217674,0.36515879999999995,0.17434192,-0.27343825,0.05430399599999999,-0.09342518,-0.20551692,0.38885605,0.24740116,-0.16513989999999998,0.19090474,-0.2084929,-0.34754452,-0.4598898,-0.06124591,0.17169681,-0.46570885,0.015554911000000001,-0.19031209,-0.3450533,0.19525910000000002,-0.050815668,-0.09560068,-0.09487411,-0.2202155,-0.5243825,0.049551908,-0.02233598,-0.07159873,-0.20114143,-0.027369324,0.06156356599999999,-0.83020717,0.14906849,0.047563884,-0.24714516,0.13683382,-0.15713231,-0.5185309,0.11828228,-0.17352821,-0.23173362,0.16574831,-0.022453299,-0.45051908,0.2152755,0.027854762999999998,0.005226067,0.18399175,-0.3251124,0.44381899999999996,0.08632335,-0.026224262999999998,0.030241077999999998,-0.3733822,0.040134188,-0.28817725,-0.36050192,0.10467429,-0.42724147,-0.053765055,-0.08249004,-0.18463862,-0.22151047,-0.026437135,0.26284006,0.14996488,0.0050840923,-0.105428584,-0.10413157,-0.47126037,0.14104673,-0.11389595,0.049674794,-0.18611297,0.3486468,0.06295842,-0.1533879,-0.35076356,0.5452281999999999,-0.45352674,-0.32329917,0.05234372,0.18630171,-0.03910213,0.14416403,-0.2089506,-0.29589027,0.35253736,-0.15638687,-0.061133176,0.44308463,-0.078604,-0.10959975400000001,-0.07374349,-0.011969915,0.05675548,0.53656495,-0.25091379999999996,0.09690832,0.10570194,-0.13055745,0.007984418,0.33069047,0.3204677,-0.14563896,0.34241459999999996,0.025818035,-0.6039886999999999,0.26456374,0.19414563,-0.19875087,-0.08277717,0.5229016,0.39773422,-0.5910146,-0.5638645,0.046360947,-0.24654984,-0.07610338,0.15036985,0.26952790000000004,0.04907396,0.6630515,-0.3621634,0.09293441,0.13567556,-0.11409243,-0.06594172,0.09097013,0.5010226,0.17065933,0.42975184,-0.34052852,0.32046112,-0.090955995,0.07416561,0.009580645,-0.20160855,0.0013979167000000002,0.28688768,0.02313784,0.15503421,0.5222375,0.45094043,0.3156531,0.29434666,0.325689,-0.09071234,0.56027675,0.43513295,0.19124727,0.3857035,0.09751048,-0.044423505999999995,-0.018961415,0.41047457,0.21517089999999997,0.38557732,-0.07884569,0.7322451999999999,0.40194649,0.20518388,0.23344915,-0.32941893,-0.19978379,-0.14391585,0.16852097,-0.1327204,-0.20768620000000002,0.06152318,-0.19018716,0.32279658,-0.19791776,-0.077150285,-0.28032914,0.3555798,0.122265555,-0.043715935,-0.07269175,0.34264123,0.16480264,0.03167892,-0.48862284,-0.07592504,-0.37858516,-0.4415238,0.09359895,0.045747656,-0.03972782,-0.2409041,-0.044755183,-0.15089417,0.20974015,-0.19899105,-0.062398903,-0.32609814,0.18456449,0.30868933,0.42236125,-0.09674168,0.08412888,-0.16863772,-0.09731766,0.18974249,0.10982924,0.10481458,-0.13149676,0.29675144,-0.47134578,0.055478312,0.042053867,0.35542706,-0.64933056,0.30913209999999997,-0.26291847,0.021533377000000003,-0.0007903602,0.23423858,-0.31454208,0.24664090000000002,-0.30722722,-0.22657658,0.037665422999999996,0.088378124,-0.08919295,0.14574628,0.01515748,0.28630525,-0.3339198,0.008651068,0.0746975,0.15228067,0.27274498,-0.12807518,-0.35291234,-0.33643579999999995,-0.2178075,-0.101161405,-0.30861145,0.16867234,0.20818546,0.24771590000000002,0.16609086,-0.058308705999999995,0.40083432,-0.26810372,-0.15165746,-0.2879751,-0.36426198,-0.36986747,0.037626627999999995,-0.22602336,0.21743485,-0.22836818,-0.10063958,0.042331785,-0.17201398,-0.22794072,0.17320493,0.03334684
85,1,-0.18902399,-0.0403807,0.2830138,0.10593977,0.15140818,-0.20277059,-0.12556116,0.35462868,0.053404022,-0.16173713,0.18968089999999999,-0.20577542,-0.18879443,0.06580819,-0.14418712,0.2918264,-0.093775876,0.0045448295,0.04826577,0.110108055,0.1838837,0.032024547,0.09235644,0.25816146,0.36433297,-0.10186157,0.20260511,-0.10612701,-0.24974056,-0.016226308000000002,0.6082908,0.4464113,-0.36455265,-0.29912528,0.060475044000000006,0.025639921,0.0011998649,-0.18006492,-0.13244249,0.16042241,-0.53666174,-0.2620361,-0.27057588,-0.11815958,-0.37095246,-0.3134446,0.17515202,-0.24896824,0.06355885,-0.21026099,-0.6877968000000001,-0.1372029,-0.35190395,0.06828288,0.16118589,0.6336595,0.06915138,-0.37897559999999997,-0.5408755999999999,-0.23561148,0.5190889,-0.20996684,0.13594462,-0.36768857,0.43616405,-0.030485877999999998,0.08513430000000001,0.41705859999999995,-0.7011974,-0.16291167,-0.47290233,-0.08187960000000001,-0.41143149999999995,0.05396742400000001,-0.08012372,-0.037410623999999996,-0.15994865,0.28050658,-0.009872644,-0.06683691,-0.13593479,0.46358937,-0.26789892,0.25923696,0.023583734,0.1295743,0.27404743,0.21036577,-0.40790790000000005,0.44313583,0.28108242,-0.30628702,0.21020472,0.06037853,0.11444728,-0.08828655,0.36989293,0.078354254,-0.013662134,0.59718984,0.07809823,-0.3810358,0.062243245999999995,-0.41625094,0.007668435,-0.41137755,0.07673841,0.29742609999999997,0.13877675,0.18322924,0.098395675,0.07702074,-0.17056745,-0.15661857,-0.1700757,0.028267913999999998,-0.0043534576,0.029719576,0.2699388,0.33337134,0.14211562,0.24205565,0.35502422,0.41872644,0.24119936,0.16817304,-0.14266935,0.43397349999999996,-0.20326516,-0.009871570999999999,0.015127425,0.12879997,0.36818781,-0.41171986,-0.38653457,-0.032546166,-0.08443943400000001,-0.18040033,-0.29764566,-0.0457824,0.058652293,-0.24577154,0.3194006,-0.10377549400000001,0.19034453,0.004342857,-0.1630223,-0.15482543,0.012942095,0.37623720000000005,0.19067852,0.16779651,0.15011147,-0.20328633,-0.09910972,-0.18084751,-0.18595102,0.31442973,-0.16508026,0.1907399,0.39855029999999997,0.035234794,-0.0968206,0.23049746,0.32066953,-0.15164705,-0.111446664,0.19279970000000002,-0.1658993,0.03934055,-0.027548173,-0.45439723,0.66414917,-0.06835855,0.21939944,0.05473951,0.29596147,0.025630637999999997,0.37254924,-0.067289025,-0.6216499,0.2628764,0.05735481,-0.08249063,0.28050718,0.022092527,0.25968078,-0.27675859999999997,0.15036295,0.013089403500000001,-0.41012186,-0.37713683,-0.17092684,-0.26056260000000003,0.24438252,-0.34000123,-0.0511324,-0.09811939,-0.49864376,0.011559565,0.12238993,-0.020931832,0.29925835,0.00033339400000000004,-0.09568156,0.047012404,0.044906706,-0.23826231,-0.27148649999999996,0.35025653,-0.03615886,0.51567817,0.13909793,-0.21000646,-0.013313931999999999,-0.080193914,0.05920244,-0.12719075,0.4305576,0.02972224,0.13838021,-0.050513446,-0.25395986,0.25213143,-0.101701684,0.80755675,0.18483847,-0.57366323,0.28169397,0.5220381,-0.23328806,-0.20547310000000002,0.38433135,-0.17685288,0.15007631,-0.010802851,-0.21299842,-0.059572633,-0.029711977,-0.03808799,-0.25847846,0.74504405,0.110599056,0.035404257,-0.12952702,-0.055871245,-0.0329116,-0.31588322,-0.30123228,-0.27247173,-0.6551798000000001,-0.14719675,-0.02639504,-0.45865265,-0.2523344,-0.005966390500000001,-0.25211376,-0.28350192,-0.038599636,0.013952256000000001,0.29320756,0.23673289999999997,-0.18563011,0.09292132,-0.35826766,-0.35041943,-0.15320422,0.099112995,0.32070390000000004,0.22462077,0.13886379,-0.1898247,-0.012642671999999999,0.50394946,-0.48433048,-0.07567724599999999,0.31373107,0.07012536400000001,-0.18668348,-0.13770929999999998,0.32746556,0.59480166,-0.09905914,0.20432782,-0.0016177385,-0.31889805,0.30090079999999997,0.014389648,-0.15959373,-0.12704061,0.09828566,0.11461764599999999,-0.34345317,-0.33553588,0.31926858,0.06737066,0.05187331,0.02508295,-0.08297237,-0.0682428,-0.25909838,-0.1997187,0.28654763,0.26394153,-0.33704317,0.097534806,-0.08380235,-0.13237974,-4.301755,-0.22966217,0.067698404,-0.32194403,0.15930104,-0.09666416,-0.08618546,-0.16295856,-0.50233,-0.21860199,-0.0791806,-0.4253949000000001,0.16507706,0.22843388,0.49417117,0.029634874,0.08203289,-0.119966105,0.067589365,0.6662602,-0.19967842,-0.5124078,0.20289704,-0.15628937,0.25998163,0.29597345,-0.13271154,0.17263182,-0.48518592,-0.23690045,0.0857301,-0.07506781,0.13163438,0.13107458,-0.043121714000000005,0.16042864,-0.10980814,-0.18462794,-0.35471565,-0.3297703,-0.098269336,-0.41025114,0.21737795,-0.18053076,0.6147436,-0.10420635,-0.13665475,0.0005688679,0.057592555999999996,0.27410954,0.14290917,0.34410575,-0.34601554,-0.094792515,-0.17071973,0.04014995,0.28997934,0.45622113,-0.184075,-0.13903564,0.15660767,-0.21875346,-0.49613667,-0.11804407,0.02589074,-0.2516974,-0.30434492,0.029670912999999997,-0.032925654,0.011037348,-0.08142972,0.18558814,-0.34257364,-0.59747183,-0.12211851,-0.10636322,0.11084586,-0.12864695,0.1609898,-0.053240445,-0.34088713,-0.5227785,0.09108672,-0.04651041,-0.083742514,-0.17205578,-0.03225199,-0.15931648,-0.28058459999999996,-0.49235114,-0.027521472,0.14555079,0.24613993,0.15801765,0.0633834,0.011426935,0.45229468,-0.16289164,0.14864166,-0.3588565,0.27098829999999996,0.041847817999999995,0.32246226,-0.12806076,-0.059882227,0.088679925,-0.21754003,0.098633334,0.31869727,-0.17389369,0.3931852,-0.39297274,0.52066356,-0.26058477,-0.33510643,-0.027208446,0.01591954,0.34683678,0.22078710000000001,-0.049971892999999996,-0.07148938,0.29458007,-0.46028242,-0.5190744,-0.96639264,-0.012938083000000001,-0.30022750000000004,0.16958965,-0.10505087,0.13791855,-0.26069942,-0.15799378,-0.2796032,0.15296282,0.328969,-0.13444309,0.012369011499999999,0.063638926,0.02686809,-0.17463889999999999,0.27728358,0.27721006,0.18628271,-0.14545396,-0.07330713400000001,0.45625323,0.19174197,-0.04261319,-0.10667903,0.06517216,-0.28116387,-0.32258832,0.001263591,-0.33081612,-0.06655587,0.07379791,0.460225,-0.25621846,0.009226191,-0.46927416,0.18498474,0.12523194,0.11200169,0.24572422,0.1444911,0.5047795,0.20684019,-0.29289237,0.012493003,-0.053040456,-0.2908135,-0.25513270000000005,-0.18034214,-0.29393947,0.014178145,0.5134899,0.13381508,-0.19503061,-0.2471027,0.30145726,-0.059461847000000005,-0.052290548,-0.15627033,-0.20155467,0.30550109999999997,0.25215122,0.007942374,-0.22919855,-0.18041152,0.078169085,-0.16632143,0.11452129,0.034626912,-0.057496287,-0.24423793,0.031227243999999998,0.38660237,-0.40337464,0.03765368,0.083118215,0.45673037,0.089848,-0.11641386,0.20653534,-0.2054903,-0.32783613,-0.02114743,0.47326338,0.12286476,0.04309008,-0.38919014,-0.25212955,-0.5556213000000001,-0.116789795,0.25182910000000003,-0.42214137,0.20096233,-0.07222176,-0.3344368,0.16269863,0.083024755,-0.19238010000000003,-0.015939238,0.05384338,-0.38508657,-0.14996320000000002,0.11847743,-0.12885599,-0.14730957,-0.31841066,-0.075929366,-0.63094985,0.032636907,0.33655137,-0.31229287,0.08150539,0.14107518,-0.16416128,-0.046077695,-0.28777468,-0.33701408,0.21095338,-0.12262711,-0.36447138,0.17264211,0.13603285,-0.19350418,0.23342258,-0.37233895,0.6025569000000001,-0.16859281,0.07993131,-0.15169086,-0.41037005,0.30796352,-0.28581540000000005,-0.17190744,-0.14505808,-0.34587675,-0.08626736,-0.081437185,-0.13670695,-0.16909868,0.012558156000000001,0.07698041,0.18128946,0.02393668,0.20651849,0.02363506,-0.5838699,0.11282437,-0.18206035,-0.031735047999999995,-0.19870402,0.25591668,-0.18029994,-0.22562046,-0.23712113,0.51878524,-0.4472981,-0.20208938,-0.15756755,0.21107045,-0.09832711,0.09262459,-0.14133976,-0.04175829,0.25705272,0.012017643,0.01552562,0.29532492,0.05774757,-0.11727222,0.019917984,-0.26083797,0.10055717,0.51270103,-0.025871882000000002,0.15174945,0.04330888,0.16412574,0.05285592,0.07691013,0.44135779999999997,-0.26681536,0.13922128,0.38436785,-0.43961877,0.2004761,0.08818224,0.06130545,-0.30728388,0.56414825,0.24736707,-0.27382082,-0.472602,0.11578699,-0.170074,0.13291602,0.010342943,-0.04263404,-0.076403305,0.8108329000000001,-0.21287571,-0.0014178089,0.110822275,-0.17321195,-0.2152618,-0.11835933,0.3401557,0.13698088,0.5268454,-0.5039447,0.45134264,-0.1610519,0.034915853,-0.109068945,-0.0846641,0.18247882,0.15453896,0.025853473999999998,0.14025791,0.5187735,0.41990805,0.19971621,0.18892281,0.24317637,-0.10186806,0.55962783,0.5391259,0.09551903,0.45575207,-0.03780917,-0.26299617,0.037749264,0.4144218,0.003618708,0.45006606,-0.09118587,0.77346504,0.18725301,0.24685155,0.17888309,-0.3719922,-0.10354633,0.13524206,0.08848398,-0.13770819,-0.17760682,-0.023534926,-0.06872267,0.08596983,-0.34015012,-0.15993601,-0.15294027,0.3719325,0.07265328,-0.10088297,-0.11023923,0.34076363,0.06613435,0.055166165999999996,-0.4129877,-0.18962666,-0.16942824,-0.77839106,0.17635438,0.24835460000000004,-0.13589641,-0.08185641,0.09602225,-0.14741907,0.19963770000000003,-0.35303090000000004,-0.14864308,-0.11225769,0.32197863,0.23030561,0.43119237,-0.14526759,0.22928850000000003,-0.16044979,-0.12914856,0.13155079999999997,0.3411535,0.22837909,-0.08668065,0.47710288,-0.32653427,-0.009166624,0.09602941599999999,0.18810791,-0.55333894,0.018000143,0.03737345,-0.009896014,-0.07105678,0.14858995,-0.26544207,0.34063864,-0.475785,-0.19306943,0.003944144,-0.0019922882999999997,-0.060307257,0.22477435,0.27350754,0.3022784,-0.16837531,-0.023273607999999998,0.09422418,0.18081024,0.06749232,0.11582187599999999,-0.20639285,-0.14778395,-0.38612217,0.024764792999999997,-0.08166929,0.28106233,0.14025279999999998,0.36363664,-0.0011564177,0.08598618,0.28646755,-0.13802238,-0.06517150000000001,-0.40873894,-0.1261592,-0.09695738599999999,-0.04730482,0.042653628,0.079366945,-0.13887325,-0.13082087,0.16969156,0.022789082999999998,-0.23874116,0.117050305,0.052706603
86,0,0.026530595,-0.1777687,0.045897465,-0.11268441400000001,0.12246321,-0.22228324,0.13368748,0.34792823,0.24443384,0.006990486800000001,-0.038208697,-0.13651374,0.15384,0.46970338,-0.09641597,0.6711634,-0.18507658,-0.18885167,-0.39803174,0.061499584,0.083673224,-0.081058376,0.07289015,0.2774348,0.57931167,-0.07236194,-0.1008824,-0.17105651,-0.30429038,0.081832945,0.26521206,0.081398666,-0.123447426,-0.5080989,-0.25715720000000003,-0.118390374,-0.017893476000000002,-0.09337637,-0.033110995,0.18853582,-0.5296353,-0.11005623,0.1570965,-0.17503999,-0.013470895,-0.33375144,0.013545498000000001,0.012935956,0.16968733,0.07521641,-0.37283790000000006,0.26542586,-0.06946876,0.061010185999999994,0.30768340000000005,0.54440236,-0.18649739999999998,-0.66488063,-0.31818774,0.09245049,0.21333057,0.10262169,0.07234910000000001,-0.41063583,0.23602670000000003,0.34943104,-0.041069865,0.18233396,-0.6026505,0.31116956,-0.29028448,-0.15181345,-0.06009718,-0.41103607,0.27071880000000004,0.36563286,0.009341609,0.5487860999999999,-0.18530992,0.019747177,-0.55402327,0.32403675,-0.2625048,0.35075507,0.027329948,-0.08466472,0.112455286,0.0063017816,-0.1987546,0.3201335,-0.61454016,-0.07794960000000001,-0.3657328,0.20097998,0.5015850000000001,-0.5454986,0.19009729,0.14185925,-0.12505086,0.55214006,0.20641667,-0.24740145,0.024703823,-0.27017543,-0.18825619,-0.1921999,0.046688657,0.04888562,0.29796082,-0.06550516,0.08950047,-0.09426472,0.24710949,-0.09189411,-0.40893984,0.5206849,0.12303980000000002,-0.07725528,0.057657837999999996,0.41803995,-0.13456804,-0.0020470992,0.0048108473,0.63365614,0.07038941,0.30435070000000003,0.2872318,0.3214532,-0.29335958,-0.20473287,0.22601955,0.18059161,0.18795702,-0.37013093,-0.18198285,0.20915495,0.30260065,-0.32543746,-0.22851220000000003,0.27172646,0.31373742,-0.14046407,0.14876081,0.039592005,0.45145956,-0.08705953,-0.24151522,-0.17736493,0.4597004,0.112856284,-0.12839523,0.08158985,-0.109509215,-0.25948676,-0.411076,-0.030518034,-0.016920174,0.085019514,0.39745218,0.23865739,0.5087668,-0.16084461,0.16108288,0.07432099,0.31026962,0.025153987000000003,-0.08718124,-0.1129231,-0.33170006,0.11321541,-0.1613078,-0.058644854,0.5730036999999999,-0.26574674,0.107784756,0.27550378,0.2859401,0.25291133,0.28418294,-0.051844854,-0.9490884,0.13671446,0.03240466,-0.37438565,0.37548903,-0.39574245,0.08945331,-0.15381944,-0.08929679,0.41967872,-0.14600337,-0.33381706,-0.12779000000000001,-0.22639374,0.22962011,-0.5258645000000001,-0.19625448,-0.30684274,-0.40563974,0.14143144,-0.12181545,-0.15701133,0.13920508,0.12145797,-0.21193166,0.28069282,-0.08054074,-0.021990782,-0.14982939999999997,0.50272167,-0.5435779000000001,0.5611816,0.118014075,-0.13579963,0.16014344,0.2050221,0.28201756,-0.2328468,-0.2527241,-0.03837203,-0.09512114,0.021987582999999998,-0.19333987,0.36839440000000007,0.029243303,0.8054965000000001,-0.11393330000000002,-0.17782666,0.03978906,0.2853285,-0.32372996,0.054774404000000006,0.32462758,-0.034107916,0.28240368,-0.120011605,-0.11377635,-0.23857870000000003,0.101272285,-0.023319287,-0.15866026,0.33048573,0.13531613,0.2638566,0.16632953,-0.0060537923,-0.15567863,-0.13835139999999999,-0.27578846,-0.16127762,-0.6084933000000001,-0.45639634,-0.2384277,-0.47629398,-0.07687113400000001,-0.30744374,-0.27640182,0.1598268,0.26843667,-0.035673525,0.37304726,0.26632202,-0.23813963,0.21647377,-0.67999375,-0.028831385,-0.12192865,-0.05245279,0.3462926,0.26472497,-0.27087265,-0.21929473,0.05765454,0.3296062,-0.07460231,-0.04658324,0.592167,0.10126018,0.07790096,0.031513732,0.38235316,0.47515386,-0.22211234,0.037626397,-0.12578024,-0.5432299,0.23712105,-0.028832026,0.035878137000000004,-0.31653485,0.063095644,0.17553054,-0.22637846,-0.052854497,0.55901265,-0.08676782,0.30031273,0.37773895,0.18334657,-0.05486863,-0.05084949,-0.20183711,-0.18421243,0.25952345,-0.1516818,0.452592,-0.056055635,-0.52411264,-4.249773,-0.22022319,-0.0024192017,-0.30929473,0.3472903,-0.15883929,0.02481497,-0.15708148,-0.6794741,-0.08963946,-0.22827797,-0.23201554,0.30641025,0.0031723622,0.14515467,-0.09649359,-0.016691152,-0.13394743,-0.26453307,0.5240749,-0.403131,-0.025069801,0.09214716,-0.19099419,0.10687339,0.54076064,-0.06966159,0.22840349999999998,-0.2717397,-0.16777714,-0.09185925,-0.17748955,-0.042677686,0.4444281,-0.27756187,0.00017318781000000004,0.015081912,-0.06717034,0.11328047,-0.035781413,-0.11361606,-0.13289914,-0.021658623999999998,-0.21620469,0.766763,-0.48907632,-0.23571742,-0.22895724,-0.19024065,-0.16940355,0.18107964,0.12789206,0.24057776,-0.22007856,0.18145685,0.011427669,0.027533825,0.3083198,0.059216055999999996,-0.3412191,0.097296365,-0.0024859477,-0.09992525,0.03633774,0.13804568,-0.48334748,-0.40813790000000005,0.07226919,0.38018334,0.101977974,0.08679012,0.29238063,0.13159567,-0.8833254,-0.2601519,-0.033575602,-0.022462757000000003,0.042537455,0.21620664,-0.31756622,-0.30482024,-0.03840107,0.066838235,-0.17665996,-0.25353348,-0.31600009999999995,0.26209715,-0.1612086,0.09451584,-0.36827624,-0.2277167,0.067151584,-0.20983393,0.24184065,-0.14038616,0.24844794,0.3848502,-0.034035645,0.30897206,0.016315551,0.78537196,-0.2997647,0.6673693,-0.34575197,-0.0873855,0.33539787,-0.38530478,0.21374698,-0.20916177,-0.022808786,0.024728537999999998,-0.53941184,0.00094685145,-0.21770194,-0.32102859999999994,-0.21155170000000004,-0.20487295,0.31822655,-0.043028116,0.28311068,-0.3515697,0.58978546,-0.15591401,-0.52852386,-0.48603559999999996,-0.023041397,-0.10199409,-0.002534045,0.016287267,-0.13655016,-0.31425315,-0.17317234,0.10254203,0.24937293,0.20989397,-0.33664104,-0.25193194,-0.31392246,0.057448685,0.24765368,0.19164109,0.11472578,-0.083556294,0.14924963,0.27782917,0.17893910000000002,-0.10221072,0.042548813,-0.25852427,0.15561202,-0.29591337,-0.17607251,0.1331414,-0.27389777,0.05981805,-0.27291802,0.17724091,-0.077254385,-0.22195739,0.14757255,0.15104295,-0.06366243,0.23578407,0.39047328,-0.10138109,-0.09398635,-0.12216777,-0.008518155999999999,-0.30242535,-0.013606807,-0.3631842,0.1763783,0.10807814,0.22643082,-0.11019382,0.40752858,-0.009718725,-0.026017562,-0.069362484,0.32026209999999994,0.046001397,-0.049285505,-0.23600002,0.23985358,0.42008263,0.09665426,0.17121828,0.0032948070000000003,-0.09429553,0.24097854,-0.16206372,0.13902026,-0.20026234,-0.3117775,-0.39837307,-0.08738095,0.19869447,-0.591462,0.040908724,0.24905261,0.22061378,0.39976048,-0.23479970000000003,0.37156156,-0.014480598999999999,-0.13288271,-0.24071361,0.048804,0.11715516,0.34391254,-0.2512909,-0.26100229999999996,-0.17052422,-0.357879,0.30479884,-0.24823473,-0.055259537000000004,-0.1886497,0.055789099999999994,0.18285973,-0.15093033,-0.5570699,0.2737358,-0.18336159999999999,-0.50026286,-0.15988675,-0.13691948,-0.30972087,-0.48670749999999996,-0.14415321,0.19455242,-0.46810204,0.37861475,0.12213647,-0.23043686,-0.32143638,-0.44054243,-0.1253845,-0.20344849,0.009289186999999999,0.08372555,-0.18073314,0.37052926,-0.3798023,0.28334767,-0.38222665,-0.06681334,0.22454380000000002,-0.03480851,0.35048592,0.18435884,-0.10713195,-0.26758924,-0.59460604,0.034451455,-0.6236186,-0.18798314,-0.011047717,-0.30343875,-0.109841526,-0.42806786,0.18807149,0.06908115,0.15156665,-0.03140614,-0.14554034,0.35307643,0.41021356,0.09898753,-0.122435406,-0.16947596,-0.03909483,0.18248124,0.16273777,-0.25530744,0.14707902,-0.34418699999999997,-0.11103213,-0.22053793,-0.41479814,-0.03686592,0.13701215,-0.28449315,-0.26840946,0.43271446,-0.3370518,-0.24026155,0.2481464,-0.059256062000000005,-0.0051615946000000005,-0.027399043999999997,0.2129744,0.0012468919,0.3259245,0.11231885,-0.04116723,0.6588263000000001,0.14216796,-0.10329975,0.07400567,-0.3119761,-0.022812892,-0.16718031,0.5827755,-0.19686444,0.20849499,0.06515601,-0.33982554,0.30501306,0.35353607,-0.03580509,-0.41618937,0.18238142,0.45205897,0.12169451,-0.34025228,0.19048153,-0.00029425322999999997,-0.05925469,0.18614137,0.0041298345,-0.0010149814,0.39145347,-0.16730186,0.00035558082,0.24685992,-0.20298159,-0.15301220000000001,-0.10173798,0.028421825,-0.015890118,0.8243738000000002,-0.4677772,0.45893985,-0.07440319,0.017256446,0.29321748,-0.07228859,0.35407412,0.15559724,-0.2049636,0.27632278,0.33150193,0.31502587,0.06757485,-0.12608539,0.150066,0.06495634,0.6409749,0.44620420000000005,0.107029475,0.39141240000000005,-0.14535245,-0.5102449,0.09324753,0.31267077,0.06523947,0.23907419,-0.113445416,0.33212012,-0.22598973,-0.20147987,0.29309592,-0.52628344,0.009250307,0.34636402,-0.049562853,-0.32999587,-0.06549852,-0.0015701111,0.14340708,0.20829952,-0.11267225,-0.0514924,-0.24594828,0.30724537,-0.14920978,-0.09393212,-0.03544388,0.30360436,0.25017852,0.017311798,-0.42806897,0.15273891,-0.20122336,-0.4154129,-0.067498595,0.15765032,0.26450276,-0.48409769999999996,0.20199698,-0.30280668,0.24206486,0.1623878,0.020586483,-0.17721933,0.17722538,0.19265385,0.30780026,0.35918143,0.3011506,-0.15223843,0.03737135,0.28598857,0.11157681,0.112760775,-0.103852734,0.09282711,-0.7700952,-0.27237275,0.26766673,0.29001614,-0.83907604,-0.20492972,-0.2917923,-0.16550978,0.03928666,-0.18107553,0.26806718,-0.044768453,-0.28215500000000004,-0.36059135,-0.19076586,0.47237822,-0.1266592,-0.06338019,0.021323042,0.3316901,0.21048179999999997,0.14131010000000002,-0.164607,0.39148074,0.29790655,-0.13636629999999997,0.32198718,-0.5055763,0.31734225,0.054010917,-0.27181527,-0.37277687,-0.022930294,0.32004570000000004,0.012264755,0.09999301,-0.37442276,0.022574801000000002,0.07999888,0.031113672999999998,-0.16952226,-0.2799192,-0.0030987523,-0.03585413,-0.22440748,-0.034007903,-0.32732449999999996,0.26127765,0.027144909,-0.11052395,0.39839745,-0.08874556
87,8,-0.19877008,0.04117901,0.20342907,0.21797398,0.37462729999999994,-0.22907968,-0.12822007,0.31529853,-0.013457527,-0.41729403,0.22023903,-0.24068093,0.089019656,0.45831594,-0.24511793,0.45372614,-0.14989857,-0.07374684,-0.11407827,0.50067294,0.013215164,-0.120408244,-0.042166073,0.68076664,0.37379402,-0.21091210000000002,0.009838531,0.16931368,-0.032855928,-0.0291036,0.25533926,0.15918727,-0.18544248,-0.33096546,0.02724111,-0.04285308,-0.22295279999999998,0.037453600000000004,-0.19684713,0.11190913,-0.8169316999999999,-0.13904203,-0.02189587,0.10886454,-0.33782579999999995,-0.10872103,0.1344882,-0.1279578,0.18736081,-0.24457961,-0.34008798,-0.033376385,-0.42633733,-0.07311653,0.10338191,0.6974388000000001,-0.017752709,-0.5756293,-0.62867695,-0.19290918,0.064856395,-0.21963894,-0.011171572,-0.46946955,0.22272750000000002,-0.15538496,0.12684958,0.2615966,-0.6206938,-0.083786234,-0.21530789999999997,-0.1512994,-0.31799975,0.3126474,-0.27176335,0.0016507122,0.03378879,0.32976055,0.06886007,-0.06385401,-0.48421738,0.5235631,-0.27532792,0.2601047,0.18732603,0.09808753,0.09102329599999999,0.4730235,-0.42102587,0.4861172,0.11629977,-0.26928753,0.06116546,0.18503273,0.38093543,-0.0017370885,0.1775423,0.10847493,-0.22175503,0.6217183000000001,0.24405351,-0.4283709,-0.0075333943,-0.46363327,0.09616762400000001,-0.19781892,0.2932065,0.2880395,0.118249424,0.1746851,-0.013785625,-0.13130103,-0.20832887,-0.18076977,-0.29134390000000004,0.0927278,0.052804522,-0.15678115,0.43318382,0.14978068,0.12411973,0.21752045,0.06626765400000001,0.8415144,0.1611306,-0.0134983165,-0.15694512,0.40049282,0.06643366,-0.25783667,0.3983065,0.48773924,0.20003304,-0.6569989,-0.36522195,0.4043098,0.09071774,-0.21525632,-0.48783886,0.110606894,0.07104763,-0.30280745,0.60307616,-0.022736402000000003,0.23851186,0.21362008,-0.13701889,-0.020428883000000002,-0.038125116,0.17614274,-0.10818638,0.11067137,-0.30810282,-0.21245739,0.06508512,-0.09254744,-0.3324111,0.085263506,0.024101054,0.15324368,0.28878397,-0.13287374,-0.25058612,0.21433279,0.10911007,0.033454154,0.02042635,0.3780446,-0.33441809999999994,0.010037114,-0.22708754,-0.020813296000000002,0.5916541000000001,-0.017158201,0.14146607,-0.10860102,0.40523607,-0.02949563,0.32529077,0.28357685,-0.6076819999999999,-0.035505995,-0.047411412,-0.30337729999999996,0.116848655,-0.10210699599999999,0.22205296,-0.24812214,0.01875402,0.031862523,-0.5294945,-0.07949088,-0.22499198,-0.22001961,0.2304757,-0.52069944,-0.11155841,0.052260022999999996,-0.46056184,-0.012618559,0.11159277,0.12625060000000002,0.42515078,0.008028524,-0.12554467,-0.22979954,0.24306145,-0.17128837,-0.28428134,0.2806094,-0.18423608,0.34202248,-0.04691936,-0.0812224,0.032627482,0.030707506000000002,0.100428775,0.0022815606,0.22939496,-0.043494347,0.2970409,-0.05354721,-0.22499029999999998,0.38163614,0.06724657,0.74638456,0.27637905,-0.47184741,0.49053347,0.4294511,-0.22977671,-0.38440840000000004,0.5467831999999999,-0.18356754,-0.08416512,0.16600253,-0.3118732,-0.2136074,0.010190466,-0.21964535,-0.49357042,0.10092357,0.19777170000000002,0.13527246,0.31641614,-0.18510677,-0.021850115,-0.07048610000000001,-0.046729393,-0.23305118,-0.5010886999999999,-0.2760188,0.043724455,-0.5573241999999999,-0.35152265,-0.30992144,-0.14140074,-0.25981686,-0.20460989,0.05981027,0.27917013,0.16101025,-0.25071678,0.015752297,-0.5150524000000001,-0.32938328,-0.045228172000000004,0.070594065,0.44759637,0.124678336,-0.14475173,-0.21133368,-0.015645923,0.6039444,-0.20550999,-0.25924063,0.2896009,0.119072914,-0.068361625,-0.13307047,0.32988107,0.5676986999999999,-0.07426833,0.0444522,-0.053279735,-0.13935743,0.23528847,0.17330405,-0.19394892,-0.6105743,-0.087283224,-0.21994713,-0.5040372000000001,-0.25228274,0.7256443,-0.06530535,0.28899685,0.052413154,0.008906569,-0.15986094,-0.21950345,-0.27038756,0.22945879999999996,0.18136618,-0.37927976,0.12928414,-0.014712727,-0.39317885,-4.320796,-0.19132565,0.06336197,-0.4593928,0.21692994,0.1390683,0.11299984,-0.16317756,-0.5522489,-0.12890732,-0.18237647,-0.055235915,0.14424008,0.13324897,0.17306969,0.5056194,0.33897543,-0.20863248,-0.17135541,0.4807581,0.02689734,-0.39995363,0.09146882,0.06690332,0.31310520000000003,0.09127414,-0.2549672,-0.07248662,-0.3559981,-0.13300605,0.06023544,-0.15009727,-0.060274784000000005,0.15124056,0.009547115,-0.10635394599999999,0.124835275,-0.29839253,-0.008536398,-0.09805015,0.04542965400000001,-0.28783882,0.19730388,0.04058632,0.68979305,-0.37297273,-0.09368489,-0.06376684,0.05098243,0.26622292,0.26789558,0.113050774,0.02828572,-0.31177136,-0.10640147,0.19625743,0.4983943,0.8363356,-0.028270188999999998,-0.23373383,0.09795904,-0.11699164,-0.45802915,-0.28995174,-0.2799989,-0.23213421,-0.49760363,-0.44248784,0.15515383,-0.043259688,-0.12615407,0.48089024,-0.23447394,-0.83944345,0.039721664,0.0014419170999999998,-0.08986314,0.0071914857,0.1733688,0.17464878,-0.24342951,-0.38830566,0.08091987,-0.13555776,-0.14651789999999998,-0.18316635,0.0116974525,-0.05864832,-0.16952966,-0.44453597,0.13904487,0.21406550000000002,0.09506004,0.13464783,0.06862949,-0.17232855,0.24672784,-0.07505134,-0.059913244000000004,-0.07352168,0.30573002,-0.014560443999999999,0.32557273,-0.20588304,0.035430763,0.16965006,-0.408769,0.15675299,0.17446952,0.04241485,0.20471229999999999,-0.18389629999999998,0.56399393,-0.42073673,-0.20064786,0.011445402,0.25428270000000003,0.609115,-0.069234006,-0.41337920000000006,-0.3318296,0.6193628000000001,-0.341641,-0.10735384,-0.45604837,0.0926495,-0.31287529999999997,0.052737784,-0.3677437,0.09815678,-0.120738335,-0.18184444,-0.030886741000000002,0.40776518,-0.0063921740000000005,-0.20871256,-0.09816801,-0.31581104,-0.18532089999999998,0.016871018,0.10037826,0.26661292,0.05924856,-0.21807648,-0.29062077,0.11808101,-0.19442537,0.18377602,-0.11331856,0.10779968,-0.24352483,-0.41937712,-0.21133035,-0.16327879,0.026545895,0.022519685,0.6373396,-0.1529897,0.12580329,-0.29519403,0.3931125,0.17951913,0.07290830000000001,0.17638263,0.20559287,0.31224772,0.11924903,-0.16162479999999999,-0.029220324,0.015965985,-0.31585538,-0.13500208,-0.08370977,-0.55887705,-0.02310022,0.5543666,0.16415439999999998,-0.31821900000000003,-0.29517308,0.27646709999999997,0.2170349,-0.41976982,-0.22505131,-0.039188537999999995,0.32162517,0.12147699,0.09058079,-0.279062,0.032729782,0.022971231,-0.3205524,0.526366,-0.045668803,0.06193001,0.0060019665,-0.26781109999999997,0.56232053,-0.09169062,0.050606787,0.124264106,0.14221543,0.05057526,-0.12425302,0.049537495,0.17735244,-0.23146564,0.009434289,0.14448018,-0.0044781709999999995,-0.059727684,-0.5068484999999999,-0.5063167000000001,-0.28000477,-0.27019572,0.2727094,-0.12341793599999999,-0.10330603,-0.048631615999999996,-0.34471992,0.37991044,-0.0022953120000000003,-0.064515874,0.16785654,0.3889911,-0.39534109999999995,-0.25787133,-0.041791435,-0.0693107,-0.61590284,-0.049765795,-0.12239984,-0.8880085999999999,0.07172436,0.14175992,-0.21644183,0.07415414599999999,-0.12130158,-0.12028329,-0.05538619,-0.20772627,-0.29319520000000004,0.1049759,0.054194886,-0.3985938,-0.031816617,-0.112456135,-0.28718459999999996,0.36051637,-0.39672974,0.19193110000000002,0.1466836,0.054597337,0.026522707000000003,-0.62608707,0.29239765,-0.4007987,-0.37200838,-0.121968895,-0.4184549,-0.0813658,-0.25829357,-0.11154062,0.14881359,-0.13617337,0.17753404,0.011989587,0.12561607,-0.022707267000000003,0.08213329,-0.5877123000000001,0.027093963999999998,0.04967681,0.17452314,-0.21833475,-0.010832575,0.13019533,-0.011524361,-0.54398584,0.4903304,-0.26247895,0.011583053500000001,-0.09689948,0.23652872,-0.056259945,0.26237646,-0.21029355,0.050477392999999995,0.13592078,0.027259089,0.19906071,0.28391868,0.20779958,-0.07421779,0.14852098,-0.03161863,0.09223239,0.5667823000000001,-0.22363286,0.1698572,0.24363479999999998,-0.017276078,0.30095512,0.40139925,0.1345529,-0.07101025400000001,0.18760407,0.11926521,-0.2716342,-0.011919533000000001,0.058006637,-0.259218,-0.4031267,0.49447409999999997,0.6179387,-0.26450026,-0.35960937,0.12575473,-0.13263294,-0.12336949,-0.051356748,-0.047081903,-0.0084403185,0.58205086,-0.17846885,0.09439797,0.28883955,-0.27061862,-0.2655019,-0.13558523,0.319651,0.10038418,0.41290307,-0.12811859,0.44759354,0.02100486,0.09747073,0.044883855,0.16419551,0.045052964,0.047540325999999994,0.026211942000000002,0.16122687,0.37908283,0.56622815,0.3357668,0.221689,0.25527266,0.09606389,0.49156943,0.5208588,0.4130496,0.3697008,-0.037691083,-0.019104363,0.17402077,0.20980842,0.05425192400000001,0.33548898,-0.063659705,0.9454473,0.30803907,0.31759545,0.48650128,-0.6354218,-0.17430204,0.07214758,0.1567589,-0.35490152,-0.2027866,-0.18939053,-0.28313902,0.24247651,-0.04298027,-0.07674247,-0.21634482,0.40428984,-0.19510253,-0.29110906,0.025429802,0.08379149,-0.15325841,0.046246905,-0.40528569999999997,-0.14187533,-0.43480697,-0.4016185,-0.071235456,0.023754485,0.035539802,-0.34068894,-0.05811726,-0.14679442,0.20098057,-0.07277846,0.061502364000000004,-0.41081998,0.39517653,-0.003305652,0.59468013,0.21056108,0.27357244,-0.35303184,-0.054214753,0.10868566,0.29933065,0.2076939,0.08344285,0.40622613,-0.48803142,-0.011864496,0.17309594,0.44531909999999997,-0.7023222,0.23640078,-0.17225344,0.14512776,0.02501503,0.27391917,-0.061165813,-0.12104989,-0.47272256,-0.4314722,0.112748004,-0.21593538,-0.02543952,0.27611595,0.10946653,0.57637244,-0.11572092,0.11234446599999999,0.21056832,0.28658623,0.09666945,0.14288011,-0.19003145,-0.2571168,-0.33211106,-0.1429865,-0.19900699,-0.07099163,0.060222372,0.26094429999999996,-0.082493156,0.26628359999999995,0.48959824,-0.16855803,-0.23900263,-0.31054747,-0.116183676,-0.29622355,-0.06961343,-0.039605863,0.12995781,-0.07358091,0.05432724,-0.041056797,-0.13605751,-0.42865655,0.06959719,-0.21740767
88,8,-0.028658675,-0.0950658,0.24415820000000002,0.28733432,0.15616925,-0.47273415,-0.23361379999999998,0.73722154,0.020235578,-0.3684825,0.57874733,-0.37166685,-0.030507187999999998,0.5091810999999999,-0.15986867,0.32286033,-0.3633656,-0.023772651000000002,-0.034534454,0.36016428,0.010246989,-0.06697418,-0.032867115,0.6235173,0.33307207,-0.18883802,0.06871412,0.07602807,-0.11603267,-0.16415405,0.5734100000000001,-0.08946396,-0.3442337,-0.26164442,0.20898497,0.14528304,-0.36152518,-0.14066339,-0.08391493,0.010799586000000002,-0.8734126,-0.039671745,0.12467821,0.16222031,-0.29840174,-0.27763015,0.28829467,-0.3219821,-0.08150099,-0.042384278,-0.61597586,-0.020284303,-0.36137527,-0.14388359,0.09153433,0.58057284,-0.10239136,-0.56657475,-0.6583412,0.029782102,0.12543893,-0.2223821,-0.47226965,-0.47622725,0.16396207,-0.11561923,0.19373384,0.4007636,-0.82631457,-0.19990061,-0.38682505,-0.48264209999999996,-0.26501313,0.45549113,-0.20625858,0.14905418,-0.22505920000000001,-0.10444277,-0.017191745,-0.118756495,-0.40372738,0.59598446,-0.31550696,0.37433708,0.12489851,0.41831866,-0.22056122,0.23738053,-0.3494776,0.8861648999999999,0.39332035,-0.43139859999999997,0.19432299,-0.23834632,0.10174003,0.049955867,0.48220593,0.2420524,-0.15815365,0.8116408,0.27806628,-0.39991653,0.044460874000000004,-0.4098054,0.49743977,-0.34541392,0.20806225,0.36829802,0.10880654,0.113195434,-0.03752577,-0.19052460000000002,-0.05999945,-0.12023886,-0.18904965,-0.11623421,0.10920305,-0.05887669,0.08384303,0.078348435,0.05429507,-0.099794544,0.16904888,1.080671,0.22871912,-0.069032356,-0.3886975,0.25832742,-0.16684672,-0.39653137,0.007922129,0.5083715,0.36609265,-0.73233914,-0.28250062,0.009104714,0.081176296,-0.007232983,-0.47810218,-0.13387179999999999,-0.0780971,-0.14953329999999998,0.43290365,0.11710139,0.05683557,0.33209890000000003,-0.10156505,-0.29100567,-0.08033198,0.11026646,0.0035774799,0.15783675,-0.12051642,-0.33379203,0.02381419,-0.23495010000000002,-0.43057036,0.19089165,0.0073612346,0.09303982599999999,0.47037205,-0.33645195,-0.093289144,0.35117865,0.014960497,0.039212905,0.07420412,0.63668805,-0.08191463,0.27523777,-0.28454070000000004,0.025726985,0.8058175999999999,-0.28575465,0.14573294,-0.12698075,0.08975453,0.03198211,0.23007226,0.33051490000000006,-0.6577155,0.43042132,0.11410839999999998,-0.15828763,0.113521114,-0.060302544000000007,0.24544251,-0.35659808,0.004858708,-0.171515,-0.3682716,0.13673216,-0.20709586,-0.09819541,0.16595072,-0.5794165,-0.34605268,-0.021715656,-0.29332933,-0.30235255,0.14068542,0.28582942,0.09371778,0.028465286,-0.33477277,-0.24986443,0.35804567,-0.22991847,0.08916167,0.31556877,-0.015603225,0.24681608,-0.24719825,-0.2540372,-0.107184775,-0.0009248455,-0.14603977,0.00035585415999999997,0.29712147,-0.24879427,0.10319279,-0.28703305,-0.26280463,0.34727859999999994,0.05898205,0.5345791999999999,0.17810512,-0.41185394,0.28333396,0.53041893,0.14828070000000002,-0.286968,0.8271523999999999,-0.07367749,-0.16795404,-0.033263285,-0.5066797000000001,-0.4329232,-0.05585401,0.046950016,-0.49096999999999996,0.42323557,0.11369121,0.18320008,0.43913314,0.034640867,-0.2427163,-0.378678,-0.04721942,-0.4294590999999999,-0.36377704,-0.45340917,-0.110488795,-0.57679206,-0.045846455,-0.3378463,-0.16376002,-0.11844218,-0.20032907,0.049778465,0.5292855,0.13250878,-0.18378636,0.047324165999999994,-0.40057144,-0.33676335,-0.18340021,0.33291277,0.12056405,0.13001302,0.2141437,-0.33941433,0.14163584,0.61324775,-0.12680176,-0.27722597,0.21612856,0.14213097,-0.031039765,-0.24378029,0.31695515,0.70424867,-0.04811955,-0.0023711342,-0.3092753,-0.08640492,0.33932894,0.40135375,-0.031173883,-0.5116799,-0.10250793,0.073677845,-0.61749095,-0.108949475,0.7059347,-0.10569005,0.19624506,0.16172853,0.0076668495,-0.14740893,-0.07249979,-0.18838826,0.26705733,0.49279177,-0.67651826,0.01775034,0.014697247,-0.46078393,-3.6343160000000005,-0.18479022,-0.007536133,-0.25915578,0.17288956,0.10147106,-0.055553135,-0.15074372,-0.65722054,-0.23740944,0.02198147,-0.14328043,0.15477966,0.22138579,0.36014822,0.395391,0.2761161,-0.011999857,-0.14866279,0.6244347,-0.13248794,-0.5986226,0.29755276,-0.1448934,0.39677483,0.5302986,-0.14564668,-0.10885019,-0.35670397,0.038121983,0.17833593,-0.4148693,0.11949766,0.23357931,-0.09702376,-0.20157695,-0.008099114000000001,-0.46597865,-0.02027541,-0.2737492,-0.01898625,-0.5252962,0.27157336,-0.10750178,0.88906616,-0.6974085999999999,-0.10608513,-0.040323146000000004,0.012778361,0.51818156,0.42741272,-0.11724851,-0.22874552,-0.34679514,-0.24279456,0.09796188,0.5054308,0.8902796000000001,-0.12675323,-0.25513765,0.13988417,-0.16630612,-0.5745698,0.016371842,0.010632194,-0.32574770000000003,-0.33542022,-0.13252616,0.16074124,-0.26588115,0.2302719,0.0964928,-0.47848812,-0.9466111999999999,0.049705297,-0.2657191,0.039948843,0.15254997,0.13913370000000003,-0.168373,-0.16312544,-0.5359782,-0.044933999999999995,-0.42477015,-0.18473528,-0.44417474,0.06850428,-0.33604570000000006,-0.22616428,-0.66558045,0.25289145,0.34175357,0.2735715,0.12709592,0.21934438,-0.25242642,0.29291534,-0.10740101,-0.0019814256,-0.23073442,-0.11058308,0.29777828,0.37912306,0.11144085,0.40434584,-0.10748714,-0.081039384,0.16316551,0.13648021,-0.018423585,0.5205788,-0.6073164000000001,0.56369835,-0.3041273,-0.46830988,0.08274496,0.33122897,0.6747751000000001,-0.29090658,-0.08930434,-0.12969203,0.83671904,-0.23613754,-0.5094736,-0.70432764,-0.15148017,-0.5040201,0.013343613,-0.19425318,-0.040921893,-0.12313278,-0.23570326,-0.32304478,0.27549028,-0.10748662,-0.10460285,0.08639141,-0.31438202,-0.047280922999999996,0.10051212,0.42437568,0.36149749999999997,0.08510072,-0.022669911,-0.22982332,0.2748569,-0.037983667,-0.04903031,-0.26896587,0.006107175699999999,-0.39459342,-0.6789987,-0.209275,-0.38226256,0.037097212000000004,-0.21243675,0.27412474,-0.19615237,-0.11170499,-0.6880534,0.1485648,-0.011980738999999999,0.29346433,0.46793675,0.17465207,0.79869765,0.06400002,-0.19798306,-0.26693976,-0.079254374,-0.45284462,0.014212863999999999,-0.31609738,-0.491005,-0.17302233,0.61434,0.1844789,-0.21223311,-0.1665033,0.24957688,0.06627113,-0.19843379,-0.21966618,-0.12798207,0.5309258000000001,0.24793935,0.10322362,-0.09286185,-0.027888756,0.15344772,-0.4476668,0.57236004,0.13209783,-0.13627784,-0.27195987,-0.38731778,0.35553136,-0.3800978,0.015180259,0.020960731,0.5096583,-0.34489477,0.12612481,0.2976966,-0.036983144,-0.19848365,0.055472724,0.3045339,0.08439976,0.1771017,-0.09769966,-0.57431895,-0.39977613,0.11175013,-0.31058179999999996,-0.22702195,0.15751877,-0.13665535,-0.36121097,0.28184932,-0.23742194,-0.07558307,0.08440595,0.46167967,-0.77645767,-0.413706,0.14051203,-0.05629051,-0.30637652,0.09030025,-0.05849785,-0.5734574,-0.17348932,0.22243643,-0.2002069,0.6211114000000001,0.1798481,0.08105885,0.21333668,-0.15040354,-0.4009919,0.17366363,-0.04117893,-0.5361071,0.20391747,0.12462816,0.082879975,0.5888808000000001,-0.23658466,0.41652143,0.23342085,0.23218453,0.04670394,-0.19732729999999998,0.35696864,-0.557623,-0.54341584,-0.09440685,-0.35355790000000004,-0.026649991,-0.15293546,-0.22584428,0.13777186,0.07166066,0.35779002,0.053272832,-0.22093777,0.20724478,0.35246748,-0.45554477,0.11315993,0.09923796,-0.031012451,-0.13986285,0.16509026,-0.15857589,0.038264677000000004,-0.84936905,0.32754824,-0.17223163,-0.14515522,-0.22147973,0.31537306,-0.10251404,0.24142419,-0.21736728,-0.0902686,0.18345298,0.28692399999999996,0.17274767,0.27565336,0.32293144,-0.11639456,0.2576593,-0.045359008,0.10543042400000001,0.9799743000000001,-0.48366493,0.3011452,0.25721994,-0.18989904,0.042024902999999995,0.010097989,0.36915073,-0.2375083,0.3648927,0.08376141,-0.16006879999999998,0.55153257,0.24162528,-0.22790755,-0.5208778000000001,0.6141776,0.6716217,-0.28621027,-0.36886808,0.14313784,-0.39006022,-0.23181808,0.03854183,0.08316711,0.08443253,0.39368704,-0.116384245,0.10632457,0.48094115,-0.38882256,-0.28628916,0.020519871000000002,0.38650890000000004,0.09414410000000001,0.34405315,-0.56568784,0.55396545,-0.1838601,-0.41044006,0.15784462,0.29491156,0.2908308,0.07382645,-0.10368523,-0.06312849,0.48100647,0.7646446,0.23820601,0.2793607,0.10499811,-0.008835016,0.6915972,0.5046932,0.2051117,0.361012,0.06539699,-0.13935447,0.04952730599999999,0.2707087,0.25266996,0.43129027,0.12756038,0.7852438,0.13775903,0.011635059,0.00033845325,-0.59881604,-0.02216957,-0.06455459999999999,0.28842905,-0.13390568,-0.27100024,-0.058336563,-0.3845073,0.17413487,-0.12753524,-0.15385985,-0.30262790000000006,0.5646677,0.019709505,-0.08897769,-0.13513346,0.047107518,-0.042215895,0.14174415,-0.40193495,-0.17264538,-0.1380549,-0.5205192,-0.058819100000000006,-0.05078816,0.08224485,-0.30015692,0.20852470000000004,-0.05924541,0.14842638,-0.13553146,0.20462295,-0.43359166,0.34474006,0.22434986,0.40628517,-0.102373086,0.09487956,-0.36132514,-0.053355966,0.1718354,0.21760229999999997,0.36199656,-0.08344107,0.2992236,-0.17449771,-0.042788565,0.23430502,0.46626785,-0.75525045,0.17451374,-0.3211198,0.023263846,-0.16061375,0.2695755,-0.16899104,0.36537853,-0.51182073,-0.19926372,-0.0010556023,-0.27018967,0.06865989,0.2890586,0.052876316,0.46473458,-0.392251,0.14066189999999998,0.13538155,0.39273600000000003,0.07977981,-0.15823054,-0.20726237,-0.1329358,-0.32193995,-0.07592212400000001,-0.39450207,-0.016722364,0.37975904,0.35288695,0.046448252999999995,-0.06545469,0.9267924999999999,-0.16400361,-0.17279412,-0.36713037,0.14607291,-0.50463605,-0.040152673,-0.17535989,0.13303229,-0.42089063,-0.15729305,-0.10031968,-0.046393286,-0.31463304,0.37909740000000003,-0.15624014
89,6,-0.23770761,-0.14810878,0.34548449999999997,0.14383061,0.3469659,-0.083010964,-0.14745761,0.49460772,0.08571779,-0.41853368,0.17166193,-0.22394653,0.042889245,0.16448067,-0.17532775,0.30580503,0.081167944,-0.08825209,-0.040104400000000005,0.21177129999999997,0.139695,-0.0009267000000000001,0.046836775,0.5544843,0.19755632,-0.20465331,-0.052711605999999994,-0.014316843000000001,-0.06848589,-0.15290582,0.27332515,0.034930356,-0.084452435,-0.28342557,0.12489163,0.027385721000000002,-0.13909517,0.16045648,-0.12603988,0.0721393,-0.61529994,-0.2671795,-0.16891748,-0.22560154,-0.30934337,-0.23439334,0.13690218,-0.1582804,0.19518249,-0.26632074,-0.46528703,-0.04517795,-0.12391897,-0.16795251,0.12121491,0.65019023,0.060280174000000006,-0.17338544,-0.5595682,-0.21121404,0.25684229999999997,-0.29924956,-0.027689792,-0.26681146,0.34205985,-0.0031678618,0.25489720000000005,0.38501263,-0.47282588,-0.21233983,-0.34976888,-0.047499325,-0.1571348,0.10095599999999999,-0.10934195,0.013450907,-0.06242003,0.25819978,0.0845646,0.1339767,-0.34758013,0.25428677,-0.3452461,0.23197687,0.08700773,0.26182753,0.18407063,0.09542343,-0.47117043,0.69595975,0.17435288,-0.41891685,0.11018698,-0.039719723,0.17852508,0.011175436,0.3431563,0.3105668,-0.1310895,0.55998266,0.048361987,-0.33437175,-0.21276185,-0.30532813,0.09269553,-0.3238469,0.0869334,0.13175271,-0.0144805545,0.07616413,0.022946944,-0.09140779,-0.20540088,-0.11158985,-0.028744752000000002,-0.06343213,-0.20105903,-0.17008497,0.3723823,0.37762785,0.19863763,0.042525675,0.26219088,0.69444925,0.08034973599999999,0.06638663,-0.07087088400000001,0.31412828,-0.11186775,-0.23031099,0.19206729999999997,0.19488622,0.13112618,-0.34910282,-0.060133655,-0.04677715,-0.1073393,-0.051081017,-0.35629335,0.07603103,-0.032180108,-0.15476562,0.36810729999999997,-0.024846563,-0.15828542,-0.09426535,-0.236066,-0.26145646,-0.12403194,0.24929376,-0.07010099,0.11905487,-0.052587475999999994,-0.34997916,-0.043493837,-0.062364555999999995,-0.26498207,0.20180786,-0.39061975,0.05833387,0.4329958,0.021818947,-0.15011375,0.24661432,0.24960504,-0.0014817661999999999,0.05467024400000001,0.30568346,-0.10713524,-0.035349413999999996,-0.10520227,-0.06933711,0.7827465,-0.07721937,-0.0148812095,-0.062071204000000005,0.46979642,-0.03672579,0.35219258,0.054984856,-0.56249434,0.2488507,-0.21519484,0.06463377,0.29124603,-0.017167593999999998,0.26639622,-0.16672786,0.24082324,0.17266786,-0.35645834,-0.22355698,-0.33971146,-0.16847014,0.21653575,-0.43800676,-0.10528973,0.017109575,-0.38005343,0.010672423,0.05184778599999999,0.01782526,0.23510149,0.1407981,-0.11065891,-0.12147567,0.24889603,-0.1653455,-0.021810316,0.3463932,0.028986678,0.44832584,-0.048642028,-0.18604398,0.06698783,0.07733016,0.026809314,-0.18875745,0.32219252,-0.11389185,0.20538548,-0.054581314000000006,-0.040289063,0.36275005,-0.012778358500000002,0.7084663,0.12799100000000002,-0.53926957,0.40544644,0.12509046,-0.32373422,-0.15801279999999998,0.30010146,-0.11227374,0.08819663,0.03390582,-0.22669828,-0.21137236,-0.07842072,-0.0049712774,-0.06967209,0.56111205,0.083923995,0.10275631,0.120221846,0.020520568,-0.15450907,-0.13896656,-0.13499866,-0.27421346,-0.4466012,-0.24214862,-0.119847275,-0.46210740000000006,-0.33692592,-0.37659043,-0.21674938,-0.36138535,-0.13626349,0.089953616,0.35656735,0.14921497,-0.16125228,0.12365069,-0.22612405,-0.28764609999999996,-0.12683634,0.16183281,0.19504236,0.25249997,0.034202144,-0.037573736,-0.02796745,0.46701329999999996,-0.39997017,-0.24437381,0.27313109999999996,0.022059951,-0.027028441,-0.065074,0.035956465,0.24941757,-0.18823822,0.3131199,0.11104923,-0.37457108,0.1927838,0.22474158,-0.11798361,-0.18321714,-0.10459087,0.07861815400000001,-0.39892185,-0.34220898,0.4802867,-0.061584357,0.07629152,0.121609665,0.17188102,0.096312605,-0.28468725,-0.12438493,0.32233253,0.14465679,-0.18317655,-0.016494215,-0.10325729,-0.30685359999999995,-4.5911355,-0.16644357,0.07932644,-0.32694027,0.19879520000000003,-0.012170103,0.16388616,-0.10853693,-0.37727404,-0.26101828,-0.12872444,-0.29422370000000003,0.004614957,0.13629758,0.24570163,0.35477105,0.05005571599999999,-0.022085752,0.03644951,0.59524214,-0.22143779999999996,-0.57806593,0.24614844,-0.010184802,0.23209200000000002,0.14529385,-0.36072528,-0.05894349,-0.38001755,0.026435237,0.13825829999999997,-0.12615801,-0.005205078,0.19302233,0.12666051,-0.096930124,-0.032046344,-0.5223321,-0.18175308,-0.28256258,-0.017057072,-0.5263802,-0.032219242,-0.20553882,0.68346494,-0.23341008,-0.009761177,0.08910449,0.066826105,0.42498803,0.30377220000000005,0.13659666,-0.2979717,-0.11170808,-0.20951124,-0.0023093335,0.28107163,0.5473228,-0.10949146,-0.2849246,-0.06363503,-0.10977934,-0.57807165,-0.18660020000000002,-0.105614625,-0.28953958,-0.29682970000000003,0.06637409,0.072942585,0.11587043,-0.013506893,0.2847843,-0.39608590000000005,-0.6856983,-0.086001724,-0.027931392000000003,0.13313779,-0.16818972,0.14984994,-0.009792001,-0.1443954,-0.15846474,0.25541463,-0.15129827,-0.22288018,-0.17348646,0.08551836,-0.13624404,-0.32568622,-0.35483447,0.17930414,0.26474333,0.27917632,0.034987173999999996,0.18841660000000002,0.1391397,0.43086815,-0.17751881,-0.039850414,-0.5208435,0.16520347,0.06254758,0.45862874,-0.20818749,0.048708115,0.011137971000000002,-0.35442840000000003,0.16084291,0.17187449999999999,0.15099154,0.3477395,-0.3877857,0.52049285,-0.29292932,-0.3833463,0.023479171,0.19586746,0.28496632,0.1244106,-0.25250793,-0.29450859999999995,0.3959491,-0.38795155,-0.32135559999999996,-0.61831105,-0.056325123,-0.13131613,0.23544583,-0.010657167,0.22763905,-0.21580888,-0.06371242,-0.30846754,0.26858455,-0.029429117,-0.003565917,0.11715369,-0.38202882,0.25049254,-0.04754461,0.40092257,0.33388528,0.14116159,-0.23554668,-0.16826291,0.4301920999999999,-0.0134436,0.021663971,-0.13933015,0.10930034,-0.16499044,-0.31891906,-0.17425473,-0.236985,-0.058252867,0.12147861,0.19133939,-0.31273872,-0.07924283,-0.33580172,0.42970765,0.008618284,0.18210018,0.16833135,0.092203,0.70459014,0.27429699999999996,-0.2285212,0.02335642,0.19205752,-0.275566,-0.028872663,-0.070010096,-0.21351889999999998,-0.083859265,0.42220894,0.087807834,-0.13672045,-0.21947038,0.21037334,-0.029556796,-0.024600862999999997,-0.13393888,-0.2619577,0.1657492,0.13713785,0.119212195,-0.31704712,-0.13352206,0.26608613,-0.040376823,0.47272226,-0.14567557,-0.09395018,-0.026865194,-0.021804234,0.21092664,-0.1198504,-0.061618514000000006,-0.13304016,0.20487748,-0.05335536,-0.23393956,0.1661454,0.066437975,-0.21865977,0.28287953,0.32152995,0.33755419999999997,0.0965444,-0.24697262,-0.37804624,-0.35792747,-0.10656565400000001,0.009886251,-0.38941258,0.029060906,-0.05275775,-0.32224235,0.33314764,-0.1715776,-0.003233217,-0.13313757,-0.010156545,-0.23668769,-0.10557655,0.08198628,-0.25302947,-0.24243334,-0.11485263,0.10835284,-0.6614111,0.12801562,0.08392277,-0.35428882,0.080367655,0.12876579,-0.3781132,0.33995718,-0.14201,-0.29488873,0.040403765,-0.11836986,-0.42219840000000003,0.15729846,0.25107060000000003,-0.24687457,0.24061273,-0.27545172,0.6329378000000001,0.15792009,0.10179318,0.15698342,-0.47356462,0.098418795,-0.464524,-0.4804236,0.07735407,-0.20288211,-0.36960217,-0.23211187,0.03805741,-0.09475557,-0.15498699999999999,0.20641197,0.34132776,-0.09444493,0.11096014,-0.02109099,-0.3218795,0.19390291,0.09223302,0.085399516,-0.2242993,0.2792349,-0.11434976,0.019707147,-0.21326642,0.6901384,-0.28865397,-0.17335607,-0.06372419,0.22015788,-0.022151995,0.20177819,-0.28819016,-0.1357477,0.2203571,0.04215699,0.09357435,0.26686797,0.01262925,-0.14671937,-0.026156625,-0.15949689,0.081995875,0.90036905,-0.121457025,0.15669654,-0.013362539,0.11017439999999999,-0.09118496599999999,0.38099945,0.28663720000000004,-0.35084879999999996,0.24559481,0.2568278,-0.5698158,0.20593967,0.12463417,-0.14485064,-0.29286298,0.5227909000000001,0.308207,-0.29207268,-0.43805122,-0.032999206,-0.33446681,-0.06900711,-0.012956795,0.014520149,-0.06479114,0.56861764,-0.35890365,0.12908621,0.14172418,-0.2872562,-0.06903074,-0.043843564,0.22330217,0.24085407,0.51711065,-0.47221184,0.32847372,-0.16502544,0.081313886,-0.108922645,-0.32458648,0.17128211,0.016978238,-0.05209357,0.23227824,0.48307645,0.34355786,0.46156722,0.28728384,0.21580754,-0.16033004,0.62948984,0.5066819,0.1808191,0.27232936,-0.064328626,-0.09548053,0.12011762,0.37594455,0.059453182,0.30824974,-0.013890874,0.87416404,0.34233364,0.20553501,0.29726988,-0.32430342,-0.192574,0.01237889,0.20767954,-0.2680108,-0.2624328,0.004843716,-0.039254162,0.14010648,-0.13055719999999998,-0.32754758,-0.27684388,0.38949206,-0.034226898,0.03683633,-0.025487042999999997,0.17848933,0.11355814,0.0073068607999999995,-0.44004318,-0.25052217,-0.355109,-0.49927562,-0.014059775,0.023990119,-0.19344167,-0.2600886,-0.0020803735,-0.19143736,0.040824782000000004,-0.38470477,-0.08947554,-0.26475254,0.13441308,0.18312907,0.6347848,0.15420502,0.17459027,-0.27452156,0.05591835,0.224832,0.25652322,0.27729675,-0.05780881,0.5060585999999999,-0.19436762,0.17935146,0.116746075,0.29305464,-0.46582952,0.16446939,-0.105329886,0.025699824,-0.14572537,0.14208035,-0.18034217,0.1636404,-0.491997,-0.32849208,0.010138293,0.147647,-0.08724449599999999,-0.09976108,0.13875027,0.36509645,-0.28450257,0.028110545,0.0516577,0.21475458,0.1517036,0.09807487599999999,-0.24988022,-0.28719407,-0.34663963,0.038068034,-0.042963642999999996,0.110645674,0.25230312,0.34823942,-0.19665991,0.03178639,0.45438436,-0.33705664,-0.18389013,-0.2407908,-0.20718908,-0.3302407,-0.11580898,-0.23659837,0.09233383,-0.123736866,-0.11712958,0.15593544,-0.11487151,-0.24612573,0.31757253,-0.08715657
90,1,0.015865766,0.10237656,0.3045653,0.015556573999999998,0.14454623,-0.23894283,-0.080956884,0.6673676,-0.07251592,-0.40024590000000004,0.28870982,-0.35953954,0.11520962,0.35236832,-0.016745362,0.38074034,-0.028422559,-0.03455394,0.08515576,0.24594396,0.12828654,-0.08782633,0.10103047,0.65665233,0.39106040000000003,-0.14582898,0.07397221,-0.39778438,-0.103632785,-0.19867863,0.54703516,-0.0013622242999999999,-0.12853284,-0.38644922,0.03892726,-0.0062434644999999995,-0.22595023,0.04843618,-0.19459628,-0.06143602,-0.68166757,-0.33166116,-0.020262266,-0.17817184,-0.3457478,-0.18613136,0.19356444,-0.12492078,0.26737657,-0.09469894,-0.6461745,-0.08759332,-0.30500135,-0.21159555,0.060610372999999995,0.63095415,-0.16961746,-0.31874326,-0.744275,-0.2553724,0.43188074,-0.35401234,-0.17062676,-0.37504104,0.38038573,-0.14032906,0.24921738,0.47891524,-0.55047715,-0.24347062,-0.4466380999999999,-0.20914556,-0.20162582,-0.079554364,-0.38997865,-0.07515632,-0.24113475,0.19996712,0.108024895,0.07807075,-0.16332304,0.34961873,-0.5244765,0.55440617,0.12886351,0.44817808,0.16892308,-0.056276623,-0.31571856,0.6673932,0.31023467,-0.41591632,0.08529943,0.00810564,0.38484016,-0.023903752,0.33607209999999993,0.22058946,-0.16007821,0.49227655,0.14924595,-0.39048842,0.045399315999999995,-0.47107494,0.2735776,-0.22545494,0.32696859999999994,0.058216307,0.13835809,-0.07252546,0.020502293,-0.13762754,-0.38228548,-0.115453705,-0.07774063,-0.06865759,0.06371654,-0.09586229,0.3284922,0.30818373,0.11609129,0.19019262,0.2668531,0.66627306,0.028410876,-0.03536173,-0.35453242,0.30059448,-0.24631387,-0.2359005,0.17450707,0.22087662,0.24232315,-0.56314695,-0.21043321,0.05310471,-0.03626038,0.0022569434,-0.27854338,0.103770025,0.17695095,-0.19143094,0.39778143,0.013236027,-0.07086291,0.03502716,-0.02769146,-0.29597405,-0.2329944,0.30106384,-0.01899,-0.001605511,-0.062340096,-0.28253955,0.025528713999999997,0.058848303,-0.36952573,0.10054106,-0.21236892,0.007930018,0.39193574,-0.20827416,-0.052647192,0.38595608,0.18894339999999998,-0.058125824000000006,0.11459287,0.31420287,-0.14614598,0.19651087,-0.08151516,0.021847572000000003,0.6885564999999999,-0.17850813,0.044229906,-0.14738777,0.35599306,0.111491725,0.23840244,0.16381438,-0.45046303,0.30110767,-0.18113714,-0.034805734,0.21302281,0.046623893,0.2852364,-0.33673435,0.25864983,0.21017629,-0.29602316,-0.19031282,-0.12189591,-0.28904444,0.32404658,-0.44470593,-0.12551954,0.13554353,-0.36811626,-0.054039292,0.07219096,-0.097145595,0.18899877,0.08747555,-0.23457067,-0.063213505,0.21918951,-0.06656516,-0.06237017,0.33348587,0.06740444,0.42210109999999995,-0.015232953999999998,-0.13845593,-0.06147143,0.054950487,0.006219725600000001,-0.1882716,0.2408181,-0.17336439,0.21869284,0.15621983,0.06564871,0.29886085,0.0047612437,0.66778386,0.03290584,-0.67914045,0.31356690000000004,0.22099644,-0.080366045,-0.25654006,0.36692128,-0.15639143,0.13325463,-0.13683693,-0.31447354,-0.39608926,-0.21041505,-0.0071280883,-0.018043831,0.43732485,0.007228191,0.09343714,0.33901376,0.10819560000000002,-0.19729668,-0.11368301,-0.061390099999999996,-0.18031557,-0.48677742,-0.24156283,-0.11770683,-0.44671234,-0.032825,-0.36981907,-0.20076106,-0.36253294,-0.3188647,0.0571581,0.41612345,0.13888370000000003,-0.14835514,-0.06797474,-0.10564001,-0.59446037,-0.37218920000000005,0.12422516,0.26046824,0.12562275,0.19351567,-0.08650086,0.18018603,0.49716356,-0.03883627,-0.26202372,0.0963447,0.059124086,0.13716528,-0.11061014,0.15091823,0.3624914,-0.10753344,0.19431481,0.12929137,-0.2764513,0.055732835,0.10185935,-0.28561184,-0.1507488,0.052217915999999996,-0.13950054,-0.40503713,-0.3671538,0.616406,0.09445348,0.13106835,0.10946768,0.0075526373,0.07370541,-0.24006894,-0.07699253,0.30052665,0.2102179,-0.32169962,0.06892417,-0.06205406,-0.44450742,-4.450826599999999,-0.16857979,0.13389792,-0.24697995,0.17591305,0.018974809,0.13923058,-0.11887504,-0.40798265,-0.17849995,0.021535352,-0.20124693,0.23199348,0.258318,0.30599645,0.49993065,0.2806683,-0.0038757944,0.016915796,0.6413073,-0.09271489,-0.6051404,0.15194059999999998,-0.11020136,0.33553499999999997,0.12500201,-0.24191704,-0.09443305,-0.35148853,0.02613536,0.12163130000000001,-0.106266536,-0.008817835999999999,0.14000654,0.102754965,-0.067871824,0.13080496,-0.5762876,-0.39074937,-0.49588555,0.08465508,-0.6338864000000001,-0.0108365035,-0.29357383,0.74539226,-0.28938052,0.05027958,0.05297416,0.007670016500000001,0.28280675,0.20596842,0.13061601,-0.29137444,-0.39574352,-0.2857659,-0.086136505,0.35505593,0.7221233,-0.098518945,-0.10714373,-0.010844959,-0.11080858,-0.55494744,-0.08495391,-0.047970705,-0.08137544,-0.31456408,-0.11853252,0.055432964,-0.033258817999999996,0.09987454,0.07027331,-0.48452,-0.6331258000000001,-0.14135423,-0.17013006,0.20586437,-0.12035001,0.14928038,0.0069660022999999995,-0.14446620000000002,-0.2863153,0.015463969,-0.2279315,-0.100892,-0.16006048,-0.11651841,-0.17674822,-0.3602061,-0.44583058,0.1847309,0.2466251,0.38308856,0.32084575,0.10602815,-0.13779974,0.48285950000000005,-0.16642523,-0.10329881,-0.48873590000000006,0.13720977,0.4468641,0.5656217,-0.13789725,0.20449094,-0.0423085,-0.18066485,0.08166676,0.29531452,-0.117009915,0.25893402,-0.40393284,0.46092904,-0.16376968,-0.59638834,0.001299724,0.1871415,0.29481575,-0.014502461000000001,-0.21047132,-0.1286673,0.4256725,-0.41399497,-0.17102437,-0.7509995,-0.06633215,-0.19509597,0.21634425,-0.20419484,0.031183297000000002,-0.11727762,-0.24316864,-0.07931933599999999,0.5148329,-0.19988295,0.04909564,0.13933666,-0.46343599999999996,0.07482847,-0.08730663,0.23710589999999998,0.44431186,0.26121846,-0.090395,0.06882068,0.48947865,-0.022936803999999998,-0.06756158,-0.35432535,0.16236275,-0.27284200000000003,-0.36930478,-0.34229174,-0.45504895,0.14217761,0.20870301,0.2734689,-0.20288618,0.19561255,-0.5211285,0.17870243,0.05284892,0.085902415,0.45206353,0.16887188,0.5388864000000001,0.04932445,-0.31866786,-0.08365807,0.22071108,-0.30463865,-0.04744908,-0.37769964,-0.4852215999999999,-0.06189975,0.6174868,0.061984505999999995,-0.14999998,-0.14911099,0.2987623,-0.009013086,-0.0170655,-0.3112169,-0.21039584,0.15538812,0.33659446,0.20181558,-0.19171304,-0.11380012,0.14390843,-0.19125724,0.54259646,-0.04697402,0.08048187,-0.13194674,0.07530562,0.28840459999999996,-0.3115341,-0.095749035,-0.18005320000000002,0.49025935,0.10454142,-0.1073387,0.2562407,-0.025562852999999996,-0.21638699,0.31863709999999995,0.32961679,0.03699365,0.23958829,-0.15478615,-0.33852574,-0.40611193,0.22364657,0.0036647143,-0.35344675,0.19100195,-0.021699574,-0.43077108,0.22840624,-0.3615191,-0.04855575,0.03990183,0.1615009,-0.61863244,-0.23101118,0.00583803,0.101306826,-0.24884088,-0.33500100000000005,0.13109583,-0.6473114000000001,0.10313148,0.14647537,-0.35146540000000004,0.45572070000000003,-0.016294391999999998,-0.15557894,0.29896387,-0.23460837,-0.41776922,0.06687183,-0.026447061,-0.42719070000000003,0.06505865599999999,0.15000945,-0.21973895,0.44820645,-0.30065355,0.49008209999999996,0.039926626,0.080702744,0.19405273,-0.2580781,0.28105724,-0.4016252,-0.52955675,-0.10564122,-0.3570875,-0.28078190000000003,-0.02954048,-0.12940447,-0.18317379,-0.020822473,0.25556493,0.22999011,-0.11131387,0.040850572,-0.004009868,-0.54267526,0.105651066,-0.018212995,-0.09176960599999999,-0.14408922,0.4568417,-0.16072117,0.052615773,-0.45191157,0.7217166,-0.30647832,-0.2760513,0.04391935,0.37213305,-0.08178816,0.13767953,-0.43492204,-0.15218805,0.22534436,0.024842026,0.061747298,0.28049952,-0.1385547,-0.17470285,0.018804476,-0.16996312,0.11226454,0.6691666999999999,-0.20120339999999998,0.31847823,0.15912563,0.18335286,0.10542877,0.18700702,0.32258958,-0.37382218,0.42039144,0.21900524,-0.55000913,0.2739482,0.13052396,-0.2622953,-0.5006731,0.66181386,0.4100352,-0.47925559999999995,-0.41549546,0.08981595,-0.2565168,-0.13942462,0.109345615,0.016923737,-0.13722734,0.62591225,-0.31759962,0.20578568,0.30239508,-0.27988076,-0.2432065,0.1998937,0.21199659999999998,0.06539532,0.49459228,-0.615567,0.42279744,-0.081038885,-0.09126440400000001,-0.058852695,0.05391782,0.2159839,0.13487178,0.11742452,0.18506612,0.57751757,0.4419923,0.38039032,0.37989584,0.14399137,-0.14532277,0.57485,0.36897832,0.102139525,0.29042816,0.03330861,-0.14916117,0.1314277,0.30883375,0.18447232,0.4472207,0.04745365,0.7914916999999999,0.18202546,0.0577109,0.35230035,-0.32885805,-0.23484476,-0.10905443,0.23320165,-0.30175844,-0.31161422,0.08160486,-0.25119606,0.06754771,-0.15975119,-0.33706838,-0.29483372,0.25178322,-0.10196672400000001,-0.38325149999999997,0.0045895805,0.10943686,0.26935622,-0.012853115,-0.44306386,-0.10324498,-0.17625515,-0.35545194,-0.18954615,0.027255027999999997,-0.13794833,-0.2500349,0.05477711,-0.07700053,0.09267145,-0.32634056,0.037215877,-0.3629145,0.12967862,0.095083036,0.41028532,0.033801414,0.13581038,-0.13758599999999999,-0.12490022,0.3128437,0.17060372,0.16628297,-0.11766721,0.15224639,0.16564685,0.079675384,0.11388885,0.31812525,-0.6268026999999999,0.14349498,-0.22884406,0.16116941,0.066935495,0.1526092,-0.23533149,0.48171297,-0.49518773,0.0059954063,0.07085979,0.059664264,-0.21344897,0.26063764,0.21325487,0.3086087,-0.3454707,0.11358911,-0.014609422,0.2908902,-0.07167421,0.024510583,-0.18538563,-0.2650622,-0.44451899999999994,0.04591311,-0.191422,0.16538775,0.32114348,0.22866917,-0.06527732,-0.21670823,0.74738234,-0.25763574,-0.26236153,-0.27344728,-0.28649765,-0.19694091,-0.0068598227000000005,-0.049425066,0.075441115,-0.40105188,0.101174735,0.17717405,-0.07896899,-0.27708253,0.26264486,-0.14950252
91,6,-0.07112533,-0.16176600000000002,0.3113453,0.16037787,0.28444642,-0.3972943,-0.21137983,0.74881315,-0.017360574,-0.4881858,0.26843828,-0.4090178,-0.009089606,0.28151673,-0.1791323,0.23745929999999998,0.06361979,0.011589714,0.11642059,0.34327435,0.1534033,0.0011623204,0.19176461,0.41912284,0.23685044,-0.22730169,-0.033407025,-0.088159785,-0.15662389,-0.12632066,0.3705187,0.048340876,-0.052288285999999996,-0.36292517,0.114730895,-0.05880951,-0.22741054,-0.12221958,-0.14451177,0.20033643,-0.36010367,-0.23693614,-0.012746887,-0.037354242,-0.18973234,-0.21706879,0.16344325,0.020769771,0.14193778,-0.11386212,-0.42915732,-0.10661659,-0.19491456,-0.00175442,0.056169264,0.61762285,-0.12119926,-0.28577963,-0.6261544,-0.07123605,0.18308342,-0.20600869,0.0051824623,-0.28684494,0.22976911,-0.11541835,0.28520024,0.29833043,-0.61576325,-0.36736852,-0.34381184,-0.10834451,-0.32517043,0.06981230000000001,-0.20340464,0.13798829999999998,-0.18821943,0.14456281,0.23482354,0.025701247000000003,-0.23026428,0.31691003,-0.43899405,0.39780962,0.13710196,0.40913078,0.06552265,0.035915267,-0.48755932,0.65433204,0.35237888,-0.66244733,0.18974578,-0.11406961,0.3509806,0.03290836,0.32936340000000003,0.16507219,-0.20455313,0.5693828000000001,0.24311084,-0.27729696,-0.08179993,-0.36168054,0.16521704,-0.3482406,0.26599193,0.16191591,0.2104572,0.08824168,0.27035847,-0.08153576,-0.11888205,-0.27126079999999997,-0.1660924,-0.10780129,0.080453984,-0.062614664,0.26176637,0.2811863,-0.071451105,0.11997695,0.20321214,0.71953243,0.077892765,0.045839112,-0.30355206,0.36056763,-0.12144199,-0.1745866,0.26524302,0.20942771,0.103971094,-0.5638098000000001,-0.083598174,0.06044789,-0.015023525,-0.19762668,-0.35773548,0.11899613,-0.11207223,-0.06140725,0.5563140000000001,0.26872632,-0.017926402,0.20748381,-0.13099548,-0.34944877,-0.004294974,0.10166452,-0.09042111,-0.05957648,0.13642184,-0.19818299,-0.01066432,0.03566425,-0.17210479999999997,0.16645277,-0.16713154,0.16535929,0.27709670000000003,-0.13896109,0.15877292,0.54231167,0.19208094,-0.015966421,0.12186196,0.20779544,-0.091560975,0.21803081,-0.13365765,0.040767199999999996,0.7840954000000001,-0.23748796,-0.022527862000000003,-0.122220516,0.3996015,0.12506883,0.18807897,0.13304432,-0.55732304,0.17130513,-0.021606632999999997,-0.10300316,0.34106117,0.055125814,0.18803889999999998,-0.13363202,0.18866126,0.109780155,-0.39453920000000003,-0.10339826,-0.11408671,-0.23368528,0.32215986,-0.34579957,-0.10392884,-0.0015237010000000001,-0.35876440000000004,0.07235294,0.12367695599999999,-0.10457937,0.26080433,0.2175484,-0.16222261,-0.2210613,0.082019724,-0.049267597,-0.043016627,0.2708581,0.10124428,0.37042987,0.07091562,-0.111764535,-0.063836515,-0.13282335,0.17275874,-0.19037625,0.18913463,-0.12069172,0.20383912,-0.13318145,-0.22566664,0.27866334,-0.042605332999999995,0.79524267,0.014296228999999999,-0.5420009,0.13777295,0.43868256,-0.19330195,-0.14125772,0.40281045,-0.11955112,0.086972274,0.05425672,-0.28210586,-0.36820759999999997,0.012019423000000001,-0.15746400000000002,-0.11114955,0.4148535,0.14066443,0.09010613,0.20326671,-0.08303334,-0.105597846,-0.19886458,0.069744825,-0.22397396,-0.6092038000000001,-0.40780404,-0.12213646,-0.49726444,-0.28090715,-0.3901918,-0.19751176,-0.31552815,-0.03994351,-0.029738106,0.52587765,0.20546459,-0.30886006,-0.10626017,-0.27564383,-0.42729336,-0.13150238,0.2732124,0.28656602,0.017679563,0.05005346,-0.04594956,0.17027098,0.5130024000000001,-0.13926107,-0.015351832,0.22591329999999998,0.31216052,0.08216892,-0.2562429,0.030830339,0.42191967,-0.13766584,0.1631356,-0.13880219,-0.210313,0.14119329,0.16751988,-0.17657307,-0.35553512,-0.10245767,-0.1527724,-0.40710118,-0.33238757,0.6967169,0.1555569,0.06456081,-0.010281783000000001,0.13874395,-0.03547701,-0.2136422,0.11791819,0.24948463,0.28849405,-0.1923646,-0.039520163,-0.056437697,-0.20334244,-4.5273247,0.028601342999999998,0.14847817,-0.25111565,0.11986748,-0.061590724000000006,0.05901977,-0.1209021,-0.3554811,-0.44363418,-0.08117552,-0.3245706,0.30983299999999997,0.20918551,0.3040987,0.35915047,0.071041696,0.023897767,0.03658866,0.5075208999999999,-0.19260094,-0.3639785,0.33126804,-0.17897534,0.35163933,0.29209834,-0.40427729999999995,-0.033797175,-0.26224378,0.032924800000000004,0.24700274,-0.041139994,0.10586793,0.08395513,0.16508919,-0.11138698,0.18628652,-0.5698703,-0.25912142,-0.38650548,-0.04448051,-0.43661289999999997,0.0020738507,-0.1502692,0.7735920000000001,-0.34536722,-0.023489395,-0.14867218,-0.010133885,0.44393130000000003,0.10583535599999999,-0.08307929,-0.40843806,-0.27210537,-0.27586427,-0.06134942,0.24646252,0.6504111,-0.11864853,-0.33088437,-0.20545383,-0.09930194,-0.45818228,-0.03077916,-0.06515759,-0.009195899,-0.24154279,-0.1608951,0.12199278,0.11059748400000001,0.023369482,0.39601386,-0.3499926,-0.6592597,-0.066234805,-0.056762002,0.0036578998,-0.15638728,0.16615991,-0.030051101,-0.08647968,-0.39042577,0.021208900000000003,-0.34985337,-0.17370385,-0.3205465,0.25195917,-0.4545589,-0.40270483,-0.40286964,0.18203665,0.050300717,0.27781954,0.17043689,0.24223194,-0.015783673,0.42765623,-0.21679218,0.019384816000000003,-0.35199094,0.3231341,0.2826462,0.51156586,-0.111185394,0.3026012,-0.13944028,-0.2642901,0.22477593,0.30497867,-0.025527446000000002,0.38818663,-0.5793957,0.33164442,-0.13873386,-0.54586,-0.19363551,0.39216995,0.2605929,-0.028075602,-0.3175446,-0.0074756523,0.3656977,-0.09139610000000001,-0.45154673,-0.8143158,-0.07847737,-0.15622424,0.09041323,-0.097275995,0.23040639999999998,-0.16780217,-0.16959289,-0.3006033,0.34629723,-0.040405743,0.17093,0.07782565,-0.40618533,0.23957975,0.028019477,0.111629725,0.22096923,-0.009346525,0.028366932999999997,-0.043133028,0.3562263,-0.091221474,-0.062125802,-0.2211826,0.21915951,-0.35660076,-0.35639355,-0.07913865,-0.24601796,0.25862423,0.049830556,0.32566705,-0.17992751,-0.057790387,-0.34957132,0.24210812,0.09892618,0.21615167,0.5419338,0.13721589999999997,0.39186364,0.15098237,-0.37074032,-0.08510256599999999,0.11996325,-0.37439690000000003,0.05958804,-0.29367519999999997,-0.26807982,-0.17380434,0.42982020000000004,0.04313658,-0.11118241,-0.31117672,0.3309765,0.03731165,-0.023831515,-0.11477476,-0.23701598,0.35131532,0.28687435,0.053033058,-0.273278,-0.01559934,0.27784014,-0.30178586,0.40378302,-0.11620630000000001,0.113776185,-0.13634473,-0.06133252,0.37664694,-0.21990292,0.01473674,-0.01997632,0.3219335,0.09424039,-0.24044678,0.2263337,-0.08103381,-0.2014656,0.2783813,0.120858274,0.10183905,0.18177867,-0.30006492,-0.40534025,-0.4700294,0.17910887,0.11579195,-0.47021946,0.15635206,0.012199616000000002,-0.4773259,0.23021789,-0.243856,-0.11735049,-0.036473054,-0.034012537,-0.43696257,-0.083164774,0.13019626,-0.014814316999999999,-0.40649328,-0.22058766,0.045145653,-0.7143444999999999,0.10922892,0.17065209,-0.057211846,0.41938478,0.109427966,-0.46969354,0.2585985,-0.0819129,-0.2437973,-0.0144920945,-0.0149820475,-0.50237125,0.08997963,0.18738472,-0.19128367,0.36855105,-0.38335586,0.3418791,0.039599072,-0.01783348,0.060738812999999996,-0.43719414,0.15979128,-0.5615420999999999,-0.3585811,-0.014355543,-0.40762946,-0.12568726,-0.12207122,-0.17566319,-0.17335147,-0.022003202000000003,0.3196549,0.06377087,-0.15361762,-0.018224891,-0.02094718,-0.56718516,-0.040004466,0.029047087000000003,0.11344763,-0.17417839,0.28372709999999995,-0.10502228,-0.099647865,-0.48150888,0.51896924,-0.21363379,-0.16791509,0.035443645,0.27165437,-0.08740125,0.145501,-0.18182576,-0.25669473,0.26257154,0.08773433,0.09429809,0.27826276,-0.052832473,-0.17610231,0.029374143,0.061293274,0.02891981,0.6489955,-0.36709723,0.37438119999999997,0.09160349,0.14056377,-0.042088136,0.14925471,0.2578312,-0.14624379999999998,0.36783153,0.026838203999999997,-0.42232367,0.33398116,0.2341595,-0.15261568,-0.40628284,0.61936,0.42948339999999996,-0.36960846,-0.45654017,0.09288779,-0.18797444,-0.23179899,-0.021119582,0.20433451,-0.15455091,0.6379406999999999,-0.1475132,0.0915279,0.31271785,-0.34621722,-0.1802901,-0.053320333,0.23693484,0.1858858,0.36139765,-0.3737557,0.4389234,-0.07117063,-0.09951242,-0.24304754,-0.08899533,0.1882922,0.1440596,-0.055035863,0.14405993,0.48646754,0.316998,0.48505056,0.25278297,0.11583567,-0.16852896,0.63899434,0.39125553,0.19330351,0.5682242,-0.008308066999999999,-0.10017152,-0.015941873,0.2727874,0.102202415,0.3154921,-0.05196875,0.6781576,0.3870828,-0.006747315,0.28549471,-0.34833473,-0.2205302,0.05366305,0.06422806,-0.37430295,-0.450733,-0.092039,-0.09269716,0.08672952,-0.085151136,-0.24052268,-0.34484085,0.43340963,-0.017424313,-0.18762255,-0.11532465,0.13186963,0.03889023,-0.092128105,-0.42946407,-0.10454653,-0.15186179,-0.7145651999999999,-0.036087245,-0.048563737,-0.11559151,-0.16930056,-0.050637938,-0.09410689,0.25077274,-0.26247713,-0.08413239,-0.28304878,0.28532538,0.2529878,0.29753482,0.18688217,0.22417831,-0.2885293,0.08722214,0.26667779999999996,0.23500581,0.08957296599999999,-0.12638497,0.29149327,-0.2666965,0.06253339,0.12771031,0.5453793,-0.59791553,0.17878859,-0.06075677,0.0779952,0.04596604,0.117512286,-0.29681134,0.29743814,-0.40143140000000005,-0.14605042,0.17175275,0.04171397,-0.19159637,-0.08296186,0.15570244,0.3599587,-0.30610773,0.00123239,-0.0013750806,0.33304703,0.065827735,-0.030708844,-0.30782458,-0.20975429999999998,-0.3069136,0.0726184,-0.13628611,0.1852461,0.14495288,0.13877133,-0.12926877,-0.06698561,0.64232224,-0.29032692,-0.10726628,-0.102488935,-0.32449809999999996,-0.38509968,-0.06115256,-0.15692434,0.16345482,-0.2822128,0.016949996000000002,0.07562333,-0.05253771,-0.27874494,0.22959712,-0.06524521
92,0,-0.031882834,-0.21041435,-0.09224626,-0.105068155,0.0052385083,-0.29835328,0.07490299,0.5142824,0.21781075,-0.008791997,0.05201851,-0.21538581,0.04456134,0.42050034,-0.30290252,0.45581976,-0.32313567,-0.19703259,-0.113746926,0.25081128,0.016637996000000002,-0.059511438,-0.01127168,0.27087104,0.43309486,-0.006490425,-0.17555697,-0.20239198,-0.37530363,0.025886977000000002,0.40842384,0.23512787,-0.19821723,-0.45385859999999995,-0.18568993,-0.12906379999999998,0.036360937999999995,0.009532029000000001,0.06387335,0.33032703,-0.5444462,-0.09436134,0.24668363,-0.03642748,-0.14159451,-0.24945492,0.058764566,-0.1601148,0.12704751,-0.2172476,-0.46833667,0.18608832,0.032390855,0.24392027,0.046909306,0.26504165,-0.13288543,-0.6058526999999999,-0.3036545,-0.124918155,0.33016047,0.06701359,0.058163308,-0.3511789,0.26776174,0.29543838,-0.07926864,0.25563452,-0.63724226,0.62837553,-0.36472416,0.13015173,0.012202056000000001,-0.24520683,0.28711382,0.24878289,-0.066208646,0.44359338,-0.067101665,0.10781964,-0.27936890000000003,0.15707356,-0.26048289999999996,0.09634987,0.22467344,-0.21633379,-0.037032206,-0.18171185,-0.09333159,0.40565804,-0.441367,-0.17236626,-0.24686016,0.15503569,0.39165893,-0.36968166,0.30454224,0.04338828,-0.17383295,0.39145356,0.32566646,-0.4512001,0.0009851018,-0.08141382,-0.3376032,-0.195501,0.013728306000000001,0.06588542,0.2420119,-0.11484735,0.10181743,0.050061345,0.20564076,0.068079785,-0.29185570000000005,0.45945188,0.13835013,-0.1929985,0.065192364,0.3104303,-0.5578542,0.019399134,0.14690936,0.49402517,0.06661398,0.41882485,0.24313736,0.47382832,-0.29234883,-0.34125262,0.19746062,0.22919497,0.23860889999999998,-0.35157996,-0.12597573,-0.0039431793,0.29308477,-0.14397106,-0.16962737,0.34979594,0.27782872,-0.16458905,0.111225925,-0.06469421,0.15599886,-0.109076954,-0.47715640000000004,-0.18194425,0.5114794,0.31326246,-0.120076925,0.19375214,-0.14646299,-0.32226905,-0.12273321,0.08301169,-0.31017947,0.14948303,0.379563,0.18481386,0.45539153,-0.026803711,-0.0050503085,0.21945125,0.31758666,-0.0886165,-0.04051275,-0.27608940000000004,-0.22876443,0.22253466,-0.26147133,-0.18333912,0.529662,-0.16124308,0.18890023,0.04129571,0.26730737,0.15745138,0.22383408,-0.19026695,-0.80572945,0.32800445,0.107809685,-0.37677673,0.26529095,-0.3317777,0.26366568,-0.1706376,0.016647514,0.24878566,-0.31899983,-0.36867753,0.21874857,0.067651175,0.28973937,-0.53233814,-0.18165918,-0.27531958,-0.31606606,0.1441832,0.051920198,-0.09086636,0.0498681,0.044755917,-0.1003328,0.46652913,-0.010554697,-0.111944035,-0.15779944,0.48325622,-0.50402266,0.42609397,-0.16067527,-0.21306868,0.04541257,0.16005105,0.4090252,-0.12166562,-0.11660214,-0.13462889,-0.12579383,-0.052951053,-0.33531874,0.36440802,-0.04658038,0.82723284,-0.10495624,-0.21594000000000002,0.07795164,0.25566465,-0.20839469,-0.028211081000000002,0.41688555,-0.07980044,0.23402643,-0.09640774,-0.22254308,-0.16438018,-0.004567000999999999,-0.06678492,-0.077224925,0.4320563,0.038192388,0.22872510000000001,0.022826469,-0.039967306,-0.10316156,0.12634398,-0.32204822,-0.20669091,-0.5619906,-0.1487943,-0.13292587,-0.49443525,-0.16964991,-0.17869751,-0.32909566,0.11113691,0.007454893000000001,0.03706765,0.30790183,0.36564276,-0.02248491,0.24293283,-0.5730609,-0.0020625382,0.079277895,0.07493589,0.32029843,0.16161720000000002,-0.16369016,-0.12288817,0.19378784,0.25266778,-0.24916588,-0.08173459,0.13192143,0.17700376,0.05146574,0.08814198,0.47329099999999996,0.6787741,-0.09159063,0.06682358,-0.1955003,-0.34799972,0.34772444,0.18142183,-0.053360134000000004,-0.35177179999999997,0.23833110000000002,0.11428077,-0.18063906,-0.15252812,0.3062708,-0.17939627,0.31222707,0.28807116,0.034281485,0.05922308,0.039828967,-0.06935351,-0.31767790000000007,0.032698654,-0.1224318,0.18618609,-0.070120275,-0.65274477,-4.00671,-0.2853,-0.022255282999999997,-0.36053282,0.4094031,-0.024830477000000004,-0.1794615,-0.10080767,-0.59065366,-0.07188660000000001,-0.27899304,-0.26464525,0.36201838,0.07298026,0.22836079999999997,-0.06595514,0.09126299,-0.27647707,-0.14044489,0.5202779000000001,-0.26764435,0.009180031,-0.0067100245999999995,-0.024551786000000003,0.19399620000000004,0.5832162,-0.44966419999999996,0.19676247,-0.31663015,-0.06826196,-0.11372738,-0.15482324,0.06517742,0.39577666,-0.37844914,0.002000906,-0.12567256,0.024890812000000002,0.0978175,-0.03266794,-0.18985976,-0.11106187,0.1868453,-0.13432534,0.84423405,-0.4115379,-0.1577116,-0.39875284,-0.14449115,-0.16446556,0.07614242,-0.06805903,0.16357164,-0.11424439,0.21669486,-0.017638221000000003,0.13973457,0.36772943,-0.03076646,-0.3644455,0.18802261,-0.35363945,-0.14583695,-0.21169713,-0.12360752400000001,-0.40535274,-0.31426364,-0.045465282999999995,0.28602123,0.09533995,0.07400329,0.5986651,-0.21942861,-1.0197872,-0.20044705,-0.0830255,-0.15073803,0.053317312,0.30141997,-0.18393303,-0.44539666,-0.12615748,-0.056879572999999996,-0.05031151,-0.14027627,-0.19477303,0.11170313,-0.17596425,-0.004746605,-0.2547302,-0.049751118,0.19642054,0.0010843425999999998,0.124622725,0.031340227000000005,0.25219923,0.2518442,-0.19430141,0.29016113,-0.057380494000000004,0.70508415,0.03377641,0.43716937,0.0029614428,-0.05906739,0.30577904,-0.30936020000000003,0.27705798,0.026303522000000003,0.058265418,0.17637652,-0.48095283,-0.003315717,-0.32809764,-0.33323896,0.11509755,-0.16537869,0.19467391,-0.036104362,0.03918168,-0.3434026,0.51984036,-0.048393282999999995,-0.5237248,-0.2936225,-0.08904215,-0.17695129,0.11958855,0.012470263,-0.02596325,-0.15914427,0.049218044,0.105419934,0.19071004,0.050861638,-0.25631750000000003,-0.25897032,-0.35119516,0.041423667000000004,0.22735913,0.20099013,0.18970953,-0.08683631,0.39526877,0.27115157,0.30906227,-0.058751385999999996,-0.12101959,-0.14415807,0.03486021,-0.14571801,-0.41428906,0.05587802,-0.24909207,0.2609968,-0.103306316,0.48316973,-0.21890116,-0.39592183,0.16165176,0.19467688,-0.048381783,0.21640298,0.2749656,-0.19540519,0.032307933999999996,-0.11256903,-0.10841741,-0.29514784,-0.19654077,-0.42833495,0.09107858,0.03786298,0.16260393,0.015196597,0.18186845,0.046541482,-0.0053387214,-0.014287165,0.24641845,-0.053040013,0.1242619,-0.22311556,0.11401863,0.5803975,0.1994749,0.32396182,-0.010402457,0.0117922425,0.22716412,-0.19690463,0.058055244000000006,-0.22010554,-0.047959547000000005,-0.46305186,-0.20859164,0.22572187,-0.6220746,0.14568059,0.30331620000000004,0.22557449999999998,0.20387597,-0.19282539999999998,0.28005290000000005,0.092408255,-0.07412474,-0.014010274,0.0054691485,-0.027998185,0.117417455,-0.20394205,-0.20780611,-0.1367441,-0.3650197,0.11052551,-0.296367,-0.05379819,-0.13057701,0.021117771,0.19984356,-0.28962344,-0.38584828,0.020603627,-0.12566449999999998,-0.40397972,0.037628528,-0.09450123,-0.08802026,-0.39910966,-0.0226994,0.16965693,-0.56420135,0.5598781,0.13977735,-0.12853189,-0.23604533,-0.33842343,0.14472577,-0.10299551,-0.042900506,0.20610170000000003,-0.09258510000000002,0.09449261,-0.3656693,0.24822655,-0.3068681,0.10898808,0.28620088,-0.05945137,0.44265312,0.16000807,-0.04935273,-0.4573747,-0.5195101,0.21498963,-0.21058217,-0.28583569999999997,-0.099158235,-0.25252820000000004,-0.039574035,-0.21633196,-0.029159117000000002,-0.06132022,0.16129793,0.045878347,-0.1795592,0.06017793,0.40054792,0.18304227,-0.17351893,-0.18249121,-0.036340408,0.12455438,0.35636157,-0.3360902,-0.03903208,-0.35855317,-0.16175823,-0.37107265,-0.31345009999999995,0.10584205,0.12385743,-0.30594957,-0.057983957,0.6037385000000001,-0.2087415,-0.3202409,-0.043606322,-0.00833638,-0.08272568,-0.08013787,0.31867558,0.09020332,0.3189157,0.0971505,0.15232936,0.6777644,0.1918572,0.095902145,0.27226618,0.0005678635,-0.12141773,-0.06627136,0.41054365,-0.28673923,0.24395819,-0.04539107,-0.47972903,0.29039349999999997,0.36468354,-0.09720973,-0.40185809999999994,0.16985725,0.40515918,0.21085483,-0.5325591,0.18880065,-0.3381131,-0.32409564,0.024793767999999997,0.08914492,-0.14260086,0.2711865,0.014565285,0.017427707,0.39875776,-0.28923512,-0.30915412,0.064073175,0.046267852000000005,0.076647155,0.84883535,-0.2413901,0.34013116,-0.20379741,-0.049327977,0.33469699999999997,-0.085743815,0.36010987,-0.08388978,-0.3071662,0.08998844,0.29367033,0.29726523,0.13498305,-0.12138176,0.088557154,0.11084219,0.5402123000000001,0.61523426,0.154172,0.13197161,-0.24845059,-0.48946935,-0.045318168,0.124708876,0.23957154,0.13254789,-0.10518088,0.28318173,-0.14431815,-0.15495473,0.3160408,-0.44765455,-0.20725508,0.31507388,0.05597209,-0.37561873,0.04342702,-0.0849239,0.04391235,0.10542015,-0.24112946,-0.0924309,-0.40629458,0.04391998,0.15577827,0.05144116,0.08789127,0.27378714,0.22077627,-0.12236282,-0.51477474,0.007583033,0.027440324,-0.3388271,-0.11333776,0.24796349,0.22051588,-0.4714749,0.14861861,-0.25315365,0.41014695,-0.067349955,0.21584184,-0.14957789999999999,0.26864916,0.434454,0.30798218,0.17758508,0.20319833,-0.09935385,-0.08697472,0.08145312,-0.02464084,0.11959554,-0.17117582,-0.08166769,-0.39476740000000005,-0.07318935,0.21837512,0.41989425,-0.75507075,-0.16093268,-0.24421345,0.08817395,0.066966325,-0.23841378,-0.051788803,0.064727366,-0.42167848,-0.16957547,-0.096190944,0.17972207,0.023498718,0.012925231,0.023534358,0.16092394,-0.107658386,0.0083508715,0.23843302,0.3724635,0.14070610000000003,-0.4415205,0.43295282,-0.50637084,0.25044993,0.10375525,-0.2743625,-0.14633793,0.018355038,0.21066843,-0.00358334,0.14819379,-0.42557812,0.07360905,0.030790294,-0.36703628,-0.19990432,-0.45213482,-0.07848973599999999,-0.01843459,-0.15232085,-0.15949093,-0.34113756,-0.09059858,0.011091193000000001,0.032979167999999996,0.2680535,-0.14941771
93,11,-0.29529120000000003,-0.0017916117,0.41606748,-0.21987632,0.26611242,-0.23871736,-0.1281475,0.32774776,-0.060188275,-0.13519946,0.2451484,-0.15198153,0.0016784258,0.20816499,-0.12480289,0.5036909,-0.025160795,0.073065795,-0.15068455,0.11491423,0.25869548,-0.15662147,0.12656645,0.3152462,0.52278566,0.04896963,-0.016986793,0.0035936391999999997,-0.2610384,-0.04649521,0.5618472,0.15378554,0.10082994,-0.14781228,0.09023243,0.0025741444,-0.16505875,-0.18456541,-0.26563716,0.17718877,-0.6045941999999999,-0.31508562,-0.02289418,0.04306148,-0.30942935,-0.41640115,-0.09331144,-0.17381608,0.20432633,-0.098535895,-0.45240247,0.27969956,-0.12691535,-0.027322462000000002,0.07785251,0.614732,-0.11374255,-0.40139600000000003,-0.38329464,-0.61953884,0.60129666,-0.17734939,0.02738302,-0.40762118,0.007335515999999999,0.02811144,0.07594167,0.52806586,-0.72947973,-0.12509361,-0.12014827,-0.12920685,-0.22515301,0.013177771000000001,-0.13733847,0.058563534,-0.16603968,0.30315435,0.058900144,-0.20967764,-0.20580973,0.079743914,-0.21630521,0.13882707,0.17866899,-0.11460726,0.00732143,0.07166773,-0.20526363,0.6937004,0.34276167,-0.2879955,-0.03534521,0.10417555,0.16541402,-0.16199684,0.13101327,-0.10953595,-0.24986677,0.43861732,0.3295829,-0.13160835,0.056380015,-0.14977731,-0.032940835,-0.06689523,0.14997204,0.13490474,0.16435072,0.22108313,0.0035529933,-0.17761996,-0.08233505,-0.20438525,-0.14968447,-0.071371205,-0.015626823999999997,0.25536564,0.107964166,0.10110656,0.036543753,0.14671555,0.18495595,0.60198194,0.12386613,0.10012138,-0.021364294,0.36940968,-0.09753686,-0.30567834,0.11099428,0.04986401,0.16305937,-0.13303788,-0.19314337,-0.018851535,-0.12434952,-0.14815058,-0.30442703,0.02598313,0.05650696,-0.20612971,0.34774202,-0.023338273,0.11589804,0.009351073,-0.16320637,-0.25546256,-0.07482383,0.37009898,-0.11672669,0.006595569,-0.08736694,-0.2647165,-0.032204132999999996,-0.31224194,-0.17006814,0.21212964,-0.17797242,0.10191352,0.455024,0.13872491,-0.04965383599999999,0.15060167,0.1362351,-0.03486402,0.11392142,0.25388288,-0.23023242,-0.095132254,-0.06834811,-0.116416894,0.90487784,-0.14532875,0.12059848,0.16823515,0.14867385,-0.0032883876,0.37145695,0.021128627999999997,-0.45349318,-0.004638504,0.12353187,-0.054954905,0.43582705,-0.16210157,0.061137885,-0.05955159,0.36834115,0.017411081000000002,-0.49879703,-0.18056159,-0.056368142,-0.19918429999999998,0.16572358,-0.42102787,-0.047185313,-0.19273655,-0.31527457,-0.09526404,0.064608835,0.14079636,0.26376,0.0808517,-0.21748982,-0.18727109,0.16656093,-0.059635613,-0.2425203,0.14098841,-0.14184111,0.44547403,-0.056011494,-0.14058235,-0.13060111,-0.030697437,0.15754253,-0.0074644717,0.24177559,0.2881893,0.10547759400000001,0.056513917000000004,-0.40287468,0.39283559999999995,-0.27608117,0.7877215999999999,0.004493546,-0.61744386,0.22709008,0.38051740000000006,-0.2741426,-0.5031689,0.49274072,-0.18516669,-0.050125197,0.12600575,-0.43613425,-0.18505539999999998,0.10144532,0.029375589,-0.25151962,0.3660415,0.18423851,-0.015461332,0.039241847,-0.089177735,-0.14702615,-0.083230264,-0.2551729,-0.27893224,-0.5650991,-0.10471925,0.051109377000000004,-0.3908,-0.122947015,-0.4743274,-0.17255378,-0.19314773,-0.033923805,-0.010386094,0.5090551,0.071482085,0.13374937,0.15603954,-0.34218553,-0.2789123,0.08427074,0.27846822,0.35638765,0.20511426,-0.09010303,0.06083553,-0.12057198,0.6048253,-0.1785902,0.038166347999999996,0.45381033,-0.0034765727,0.01968364,0.029988045,0.18025815,0.42997828,-0.1472465,0.030209418,-0.0630582,-0.22553371,0.23851751,0.1833638,0.06817444,-0.26788595,-0.041227236,0.04499631,-0.33740625,-0.31155542,0.41939440000000006,-0.037052892000000004,0.017086187,0.18258637,0.15707555,-0.12478077,0.00034901107000000003,-0.06337001,0.24436735,0.21660405,-0.32269109999999995,0.18374836,-0.28508422,-0.24027425,-3.9623125,-0.04861896,-0.20707039999999996,-0.33349806,0.050465375,-0.08970001,-0.18686877,-0.100229986,-0.25591746,-0.08971698,-0.29231682,-0.36498556,0.14691973,0.0105485525,0.18360138,0.18557921,0.25670686,-0.09237053,-0.2409496,0.5395471,-0.12086423,-0.55032825,0.17488301,0.045713235,0.40152302,0.45203230000000005,-0.31799924,-0.11827234,-0.3844145,-0.06255028,0.08644506,-0.16950591,0.035257723,0.33423612,-0.07599267,-0.036184084,0.07680546,-0.51989174,-0.13177931,-0.22654769,0.0026095135,-0.34224337,0.01215697,-0.19317755,0.85744554,-0.21856157,-0.28267977,-0.040907934,0.07575205,0.10829962,-0.030322152999999998,0.234922,-0.25119892,-0.20389779,-0.23791453,0.054862725999999994,0.20420772,0.63989806,-0.11707097,-0.13333403,0.25331527,-0.10825437,-0.45111656,0.054380342000000005,-0.30260432,-0.42363320000000004,-0.4645059,-0.123010635,0.09198195,0.050273072,-0.18236248,0.56572676,-0.19175215,-0.5284501,-0.1408459,-0.18923299,0.07851297,0.20420958,0.27800748,-0.029224502000000003,-0.23794097,-0.5173058,0.30182270000000005,-0.38107184,-0.23968135,-0.32650018,0.012978876,-0.13884607,-0.45916536,-0.30048892,-0.026121456,0.05357234,0.27212906,0.041298787999999996,0.14241453,-0.021459686000000002,0.38242745,-0.24650428,0.12801354,-0.16577661,0.24885406,0.1022165,0.60033953,-0.371902,-0.04996242,0.16229694,-0.3503285,0.28842118,0.11568851,-0.052081257,0.39301023,-0.43554085,0.44592226,-0.12688494,-0.03151690000000001,0.14739163,0.16763572,0.20798233,0.025906533,-0.24748385,-0.10345589,0.25971183,-0.41089493,-0.5775539000000001,-0.67957574,-0.02012646,-0.12067839999999999,0.23570031,-0.04201987,0.090861976,-0.22927606,-0.30974525,-0.31602454,0.31739140000000005,0.31441316,-0.08979493,0.12137222,-0.3223503,-0.07951019,0.043770432000000005,0.24795091,0.24292968,0.022099905,-0.06421629,-0.21313158,0.28267604,0.0040985993,-0.024512017,-0.07261878,0.11950766,-0.25267038,-0.29143912,0.029514885,-0.26864767,0.18380721,0.14541535,0.40007174,-0.30325640000000004,-0.08322853,-0.36622754,0.44281709999999996,0.19258966,0.09012342,0.13536006,0.049811095,0.4635072,0.12633215,-0.08755398,0.052417327,0.07451232,-0.44380277,-0.04752478,-0.07683829,-0.37012798,0.026157146000000003,0.45861712,0.09170387,-0.1654338,0.021654800000000002,0.2879966,0.05471434,-0.10253502,0.028726185,-0.009432008,0.24382317,0.082687594,0.18963656,-0.10890924,0.03817708,0.017084012,-0.38568065,0.45166814,0.031349998,0.039605483,-0.15911339,0.058124800000000004,0.39588490000000004,-0.18077174,0.03254384,0.30757199999999996,0.21072835,-0.07623765,-0.24921942,0.04204106,0.12932837,-0.19970447,-0.110065885,0.33349138,0.081032224,0.03369534,-0.35685447,-0.3290317,-0.5863264,-0.27876338,0.18199702,-0.18642692,-0.1433619,-0.17598966,-0.20164241,0.31044087,0.047824237,-0.13358828,0.036751643,-0.06497497,-0.26378709999999994,-0.23231605,0.12288868,0.33239314,-0.23032184,0.023567172,-0.06625926,-0.79788107,-0.0009197678999999999,0.26975513,0.009743037,0.08258055,-0.14468499,-0.29191074,0.115586706,-0.094947085,-0.31026694,0.26695773,0.049734365,-0.5876384,0.13025571,-0.024258861,0.03262099,0.15923128,-0.12512045,0.47953135,0.17356783,0.060804874,0.010783241,-0.40158036,0.17964531,-0.40014195,-0.21055193,-0.19302109,-0.45273024,-0.19171266,-0.14666246,-0.09859311,-0.14755498,0.106817976,0.26632717,0.028818392999999998,0.020039832,0.15116172,0.30741397,-0.6707535,0.12173553599999999,-0.15267329999999998,-0.11352136,0.03202077,-0.033212423,0.050233886,-0.16184056,-0.34588838,0.27946267,-0.6081938,-0.21735156,-0.17184578,0.028743671000000002,-0.0056058737,0.38777557,-0.029574875,-0.32908952,0.054107755,-0.12280664,0.011235304,0.32470820000000006,0.1699692,-0.30147445,-0.00014896358,-0.112699285,0.13713776,0.8963689,-0.113571495,-0.0146652255,0.26357117,0.19593447,-0.023452077,0.2733271,0.1056016,-0.18568729,0.15193228,0.01444868,-0.31577352,-0.012647606,0.084495775,-0.16125827,-0.43430996,0.40671772,0.34941965,-0.103748076,-0.46502867,-0.18633036,-0.22738898,-0.13030986,0.042335976,-0.009426683,0.29962295,0.634799,-0.27185690000000007,-0.009932098,0.111286804,-0.10187092,-0.33784658,0.006018449,0.16689135,-0.11085941,0.44275364,-0.28681135,0.3111046,-0.19551738,0.021831581,0.07802132,-0.12523982,0.22792597,0.3058697,-0.1190593,-0.120083995,0.41368130000000003,0.31145588,0.2286487,0.1707394,0.17858025,-0.15356562,0.62567186,0.6345665,0.20424059,0.33417365,-0.06520101,-0.07512036,0.035902705,0.2753758,0.08898491,0.22640042,0.04003754,0.6889363000000001,0.12122565,0.23375027,0.30702233,-0.4040209,-0.38673997,0.008608688,0.22916615,-0.13500585,-0.06488619,0.042115793,-0.0010064864,0.22933604,-0.27901435,0.02439525,-0.027113593999999998,0.37590766,-0.003470057,0.037164517,-0.0045108176000000005,0.25147653,-0.037886642000000005,-0.06162326,-0.5252946999999999,-0.017619945,-0.25348988,-0.47639742,0.05968188,0.06935434,-0.25222072,-0.37313375,0.076531984,-0.18618739,0.14536129999999997,-0.031768933,0.039877355,-0.22357996,0.31679046,0.22103576,0.7015383000000001,0.06465904,0.21047889999999997,-0.24349351,-0.06470829,0.18451639,0.43287152,0.09576396,-0.028408427000000003,0.18945720000000002,-0.560706,-0.07497673,0.09353151,0.2718833,-0.54068214,-0.056066584,-0.13163018,-0.038952447,0.011286928,0.19108333,-0.27270624,-0.119522095,-0.44308648,-0.19080229999999998,0.09659225,-0.029472401000000002,-0.16890663,0.005542570699999999,0.09057401,-0.051573884,-0.08074769400000001,0.06876888,-0.07652132,0.37956122,0.22092044,0.25171277,0.023514242999999997,-0.4321684,0.034418203,0.0649047,-0.15634514,0.20120665,0.09299415,0.33308354,-0.18214494,-0.275275,0.52897483,0.035999246,-0.022599304,-0.26260707,-0.28675422,-0.26825604,-0.15406606,-0.02956551,0.07855017,-0.26869068,-0.057790499999999995,-0.06720987,-0.11325554,-0.12520146,0.22931913,-0.11558800000000001
94,1,-0.10604353,0.054459207,0.5484525,-0.15632823,0.10394729999999999,-0.14755489,-0.11800382,0.79539627,-0.20636177,-0.13469522,0.11381127,-0.16941206,0.073451675,0.41247505,-0.06278612,0.3676409,0.012395108,-0.07510299,-0.12522857,-0.011057573000000001,0.2136951,-0.14186442,0.19938542,0.5524368000000001,0.45846279999999995,-0.09314578,0.069342814,-0.031037867,-0.24482338,-0.16176946,0.60212994,0.13087967,-0.15881412,-0.17587812,0.16870412,-0.08883796,-0.20102446,-0.008583164,-0.3319748,0.068429224,-0.5866729,-0.3456759,-0.08332705,-0.029654827,-0.3997117,-0.29425222,0.23266251,-0.11242411,0.3394974,-0.1483901,-0.6386906,0.08032867,-0.4803727,-0.29637513,0.2472927,0.7055155,-0.23092578,-0.35129547,-0.8921363000000001,-0.16311239,0.6278252,-0.31039938,-0.10464023,-0.3944723,0.25601724,0.051911525,0.3196033,0.40444365,-0.59242284,-0.04890354,-0.35448090000000004,-0.11165458,-0.25553018,-0.03252662,-0.37182924,0.10087808,-0.25245798,0.16974638,0.06992726,-0.27263063,-0.18472177,0.2627614,-0.43189700000000003,0.45709118,0.0012895702,0.2761039,0.12841266,0.0239033,-0.41573453,0.692581,0.3131742,-0.45412126,0.0047902367,0.056230076,0.24402244,0.039619178,0.1910875,0.0074318578,-0.14302169,0.47367036,0.40137467,-0.5087287,0.035579644,-0.26203936,0.08740275,0.031345613,0.10755914,0.18546689,0.0038631824,0.23570824,0.03855682,-0.18483561,-0.35560364,-0.31653512,-0.19983335,-0.01506527,0.029042266,-0.114523135,0.26506755,0.28373522,-0.018126223,0.08257857,0.08568791,0.64315605,-0.007337175,-0.10139223,-0.09715046,0.41271424,-0.2515331,-0.17616549,0.1265766,0.19749363,0.14100705,-0.37746716,-0.3331647,0.008864162,0.11757654,-0.21922216,-0.55739087,0.059892733,0.23288748,-0.21431567,0.5024930000000001,0.060097585999999995,0.15953578,0.21000268,-0.073384404,-0.20766272,-0.1357152,0.29040632,0.007170465,-0.013126256999999999,-0.12033178,-0.16479671,-0.033201277,-0.12136952,-0.31056008,0.41342494,-0.2884909,0.124954335,0.41726172,-0.009285047,-0.0031220270000000003,0.31684795,0.28993982,0.14385574,0.05108826,0.27870527,-0.4688558,0.15723231,-0.085729524,-0.020771721,0.8518737,-0.19123779,0.0067675,-0.032628495,0.20855822,0.14753549,0.24798875,0.12267076,-0.5040532999999999,0.25963292,0.14831728,0.025873959,0.27715668,-0.060971792999999996,0.14902253,-0.22861359,0.38294882,0.040253192,-0.18013017,-0.21565047,-0.1878039,-0.32560900000000004,0.2504533,-0.6465781,0.08915549,-0.060077555,-0.39415759999999994,-0.01674147,0.094563834,0.20632488,0.30213255,0.11049243,-0.14178386,-0.25799215,0.27676094,-0.08458173,-0.16590558,0.46346899999999996,-0.13045874,0.54044884,0.03310296,-0.15751374,-0.018861696,0.1610603,0.13024831,-0.116474934,0.22129448,0.06315401,0.05846615,-0.052114207,-0.18183054,0.34905508,0.052790715999999994,0.8787433000000001,-0.030458527000000003,-0.69362885,0.22660103,0.32531809999999994,-0.21591629,-0.3877718,0.65289277,-0.0034107796000000003,0.18018536,0.03208968,-0.43470559999999997,-0.37585324,0.007299567,0.049679082,-0.07049231,0.41934073,0.0706072,0.12813851,0.2037519,-0.056265342999999995,-0.19370717,-0.10692967,-0.1668376,-0.18931906,-0.47805518,-0.39515704,0.15068787,-0.43282247,-0.16934189,-0.23279278,-0.41453007,-0.41573414,-0.1944174,0.10539384,0.46102604,0.19099171,-0.12539327,0.057776827,-0.29556268,-0.51241213,-0.11471365,0.27016999999999997,0.31746712,0.21703477,-0.07635318,-0.07334486,0.00443177,0.6828715999999999,-0.18305242,-0.081084475,0.31338418,0.124691546,0.12247007,-0.18708853,0.11209557,0.3932526,-0.16336873,0.054306682,0.10637830000000001,-0.43438253,0.099694215,0.28017923,-0.05133383,-0.33122525,-0.15605876,-0.04000572,-0.58153105,-0.37751228,0.55465055,0.04240117,0.07028483599999999,0.032566122999999995,0.17000674,-0.10247109,0.06824777,-0.011052643000000001,0.32548136,0.24596491,-0.21606986,0.20150355,-0.18516213,-0.48649043,-3.9700309999999996,-0.09393581,-0.00043540852,-0.38061383,0.26945594,-0.17321381,0.10641461599999999,-0.10231735,-0.5641078,-0.34277865,0.071834505,-0.2613992,0.18188784,0.27098936,0.36953017,0.2756579,0.16816165,-0.22875313,0.04074581,0.6939435,-0.16430174,-0.6284244999999999,0.066080555,-0.1202491,0.34164759999999994,0.35856044,-0.18061613,-0.13390854,-0.30242792,-0.05186201,0.14218484,-0.24024126,0.034464337000000005,0.06319013,0.036671244,-0.083713435,0.0519927,-0.5300889,-0.20558864,-0.39967728,0.0022624582000000002,-0.5706718000000001,-0.065145016,-0.04734929,0.93738276,-0.30391809999999997,-0.1797021,-0.22246763,0.021605482000000002,0.13908379,0.10907773,0.27585608,-0.177062,-0.46104607,-0.24151886,0.22870702,0.38221479999999997,0.718569,-0.15923816,-0.12148577,-0.10163735,-0.13005845,-0.31029487,-0.027050376,-0.24325904,-0.22180627,-0.4338222,-0.14221737,0.05234453,-0.11173228,-0.071622245,0.25974613,-0.2518183,-0.6395975,-0.15848397,-0.34348726,0.14121392,0.16958001,0.26194003,-0.0248212,-0.30922997,-0.49079737,0.048014335,-0.25275257,-0.109424226,-0.20982979999999998,0.14175813,-0.22435328,-0.2721015,-0.7865422,0.015617622,0.16268452,0.26436135,0.3356355,0.19697091,-0.22725782,0.44715273,-0.218739,0.015964506,-0.39021355,0.25216022,0.23274085,0.48011994,-0.30529094,0.06327164,0.18857065,-0.44890028,0.037053153,0.16868936,-0.07836388,0.60058045,-0.5904115,0.5446264000000001,-0.14806515,-0.37272915,-0.007871618,0.15114552,0.22836438,-0.036318507,-0.25983644,-0.0833576,0.5259869,-0.39290282,-0.3250255,-0.6567626,-0.1298323,-0.09930824,0.226456,-0.21860035,-0.109740555,-0.36450353,-0.21227467,-0.25922257,0.38255492,0.18198927,0.016376749,0.0034200929,-0.377913,0.08944289,0.12820522,0.2204768,0.39767238,0.16905573,-0.056140892000000005,-0.17338756,0.3081401,-0.091675386,0.12113553,-0.24626367,0.01803465,-0.19725777,-0.3815392,-0.12094768,-0.58006614,0.061865263,0.06846519599999999,0.42157876,-0.026634573999999998,-0.12424251,-0.47189575,0.3172359,0.25397548,0.05115573,0.30255958,0.10836805,0.6242592,0.02868481,0.07651253,0.18634951,0.08798071,-0.46044895,-0.014863636999999999,-0.062974826,-0.4139985,0.07055228,0.580762,-0.079864345,-0.22327115,-0.119181834,0.30324963,0.012060491000000001,-0.026461205,-0.13768694,-0.060930292999999996,0.3656946,0.41783625,0.025017846,-0.12920776,0.013047671,0.26780254,-0.32428697,0.4950335999999999,-0.0003325205,0.0085300375,-0.23044994,-0.26527259999999997,0.40332294,-0.5396991,-0.031733587,0.11094749999999999,0.36744615,-0.10622739999999999,-0.028097156,0.075559944,-0.06849896,-0.10836168,0.105377354,0.28641915,0.3312303,0.19247153,-0.29602915,-0.49396548,-0.5575145,0.0016689460000000001,0.061437853,-0.2897865,-0.074269295,-0.13763615,-0.34678063,0.47485873,-0.060806654,-0.199718,0.025057191,0.14122859,-0.45844522,-0.3029975,0.21249688,-0.06260449,-0.26294398,-0.17198703,-0.093255475,-0.7858566,0.18253128,0.09019942,-0.3252893,0.31936592,-0.31673409999999996,-0.23864265,0.027043888,-0.13355336,-0.5347524,0.34870166,0.08219086,-0.49844366,-0.063663706,0.13523734,-0.10802297,0.5567379,-0.23413130000000001,0.5880515000000001,0.054742344000000005,0.16176015,0.10518310000000002,-0.38499102,0.17499916,-0.45735929999999997,-0.16834538,-0.18875772,-0.41445154,-0.18084556,0.0438353,-0.2934215,-0.07222441,0.111104704,0.1900741,0.19419986,-0.06389845,0.061538644,0.1914674,-0.47222582,0.02184501,-0.12062261,0.013496301,-0.24249996,0.32832804,-0.073264614,-0.24897128,-0.49297765,0.5056688,-0.25134850000000003,-0.27783886,-0.08718205,0.22752555,-0.22052424,0.37224463,-0.22731574,-0.34547558,0.237734,-0.026690622999999997,0.01653203,0.20862624,0.14896406,-0.1843356,0.19874369,0.009169911999999999,0.08362642,0.8455975,-0.1316469,0.11813971,0.33207813,0.26073337,0.08383164,0.41987032,0.28636718,-0.33404425,0.38507134,0.17750107,-0.64418477,0.4742388,0.141316,-0.27822325,-0.53495014,0.60691226,0.40354684,-0.34683606,-0.6298698,-0.092805535,-0.37613758,-0.20352504,0.09000786,0.12743424,0.060925774,0.6514936,-0.20177239,0.054166198,0.13096762,-0.29721183,-0.2543236,0.043244585,0.14759237,-0.10957458,0.50887597,-0.48662716,0.49912903,-0.15405338,-0.006940863,-0.23443955,-0.0031666167,0.03971543,0.16968353,-0.079411775,-0.030459952000000002,0.50919807,0.38122317,0.37724227,0.24267244,-0.0128262695,0.051591396,0.7946365,0.49890100000000004,0.25743046,0.47003052,0.1289604,-0.24717356,-0.14132483,0.3846308,0.04277114,0.34531873,-0.14378698,0.68667984,0.23635565,0.21704449,0.3127822,-0.3934777,-0.19106025,0.04698489,0.21395735,-0.30239305,-0.42170662,-0.03987931,-0.15843709,0.17902902,-0.17506568,-0.23983283,-0.20102723,0.27053842,-0.24418849,-0.19347768,-0.10637684,0.13363586,0.046848035999999996,-0.005469749,-0.43904945,-0.20304453,-0.30864128,-0.55775815,-0.0075167962,0.13173306,-0.39372325,-0.43399456,0.16041979,0.03880112,0.18048593,-0.12202503,0.039813884,-0.38710153,0.3763111,0.3248197,0.5839246,0.037600715,0.16975331,-0.43356687,-0.073286474,0.29995382,0.3099382,0.1322318,-0.14745845,0.37049976,-0.29039812,0.018396655,0.30480865,0.648193,-0.68385446,0.19277737,-0.17076583,0.100237265,0.17271839,0.14381544,-0.36167732,0.28678954,-0.34435475,-0.27327070000000003,0.090619065,0.12199536,-0.12654026,0.022212997,-0.005879785,0.26929656,-0.2355361,-0.051166017,0.09923917,0.12619837,0.11059392,0.024808705,-0.078018725,-0.26999608,-0.17395479999999997,-0.13845729999999998,-0.22634883,0.29845792,0.20320275,0.14679225,-0.013570125,-0.27027929999999994,0.5868466999999999,-0.012931946000000001,-0.006665884,-0.34619612,-0.2349866,-0.24011967,-0.011682701,-0.048761327,0.088804975,-0.38796166,0.13224618,-0.022743608999999998,0.0017176906,-0.3124377,0.30024445,-0.0856057
95,11,-0.073077485,-0.035032455,0.21011053,-0.082058184,0.22340445,-0.17432863,-0.027272647,0.48856859999999996,-0.12610075,-0.28997080000000003,0.25114208,-0.27930918,0.01813043,0.20669994,0.014890084,0.5084773,0.007974285,-0.17264279999999999,-0.14937331,0.23058946,0.39293653,-0.0386524,0.19244535,0.44680464,0.39505076,-0.10516774,-0.08390863,-0.08331821,-0.2726323,-0.05541655400000001,0.47562432,0.09628967,-0.2933136,-0.13873792,0.0011945948,0.026757421,-0.1686424,-0.088380486,-0.18646406,0.15041527,-0.65258896,-0.26833487,0.14777993,0.17005736,-0.40050358,-0.26042232,0.09785735,-0.10090103,0.11583512,-0.08531553,-0.32462199999999997,0.041278623,-0.27448872,-0.30658218,-0.009493603,0.7497064999999999,-0.06186326,-0.51889265,-0.73019964,-0.20177512,0.38153884,-0.16045345,0.013021693999999999,-0.38206565,0.17712471,-0.04189251,0.11703153,0.42717785,-0.804497,0.031844262000000005,-0.18462966,0.0282249,-0.16203326,0.23103292,-0.16222745,-0.024149837,-0.19384491,0.49536309999999995,-0.041771926,-0.15281576,-0.23167582,0.2842651,-0.49542728,0.22101593,-0.026781611,0.20501551,0.1297874,0.025596293,-0.29826885,0.7553062,0.28059295,-0.72081894,0.22583403,0.047528355999999994,0.048307244000000006,-0.13432243,0.18791214,0.06688952,-0.20262818,0.45161176,0.2280279,-0.13020493,-0.031366516000000004,-0.20435382,-0.06594644,-0.12045812,0.13868977,0.21575725,-0.0120585095,0.19394341,-0.08090973,-0.068492785,-0.33199409999999996,-0.13850854,-0.17949815,-0.107376926,0.017820392,0.15087457,0.19151649,0.19642237,-0.07038536,0.077227,0.1511787,0.8180575,0.034102105,-0.13766788,-0.30475885,0.23233475,0.024260900000000002,-0.28115857,0.0018352934,0.19439036,0.0335169,-0.25176832,-0.33319253,0.21276584,-0.13153195,-0.23421282,-0.44436535,0.11628788,-0.038813163,-0.23447713,0.64988816,-0.13988096,0.0039486103000000005,0.06831589,-0.15097561,-0.23065901,-0.18870135,0.33130616,-0.06636069,-0.06134147,0.037259743,-0.09351788,-0.06354122,-0.19298987,-0.44720253,0.06316563,-0.24211273,0.117837325,0.43979636,0.04515269400000001,0.17604384,0.28320159999999994,0.2637645,0.14567722,0.11992663,0.16363633,-0.2624219,0.037196647,-0.11643384,0.107543446,0.87363124,-0.18534148,0.26770487,0.036468834,0.21463583,-0.10297257,0.07859631,0.20836668,-0.492435,0.1704969,-0.009626728499999999,0.042480234000000006,0.47735447,0.020536447,0.036034066000000003,-0.113064595,0.27725276,-0.06871493,-0.34929907,-0.27910888,-0.16083154,-0.05150296,0.16654465,-0.66018903,0.078811534,0.06593797,-0.31548217,0.052703172,0.24175918,0.029152768,0.13138010000000003,0.020974297000000003,-0.16992907,-0.22144754,0.23211834,-0.09676004,-0.115577586,0.3677265,-0.23429668,0.5264984,-0.17081024,0.10679375,0.11890969400000001,0.019858342,-0.06537254,-0.18094051,0.034971353,0.04829132,0.104107045,0.12408285,-0.25127143,0.36085197,-0.12163854,0.68825865,-0.0066359723,-0.7081666,0.17286837,0.26078093,-0.05053925,-0.25654548,0.6862198,-0.16547617,0.10553121,0.09571909,-0.52691877,-0.2715427,0.05344575,-0.24954808,-0.18059514,0.48243073,0.2590061,0.23863253,0.24573958,-0.024985882999999997,-0.08093380000000001,-0.19986223,-0.20071888,-0.37246096,-0.59904325,-0.35992673,0.13893159,-0.47478572,-0.1718481,-0.33082712,-0.23163462,-0.36374578,-0.19655398,-0.10443387,0.62813777,0.22341464,-0.08766571,0.012477151,-0.14738657,-0.41337365,0.038205027999999995,0.20149334,0.34236372,0.028869322000000003,-0.009639306,-0.20664574,0.08401328,0.6550919,-0.123926565,-0.14627121,0.23449646,0.033661533,0.09922528,-0.12823679,0.11024765,0.5211594,-0.105904505,0.1913727,0.06897223,-0.30092709999999995,0.119026415,0.19602987,-0.12074249999999999,-0.29428384,-0.10837381,-0.10139408,-0.5384634,-0.32331708,0.40651435,-0.07261469,-0.016464733,0.30475605,0.06334244,-0.19505279999999997,-0.06178725,0.04754083,0.075402506,0.3431574,-0.26228055,0.2015666,-0.30925402,-0.24013415,-4.0626397,-0.10473485,0.16437285,-0.47706629999999994,0.16650487,-0.121874325,0.060692962,-0.014323738,-0.3339257,-0.22505666,0.00030681862999999997,-0.33312390000000003,0.13616489,0.14025453,0.19838436,0.26928443,0.21184726,-0.06457783,-0.18324667,0.57610816,-0.02282364,-0.48319662,0.25490308,-0.10487276,0.26192307,0.29635224,-0.24406420000000004,-0.054292373,-0.24484023,-0.18168403,0.2361064,-0.041393813,0.1321806,0.2565621,0.06611777,-0.08974027,-0.029784251,-0.3121285,-0.17321812,-0.24150404,0.04000739,-0.5775465999999999,-0.090429135,-0.2220811,0.7486151999999999,-0.1829731,-0.054494534000000004,-0.035642217999999996,0.097362086,0.1563757,0.11285213,0.031316847,-0.37198085,-0.28506997,-0.1210737,0.10082474,0.28008404,0.49511662,-0.23819502,-0.32544935,0.07703171,-0.21296127,-0.3795613,-0.013608345,0.006121495699999999,-0.28463915,-0.27396129999999996,0.12462109,0.029092082999999998,-0.020860547,-0.107688665,0.519026,-0.38042605,-0.6189246,-0.118344925,-0.14093712,0.06653233,-0.09369425,0.017141547,-0.11021001,-0.23107056,-0.11743529,0.023991609,-0.16609739,-0.23100862,-0.2364395,0.18998975,-0.25647032,-0.5165072,-0.49112386,0.15535547,0.045065115999999995,0.18958540000000002,0.27665904,0.26029694,0.0041965605,0.20046847,-0.38852376,0.1062942,-0.20072094,0.2432335,0.12863116,0.61783427,-0.07630417,0.121831685,0.052428614000000005,-0.32277740000000005,0.06679985,0.12581055,-0.10483974,0.37514770000000003,-0.31574804,0.25972715,-0.33253756,-0.21997696,-0.08870626,0.29878790000000005,0.37725640000000005,0.06297679,-0.18751663,-0.2226129,0.5067007,-0.43228433,-0.36886573,-1.0204183,-0.078034185,-0.31516832,0.21487768,-0.10581089,0.19695097,-0.04128787,-0.33049652,-0.26950753,0.4245488,0.08800091,-0.009784252,0.17001171,-0.49001595,-0.08120904,0.010447241,-0.03762938,0.28593296,0.10097868,-0.058896698,-0.1718804,0.48873642,-0.2515501,-0.011352922,-0.15457082,0.080516554,-0.18845879,-0.20017429,-0.073266804,-0.4929594,0.118424356,0.34984016,0.47399288,-0.18752576,0.03457596,-0.46122906,0.28851473,0.12396561,0.18302299,0.2754942,-0.010061691999999999,0.42024124,0.019796634,-0.08137164,0.07447985,0.014344898,-0.4489166,-0.11147466,-0.12986481,-0.44826755,-0.095314234,0.6377666999999999,0.05628439,-0.33092022,-0.20225257,0.07056356,-0.004654908,-0.004123082,0.031046135,0.2264458,0.45360854,0.25317556,0.21010093,-0.13998656,0.012091599,0.12068289,-0.18928699,0.5043025,-0.059144944000000005,-0.02184792,-0.19877425,-0.03280118,0.5514986,-0.40603694,-0.007521849000000001,0.06725329,0.25292203,-0.05974874,-0.03199269,0.17010637,0.09033461,-0.12529949999999998,0.049054827999999995,0.1640883,0.094810955,0.05877379,-0.2384431,-0.43587345,-0.3874666,-0.018139558,0.31347266,-0.37960842,-0.026941483999999998,-0.077053174,-0.35177144,0.32318124,-0.030457769,-0.14038204,0.10137579,-0.0804918,-0.28927475,-0.27488863,0.0874094,-0.10264491,-0.26342976,-0.12554201,-0.1445119,-0.8514841000000001,0.10956223,0.24497995,-0.2516285,0.25237828,-0.1759049,-0.3930888,0.21035843,-0.24465641,-0.23547620000000002,0.17784698,0.09914847,-0.5396340999999999,0.22723226,-0.009048116,-0.13703924,0.56317115,-0.34026775,0.5236847,0.2111112,0.20770103,0.08515478,-0.4612661,0.25488967,-0.28474137,-0.36768025,-0.18531501,-0.38364872,-0.11580804,-0.27089456,-0.0019962555,-0.06808074,-0.13099174,0.1610036,0.11274232,0.06273139,-0.037833057,0.21137689,-0.5625923,0.099248864,0.009519578,0.22302128,-0.07913200000000001,0.11167393,-0.033916577999999996,-0.05358424,-0.6403591,0.5116457999999999,-0.13802998,-0.2033225,-0.11822194,0.057443716,-0.18546665,0.43143445,-0.2576361,-0.18981639,0.20551021,-0.072671935,-0.075020045,0.43142596,0.16739614,-0.18992420000000002,-0.08772997,-0.041577548,0.26378757,0.72206724,-0.27296877,0.13909179,0.39263874,0.04202223,0.030777402000000002,0.32443157,0.25587952,-0.467811,0.32985198,0.18755941,-0.49488765,0.091281116,0.16734993,-0.21972083,-0.2704994,0.5945904000000001,0.48388585,-0.1599126,-0.4539072,-0.0077234344,-0.18617591,-0.055498652,0.09778906,0.21075928,0.06899682,0.6507956,-0.13822293,0.14014205,0.3333487,-0.14584704,-0.25557464,0.031070972000000002,0.2512061,0.13603754,0.35360754,-0.3618551,0.30985332,-0.25081944,0.005877633,-0.14465217,0.06882259,0.28867003,0.079421096,-0.056892596,0.23617212,0.5717111,0.36300814,0.24793261,0.19043241,0.17563383,-0.026538346,0.7029324,0.51702356,0.22398129,0.45717087,-0.16490526,-0.07266491,0.106025964,0.42621028,0.10176196,0.49190885,-0.13897089999999998,0.63805324,0.21917914,0.19104429,0.40850517,-0.5184297,-0.30155373,-0.04090151,0.04691405,-0.17196326,-0.086445935,-0.047961883,-0.08048474,0.0011225921,-0.37195095,-0.30391,-0.36984786,0.37734383,-0.02189912,-0.18577391,-0.028285747000000003,0.43839306,0.15275241,0.02108374,-0.58899665,-0.12270299999999999,-0.31969297,-0.34391838,-0.09066662,0.09718274,-0.18177421,-0.58879083,-0.09914765,-0.14193107,0.17897125,-0.08072229,0.06754169,-0.20023449,0.29722673,0.26116464,0.52924925,0.04935295,0.13215135,-0.39007413,-0.030149717000000003,0.0924767,0.3401165,0.21055835,0.027748149,0.37279332,-0.36189744,0.06929064,-0.014338641000000001,0.42507327,-0.71454084,0.1432418,-0.06332442,-0.09455939999999999,0.17311138,0.25210252,-0.2156678,0.22672553,-0.37796557,-0.36219043,0.1366027,0.036228012000000004,-0.30565518,0.034176752000000005,0.036668482999999995,0.29876453,-0.08479539999999999,0.042814292000000004,0.017812584,0.18637575,0.039447117999999996,-0.20731765,-0.22116943,-0.4377189,-0.27098130000000004,-0.027263147999999997,-0.08682519999999999,0.2974961,0.11984108,0.2896167,-0.12317151,8.963360999999999e-05,0.55273515,-0.1982276,-0.032701124,-0.20679909999999999,-0.15783234,-0.3448,-0.21116105,-0.022858117,0.08790744,-0.15600918,0.11775548,-0.17797795,-0.03881111,-0.22945057,0.17397009,-0.25846478
96,6,0.12979269999999998,-0.0027615290000000004,0.38037425,0.12661241,0.18752527,-0.31619942,0.011699095,0.5732604,-0.042771906,-0.41453648,0.20598783,-0.18814811,-0.05689239,0.22058403,-0.16081682,0.35758436,-0.11051177,-0.016348895,0.052875437000000004,0.37614438,0.026163785,-0.13750857,0.14487551,0.41231936,0.1519822,-0.042420535999999995,0.14601241,-0.3247578,-0.27813777,-0.0090257935,0.51680315,0.18010508,-0.10502449,-0.24180147,0.13422747,-0.01011293,-0.16672236,-0.01322509,-0.12316362,0.22242834,-0.49483317,-0.30109456,-0.010369154,-0.35649136,-0.20233797,-0.29523,0.20087339999999998,-0.102144174,0.17559163,-0.069249116,-0.4759425,-0.074672915,-0.2490363,-0.08928243,0.12423134599999999,0.6133354999999999,-0.067801565,-0.37974203,-0.7012811999999999,-0.09142338,0.30361658,-0.17244801,-0.15286429999999998,-0.06980768,0.25003415,0.06933577,0.19321017,0.43263364,-0.700334,-0.18614778,-0.4415441,-0.18239629999999998,-0.26367012,-0.04276017,-0.15432973,0.020873474,-0.24427474,0.24037239,0.15736566,0.0033783553999999997,-0.20248786,0.38160900000000003,-0.5279792,0.44200763,0.025671813999999998,0.27856869,0.11027749,-0.08950551,-0.3578892,0.6842497,0.30902028,-0.59895575,0.0325378,-0.14093523,0.14039189,-0.249797,0.17528942,0.21746302,-0.12746368,0.5750453000000001,0.14574020000000001,-0.22492939999999997,-0.27896458,-0.33505642,0.014954268,-0.32534018,0.11850086,0.23699789999999998,0.16131179,0.09564327,-0.022626845,-0.12070023,-0.28392259999999997,-0.23937902,-0.16041283,-0.032760452,0.022206739,-0.23634347,0.28586647,0.31075728,0.01862474,0.07840777,0.112287425,0.60968924,-0.001320741,-0.012239246,-0.40652055,0.17153211,-0.15017499,-0.31888404,0.09879298,0.09250272,0.028159612999999997,-0.5062156,-0.25033686,0.08632653,0.0024605594,-0.17938012,-0.31100005,0.14740787,0.09642619,-0.108296,0.40177402,0.021036671,0.086862385,0.054974154000000004,-0.11993789999999999,-0.30679157,-0.24911135,0.28749526,-0.010788532,-0.03129745,0.17426629999999999,-0.31745654,0.031893812,-0.03532542,-0.26713207,0.28928432,-0.20750678,0.075406276,0.29932815,-0.010940556,-0.08088855,0.45339809999999997,0.44322333,0.04280439,-0.035271995,0.14111537,-0.064876184,-0.024228602999999998,0.1186813,-0.12150157,0.8754601000000001,-0.23919111,0.097806886,-0.05285287599999999,0.35024172,0.08110360000000001,0.11261399,0.051792122,-0.46898149999999994,0.26327664,-0.1269131,-0.034490947,0.35068667,0.098926365,-0.0024254052,-0.25552379999999997,0.25697154,0.10755194,-0.43625072,-0.26257756,0.1388598,-0.1430479,0.20753787,-0.4613808,-0.07782819,0.085917726,-0.42834735,0.041073266000000004,0.044250034,-0.11536358,0.20991985,0.31768215,-0.15710261,-0.020819915,0.21738845,-0.26508212,0.029452985,0.4234518,0.12939198,0.39681157,0.09264122,0.14126629999999998,0.05068176,-0.16280355,0.09890813400000001,-0.4592593,0.27250874,-0.14202120000000001,0.112083696,-0.08919725,-0.3121323,0.20667271,-0.08170638,0.70084125,0.008324485999999999,-0.6825956,0.26435949999999997,0.24650314,-0.061725155,-0.278308,0.55880487,-0.14752527,0.2186916,0.14159888,-0.29665807,-0.30179355,-0.13613084,-0.0705656,0.037555955,0.40544683,-0.014089829,0.18070358,-0.014609235,0.1775767,0.043994013,-0.008263916,0.053137008,-0.22606522,-0.43529376,-0.40299156,0.021775614,-0.39598605,-0.3261034,-0.28960976,-0.31530994,-0.37604806,-0.20062417,0.15414184,0.33863845,0.19052032,-0.1497216,-0.05933534,-0.119349234,-0.5974025,-0.013362931000000002,0.27612802,0.17634378,-0.0073105390000000004,-0.13029183,0.019118846999999998,0.11283659,0.52482164,-0.13147487,0.06024179599999999,0.30563745,-0.037476707000000005,0.056446462999999995,-0.1407144,0.19137411,0.31913024,-0.10245898,0.13222547,-0.12842982,-0.1832581,0.09816999,0.069199026,-0.2149703,-0.21307412,-0.016549645,-0.10677075400000001,-0.41155705,-0.10984157,0.36596316,0.10047952,-0.033137348,0.05826325,-0.042363204,0.011623917,-0.3056882,-0.1486682,0.3988232,0.30124444,-0.23509371,0.083805665,-0.06623971,-0.28725016,-4.414197,-0.18092494,0.13879196,-0.32601199999999997,0.32400286,-0.058828354000000006,0.25036326,-0.20595992,-0.27270588,-0.18485843,-0.07167926,-0.17168599999999998,0.23536482,0.12293477,0.19555666,0.34840809999999994,0.14078479,-0.08067690599999999,-0.037299305,0.58342123,-0.17711218,-0.39978969999999997,0.2286104,-0.28506887,0.32665170000000004,0.31549364,-0.288315,-0.03656791,-0.33514583,0.0026559962,0.16696309,-0.07174127,0.077222325,0.011977211000000001,0.056571897,-0.16872735,0.13437909,-0.5497241999999999,-0.21367265,-0.42437753,0.042570725,-0.53043795,-0.04229514,-0.15967174,0.5852158000000001,-0.038928516,-0.012204827,0.030383458,0.107690424,0.41916057,0.16563946,0.032450527,-0.16570537,-0.338733,-0.19509627,0.08977958,0.3626043,0.581,-0.2137886,-0.16832012,-0.072157964,0.02802023,-0.44219548,-0.050391454,0.0410734,-0.16477442,-0.19758669,-0.106534004,0.06589648,0.020465197,0.009098805500000001,0.39765117,-0.340708,-0.6090791999999999,-0.0639457,0.027955607,0.16142938,-0.14109866,0.23504259,-0.03108032,-0.14664224,-0.11582384,0.046027977000000005,-0.21884859,-0.06183858,-0.15701891,0.12877224,-0.22680996,-0.32662913,-0.50018793,0.018106623999999998,0.11567323,0.40100628,0.124505304,0.37273586,-0.14801024,0.5798800999999999,-0.28186128,-0.102532834,-0.42624295,0.2250982,0.34551194,0.4315666,-0.15603033,0.1680928,0.22224495,-0.29730159999999994,0.22322963,0.20115149,0.016992679,0.27603054,-0.40067652,0.26592618,-0.2528402,-0.54728585,-0.23389523,0.34035248,0.259284,0.035476655,-0.23699135,-0.22850454,0.44718897,-0.31698605,-0.21499711,-0.9630616,-0.17404358,-0.20995562,0.04570147,-0.13084833,0.21334487,-0.119104266,-0.16357961,-0.38930494,0.20275487,0.015233076000000002,0.19821656,0.23458377,-0.3189092,0.12586963,0.0018642219,0.21537952,0.3724017,0.08551996,-0.00030223939999999996,-0.21532689,0.36531645,-0.109516636,-0.059849963,-0.0130887255,0.021813719,-0.19180752,-0.30864686,-0.0883091,-0.37509644,0.12665798,0.16295839999999998,0.23718745,-0.19219182,-0.063219965,-0.48412275,0.18171155,0.08213864,0.2910532,0.2470069,0.061396662000000005,0.6106968,0.2581944,-0.36557162,-0.073009655,-0.014802998000000001,-0.41201099999999996,0.09686660000000001,-0.19135857,-0.393944,-0.21857442,0.57207936,0.1598251,-0.23767786,-0.21909109,0.27070140000000004,-0.026433127,-0.0011453213,-0.15894683,-0.029617197999999997,0.121587366,0.050229203,0.12770368,-0.29537490000000005,-0.17018878,0.3488776,-0.10657662,0.45420808,0.09157134,-0.036523487,-0.2544996,0.08823494,0.37877026,-0.31497443,-0.08852355,0.090084866,0.38538742,0.13949572,-0.123143,0.096000776,-0.12108388,-0.12081584,0.26160726,0.09593526,-0.07273077,0.10600006599999999,-0.076036066,-0.28515851,-0.3872006,0.08474221,0.006918734,-0.44998118,0.09276146,0.053113114,-0.37285504,0.24531634,-0.05373965,-0.04194342,-0.039690137,-0.037956756,-0.53000164,0.017795319,-0.08449936,-0.029809297999999998,-0.22336617,-0.26145726,0.08575589,-0.8625021999999999,0.0023579476,0.15715985,-0.31173146,0.39140216,0.1502047,-0.119413644,0.23093954,-0.15068495,-0.2406376,0.050066743,-0.0755605,-0.43074596,0.29371506,0.06763994,-0.18975483,0.28334853,-0.26505229999999996,0.63824034,0.14701219,0.10173710000000001,0.016013536999999998,-0.41218266,0.24022055,-0.27153125,-0.43376866,0.029760765,-0.3603945,-0.12600179,-0.23868228,-0.19158274,-0.2929182,-0.04377728,0.11088457,0.26604609999999995,-0.009455915,0.03159435,0.04661858,-0.6226325,0.048017383,0.070324376,0.31164873,-0.11747108,0.46512097,-0.08755023,-0.035995267000000004,-0.36579993,0.5033217999999999,-0.40698045,-0.14990212,0.04836998,0.14092208,-0.105745174,0.24253110000000003,-0.23387899,-0.17692791,0.31769440000000004,-0.118804924,0.119943954,0.29712984,-0.1494399,0.016551802,-0.088742994,-0.12445281400000001,0.17283854,0.32828793,-0.28365959999999996,0.106366694,0.24730273,0.287618,0.007440544,0.19945012,0.460754,-0.28487796,0.2787618,-0.031586125,-0.568163,0.37351343,0.33638959999999996,-0.37974346,-0.27485496,0.6073635000000001,0.5306941999999999,-0.53133315,-0.3263176,-0.020511718,-0.39922753,-0.00872423,0.026383689,0.18093245,0.004855730999999999,0.6806754,-0.28325406,0.06064428,0.18559645,-0.23764592,-0.14063846,0.06398145,0.22557420000000003,0.14601576,0.3801231,-0.5240742,0.45988885,-0.14056751,0.0336835,-0.23734439999999998,-0.25401402,0.06628598,0.10349472,-0.13672064,0.23040678,0.56745356,0.26813442,0.41773820000000006,0.1277905,0.27344087,-0.050269734,0.6467669,0.3119908,0.07529885,0.24909152,-0.19378524,-0.10925893,0.02671364,0.29386488,0.18429872,0.35874829999999996,0.17428978,0.5693123000000001,0.21406595,0.03559161,0.26936358,-0.18294242,-0.19960432,-0.12099799,0.06178417,-0.26430085,-0.22535100000000002,0.008144428,-0.09122854,0.15824786,-0.11424014,-0.13021302,-0.3884256,0.47847638,0.17988344,-0.16757222,-0.07332694,0.12423752,0.067475215,-0.09601314,-0.35212344,-0.35536492,-0.08618992,-0.4950376,-0.009407506,0.021344911,-0.03678418,-0.25030535,0.03479299,-0.17405783,0.19628751,-0.3049642,0.08845639,-0.20767333,0.15390821,0.18264356,0.38435265,0.23702240000000002,0.15869883,-0.20409334,-0.18833181,0.13303362,0.16344842,0.10699338,0.038913578,0.29160840000000005,-0.13555599999999998,0.23980795,0.11296077,0.25956962,-0.5644561,0.14143091,-0.10209342,0.16687468,-0.02535597,0.12255887,-0.45069864,0.30946264,-0.3380666,0.0040982616999999995,0.07102343400000001,0.15032244,-0.21568504,0.12541577,0.16767627,0.1626662,-0.36236456,-0.011815581499999998,0.23394388,0.1797396,0.043408796,-0.04807178,-0.21977860000000002,-0.27829477,-0.3568079,0.106651895,-0.10405103,0.2370867,0.2895915,0.28645658,-0.05660107,-0.02084709,0.5259219,-0.34925917,-0.08829795,-0.07442444,-0.34628376,-0.43740514,-0.0988736,-0.054318685,0.05072026,-0.26414046,0.09021861,0.100533836,-0.07000347,-0.41403052,0.22434063,0.14567658
97,1,0.058555555,-0.07634517,0.37550837,0.10213832,0.25816479999999997,-0.23498163,-0.08580823,0.67487085,0.11085123,-0.41159797,0.2446355,-0.34227747,-0.09199701,0.43314013,-0.19505748,0.42721509999999996,-0.034201499999999996,0.021464637,0.19233653,0.26881087,0.09832816,-0.08137082,0.20418889999999998,0.5131947,0.50720495,-0.22900939,-0.024359677000000003,-0.23546524,-0.22468834,0.069626644,0.5026815,0.30135542,-0.37641445,-0.27720284,-0.05005146,0.048439585,-0.36523402,-0.015779907,-0.23618218,0.16726826,-0.67563915,-0.24836037,-0.119548894,-0.03168574,-0.45675692,-0.20564163,0.12120446,-0.21391754,0.21855247,-0.18718673,-0.40567535,0.13700542,-0.5148876,-0.09795692,0.2225819,0.56169635,-0.014584773999999998,-0.4667999,-0.7578744000000001,-0.26197594,0.55729663,-0.13324822,-0.13840546,-0.3108034,0.14374962,0.0038527802,0.116771,0.33652740000000003,-0.57162344,-0.1074817,-0.33153063,0.03182121,-0.20214498,0.123775735,-0.15066135,-0.018932473000000002,-0.26134497,0.18361267,0.11722865,-0.098682724,-0.17724314,0.27832955,-0.42726499999999995,0.33872893,-0.06590305,0.21937489999999998,0.23194642,0.018404983,-0.27528020000000003,0.65570843,0.33270437,-0.30931973,0.09608614,0.023297485,0.07727213,-0.006808661,0.23953888,-0.08252586,-0.23847744,0.64084953,0.10484693,-0.28832358,-0.21137409,-0.37497836,-0.08745958,-0.33268383,0.24415720000000002,0.19310726,0.18372850000000002,0.05115641,-0.033384494,-0.14789882,-0.26101515,0.06321411,-0.037786882,0.06865348,0.040026456,-0.06517825,0.28842312,0.05508551,-0.1161347,0.30432415,0.22131293,0.7808447,0.11935798,0.0003642842,-0.23086429,0.19062506,-0.22187574,-0.47693673,0.05017976,0.27908805,-0.052155115,-0.6522266999999999,-0.23067749,0.21873549,-0.10683002,-0.09861547,-0.19910139999999998,0.14919847,0.3155156,-0.23149833,0.5280053000000001,-0.023005024,0.14923532,-0.029570852999999998,-0.03308086,-0.16580819,-0.25408095,0.30974653,-0.15625173,0.03219321,0.06945427,-0.18655384,-0.14535506,-0.0025022682000000003,-0.45218690000000006,0.42117625,-0.16200244,0.18001845,0.34847885,0.008065530999999999,-0.10576066,0.3582212,0.30912793,0.07653438,0.21877503,0.18262723,-0.37544248,0.21986556,-0.061207265,-0.18083291,0.65048903,-0.30521733,0.21266329999999997,-0.123770855,0.25714666,0.07833526,0.12042185,0.022427764,-0.5518765999999999,0.110202596,-0.010194917,-0.18052986,0.33383027,-0.051989495999999996,0.24449965,-0.1455269,0.24652871,-0.012835566999999999,-0.30834925,-0.26865095,0.061496645,-0.22522795,0.17486978,-0.54370034,0.2728011,-0.049723454,-0.47570473,-0.13646393,0.059534647,0.019154267,0.26049906,0.042131025,0.017325852,0.02480891,0.17606041,-0.17630687,0.026449233,0.34284046,0.13314416,0.44081336,0.13830599999999998,-0.08974703,0.06533573,-0.16594204,0.057451464,-0.22327879,0.11991098,-0.13065204,0.114963256,0.023241772999999997,-0.1447318,0.43672022,-0.06334027,0.6175894000000001,0.016293233,-0.5668021,-0.08666894,0.56531364,-0.2052571,-0.2844633,0.5702325,-0.07484638,0.23295839999999998,0.09982572,-0.3117724,-0.13876577,-0.23844573,-0.12502605,-0.25334376,0.30395359999999993,-0.005713441999999999,0.32680935,-0.042035375,-0.018706355,-0.006630453299999999,-0.21449200000000002,-0.28447983,-0.29246154,-0.5268253,-0.2979011,0.08561613,-0.30904147,-0.030015344,-0.11831397,-0.18396644,-0.4252747,-0.14329705,-0.066816874,0.48914079999999993,0.20833087,-0.20936675,-0.07028803,-0.29985413,-0.54659814,-0.17057674,0.11991676,0.3073685,0.15123875,0.07626249,0.06062763,0.052322187,0.584321,-0.078353055,-0.15325174,0.36867616,0.21816783,-0.17994508,-0.17349678,0.1954993,0.57731664,0.014987303,-0.012987992,0.19497988,-0.23108914,0.021806067000000002,0.24216852,-0.21995799,-0.12437232,0.027733997000000003,-0.116576254,-0.43709588,-0.4105197,0.3796059,0.08595627,-0.052051384000000006,0.19762908,0.06196057,-0.03253088,-0.26414394,0.048192583,0.4020384,0.25608096,-0.31710900000000003,0.22592929,-0.13601753,-0.26330215,-4.5957355,-0.102453746,0.07625733,-0.5302114,0.17870662,-0.03488361,0.09009635,-0.05345916,-0.28677818,-0.15445788,0.025538161,-0.19536105,0.22684272,0.23805448,0.37649733,0.11774335,0.14651879999999998,-0.019131783,-0.032839052,0.5011957,0.05944987400000001,-0.46962923,0.27835279999999996,-0.21663272,0.24015093,0.23745885,-0.18620643,-0.15553212,-0.31877917,-0.20085326,0.14923975,-0.09662481,-0.010124909,0.2584947,0.13061634,-0.059174407000000005,-0.012232235,-0.28202316,-0.2710411,-0.27534378,0.032294784,-0.47027674,-0.14455782,-0.07099123,0.6407183000000001,-0.00034426245999999997,0.21978112,0.14182173,0.018715927,0.21140358,0.22774777,0.20509349999999998,-0.2532441,-0.26650676,-0.16133133,0.20113175,0.2425962,0.5146412,-0.14002328,-0.37561315,-0.28102484,-0.10001762,-0.38871485,-0.039143577,-0.16292806,-0.27167264,-0.22637,-0.005384826,0.19123404,-0.19879083,-0.024088329,0.3499455,-0.2822757,-0.6336259,-0.21267894,0.04583979,0.15830548,-0.12505844,0.08585853,-0.15078232,-0.18427369,-0.17144787,-0.07543292,-0.08567527,-0.038485557000000004,-0.24924049,0.14951378,-0.15347777,-0.31447470000000005,-0.40045738,0.16159418,-0.01935746,0.31719607,0.26623228,0.3949241,-0.067726985,0.25416502,-0.063662805,-0.22224458,-0.27194120000000005,0.10120602,0.16081704,0.29021198,-0.23739693,0.07391542,0.015050163500000002,-0.36872098,0.13568738,-0.040990584,-0.21973917,0.6143404,-0.43155137,0.44414717,-0.21966371,-0.29317963,-0.06511646,0.25428775,0.18102069,-0.04818863,-0.11712911,-0.10349668599999999,0.5297489000000001,-0.62651294,-0.3084485,-0.88901794,-0.0077320263,-0.27422774,0.09337944,-0.42911807,0.13372482,-0.23706572,-0.18360797,-0.21740499,0.39113662,-0.018609133,0.014050047,0.22015949,-0.40013337,-0.06830056,-0.06192516,0.32278392,0.22348885,0.15573923,0.20530649,-0.27586526,0.32386214,-0.10814236,-0.05005593,-0.122823775,-0.08786006,-0.12906106,-0.22252063,-0.045841586,-0.26866502,0.18991669,0.25707796,0.46584216,-0.064059615,-0.0049654417999999995,-0.49989146,0.31749883,0.22040531,0.14274405,0.2967803,-0.015322183,0.573942,0.24990237,-0.28902388,-0.029852051,0.13760188,-0.28146982,-0.12537113,-0.43839487,-0.49663687,-0.071715616,0.43542475,0.062617965,-0.32679218,-0.23341236,0.21528056,0.09785995,-0.109227225,-0.045119844000000006,-0.034177423,0.37604457,0.21016352,0.024905157999999997,-0.28451365,-0.030520936000000002,0.16972420000000002,-0.19910908,0.51168346,0.01258566,-0.13860586,-0.12521076,-0.023517355,0.5422455,-0.28814948,0.002348933,-0.00094487966,0.4310673,-0.014435169,-0.062226145999999996,0.29030059999999996,-0.110791184,-0.15582888,0.025047487,0.3063531,-0.06606597,0.10471054,-0.40888256,-0.20317928,-0.38358024,0.16624655,0.29350147,-0.22554128,0.014572864,0.026017869,-0.31586087,0.31819359999999997,0.055797942,-0.28036234,0.19801947,0.02312156,-0.4308552,-0.45591727,-0.043038517000000005,-0.06597813,-0.39848942,-0.3622785,-0.030724043,-0.93547153,0.17468841,0.29663453,-0.20973003,0.21321468,0.16326529999999997,-0.13709804,0.1186984,-0.07661043,-0.35097504,0.19063732,-0.00892665,-0.2827868,-0.01312138,0.14085305,-0.09298749,0.3981888,-0.16135046,0.5657019,0.11166869,0.018598583000000002,0.05806452,-0.43187603,0.13206735,-0.31831723,-0.38310605,-0.15866493,-0.3777908,-0.2224535,-0.14581138,-0.1940578,-0.17622817,-0.022374687999999997,0.22436404,0.21083947,-0.09397708,-0.01751581,0.09836857,-0.44902380000000003,0.13353115,0.124782726,0.07098411,-0.07153566,0.30618793,0.25447157,-0.14473936,-0.37614927,0.3750125,-0.3859758,-0.06913503,-0.10817919,0.1619149,-0.20666973,-0.012184503000000001,-0.24760444,0.057040006,0.20108810000000002,-0.17473641,0.0061516087,0.36753020000000003,0.18274626,-0.20038232,-0.16401133,0.050195593,0.20040135,0.692108,-0.34941018,0.18865898,0.2978732,-0.022018883,-0.033053637000000004,0.0063679805,0.32282686,-0.2597376,0.26284537,0.23471789,-0.32663816,0.30218536,0.19861636,-0.23825932,-0.27012092,0.53923357,0.47862319999999997,-0.19981055,-0.43126297,-0.042913962,-0.23193851,-0.009416888,0.05161183,-0.058217137999999995,-0.050661355,0.6339007,-0.21483919,0.09170118,-0.005672887,-0.15815395,-0.19452623,-0.10452939999999998,0.47637647,-0.0018207751,0.31019953,-0.1659437,0.42072123,-0.15420954,0.03382709,-0.12774356,-0.037816933999999996,0.023105287999999998,0.24793442,0.19161941,0.122872785,0.5945749,0.2777731,0.37333822,0.25356606,0.30954590000000004,-0.03883599,0.64553416,0.34211338,0.24166533,0.13459876,-0.03461441,-0.053306896,-0.10124626,0.42957315,0.11922368,0.44108272,0.0061934423,0.6196633,0.2549891,0.0537015,0.52031744,-0.47852287,-0.14610371,0.04030428,-0.1144201,-0.086855225,-0.25029403,-0.15172993,-0.18623574,0.06694889999999999,-0.24405845,-0.20633098,-0.27581742,0.45967102,-0.12007609999999999,-0.07659484,-0.035055123,0.3678262,0.15624018,0.18076637,-0.6070867,0.02128806,-0.2681765,-0.6857974,-0.16459479999999999,0.0843612,-0.20984229999999998,-0.27241006,0.12235473,-0.14922544,0.09598703,-0.16953870000000001,-0.08125527,-0.21952124,0.45045143,0.10086261,0.32896632,0.17005934,0.3361352,-0.26315683,-0.086468555,0.32695359999999996,0.23034051,0.1343433,-0.12296851,0.27141052,-0.25621679999999997,0.09131173,0.07168479,0.41616708,-0.74899614,0.31924087,-0.15152702,-0.09990646,-0.05144788,0.19451939,-0.18183245,0.09744680000000001,-0.436651,-0.28552990000000006,0.011239097,-0.11436868,-0.14742145,0.07346028,0.040925555,0.42886440000000003,-0.014443588,0.07681347,0.124946915,0.05864944,0.10888030000000001,-0.13075894,-0.29036835,-0.43542737,-0.41695142,-0.156796,-0.30082694,0.29607362,0.17562886,0.21425807,0.21743992,-0.14870822,0.6505768,-0.3460862,0.015376935,-0.26471576,-0.31872365,-0.27688724,-0.23160353,0.10550922,0.07562304,-0.053066205,0.18974239,-0.24431193,-0.0027989314000000003,-0.40954366,0.33970258,-0.29606754
98,6,-0.05664865,-0.12601005,0.44686306,-0.04344258,0.37756377,-0.2441428,-0.13293001,0.5772293000000001,0.08455251,-0.42064366,0.25597796,-0.3983316,-0.12776500000000002,0.37470284,-0.22515883,0.35582137,0.01213557,0.0026475836,0.028120821,0.26685503,0.22854078,0.17514719,0.010842005,0.54323816,0.2918297,-0.12339999,0.13909109,0.0486022,0.028159427999999997,-0.06753924,0.6605263000000001,0.18488833,-0.14297524,-0.27418417,-0.061378125,0.0011023418,-0.17627734,-0.21579331,-0.20045626,0.18027051,-0.69194925,-0.3742167,-0.08165889,0.026989013,-0.26017112,-0.18035057,0.09776089,-0.11230702,0.16361384,-0.032672893,-0.39180820000000005,0.06467885,-0.33115384,-0.007994112,0.12641451,0.8099998,0.00051177246,-0.3649663,-0.7191316999999999,-0.21804392,0.17932796,-0.1523079,0.042453825,-0.28108612,0.38204756,-0.10619261,0.26127952,0.34536615,-0.5039484000000001,-0.084245905,-0.47103593,-0.05791777,-0.3449987,0.2756588,-0.15259443,-0.0072714463,-0.14232408,0.29176918,0.24163762,-0.10376052,-0.38074014,0.22873695,-0.44262594,0.4100585,0.20676157,0.12203449,-0.034854896,0.21560852,-0.44325957,0.6591378000000001,0.4404269,-0.58031154,0.19931483,-0.01700463,0.34282714,0.0541808,0.4339942,0.25230944,-0.20771599,0.6655185,0.33547288,-0.44472423,-0.03205346,-0.34799078,0.16860598,-0.31612056,0.30834118,0.21411446,-0.077538624,0.2189884,-0.059955735,-0.30089813,-0.009707094,0.07124973,-0.006446363,-0.12207917,0.10774645,0.12295627,0.3518857,0.35809654,0.13079749,0.07275129,0.16615099,0.9691755,0.17370655,0.021814543999999998,-0.4673589,0.29905143,-0.16189545,-0.29782024,0.26969406,0.28840244,0.060832802000000005,-0.6315592,-0.31690347,0.308791,-0.16833705,-0.0925512,-0.58100045,0.22486934,0.04247731,-0.24052334,0.51119876,0.14935438,0.15561895,0.15673199999999998,-0.23118109,-0.30481362,0.04156117,0.27754209999999996,-0.12216425,0.021461274,0.16025242,-0.21169683,-0.15680492,0.11498892,-0.49062219999999995,0.23617077,-0.03500459,0.034977134,0.35726523,-0.25217584,-0.23414358,0.2607281,0.097719245,-0.11289688,0.19445796,0.36736408,-0.18548353,0.27153096,-0.008432829000000001,-0.25676343,0.8077652,-0.19022374,0.11478907,-0.10752503,0.2112746,0.11101865,0.24433562,0.19922364,-0.64489967,0.22252738,0.07008809,0.030971041,0.3175015,-0.04676784,0.13012937,-0.123701,0.16758595,0.03817492,-0.2152177,-0.19346642,-0.34245148,-0.23192918,0.26521498,-0.5969121000000001,-0.028982352000000003,-0.09298560000000002,-0.6262677,-0.15920024,0.13384733,-0.012053109,0.33431408,0.19046743,-0.19266745,-0.24157968,0.1185506,-0.17963976,-0.25033388,0.26954776,0.0053492454,0.41804996,0.058367025,-0.045381483,-0.0700203,0.018795347,-0.08796524,0.007002560400000001,0.3603504,0.12198982400000001,0.12292881,-0.08881614,-0.26430840000000005,0.40669590000000005,0.08075552400000001,0.727015,-0.025951447000000002,-0.48412997,0.22594066,0.3641449,-0.15574939999999998,-0.021323746,0.6639175,-0.26399833,0.025910435,-0.016878646,-0.015749746999999998,-0.34752849999999996,-0.008505316,-0.080567576,-0.28834558,0.5069191,0.13801491,0.24028061,0.17461766,-0.24175581,-0.3446705,-0.18615621,-0.06616482,-0.32532522,-0.53320014,-0.23915309,-0.041744538,-0.47054887,-0.121919505,-0.40919358,-0.34236833,-0.35435075,-0.23494421,-0.04109622,0.3522605,0.17612612,-0.0322516,-0.11783711599999999,-0.4179111,-0.59220284,-0.20094831,0.3517344,0.2778933,0.013407086,0.12158597,-0.050542723,0.18536562,0.43111092,-0.19868392,-0.249281,0.32770947,0.26914,0.07120513,-0.07381676,0.21699537,0.5682578,-0.05780403,0.097080804,0.14108475,-0.30871516,0.16413397,0.34151970000000004,-0.1662114,-0.346537,-0.0049587283000000005,0.06467,-0.518785,-0.53227115,0.5822959,0.11127934,0.17510617,0.068060756,0.25873256,-0.32091075,-0.10727577,0.009659606999999999,0.42984912,0.32859328,-0.14836821,0.069437064,-0.046275247,-0.46778739999999996,-3.9797716,-0.036683135,0.26002714,-0.30295876,0.23909043,-0.07014830400000001,0.20140222,-0.15407915,-0.35067457,-0.07754349,-0.018337535,-0.23765628,0.19482912,0.19827226,0.39777315,0.22610869,0.043310303,-0.17327525,-0.09311799,0.3701574,-0.14132516,-0.41002604,0.26473024,-0.08883216,0.17138155,0.18604997,-0.35628843,-0.2542072,-0.15343182,0.07991693,0.22194588,-0.07914422,-0.18414499,0.13281772,0.21024774,0.010176052,0.14741546,-0.48737020000000003,-0.3714554,-0.13638349,-0.16916612,-0.4520148,0.050563473,-0.032298099999999996,0.6548656999999999,-0.4538672,0.22687523,0.057275694,0.0051553054,0.33402407,0.1322185,0.04311555,-0.40640196,-0.17165369,-0.21213761,0.07756168,0.5105626,0.6084567,0.035467055,-0.47661212,-0.1934862,-0.3014186,-0.48317054,-0.34195673,-0.17276809,-0.24121886,-0.3843241,-0.32269913,0.25338337,-0.07256082400000001,-0.095909685,0.29326147,-0.39012456,-0.6837999,-0.19650248,0.15056723,0.15508027,-0.2611033,0.3007577,-0.12573364,-0.29530270000000003,-0.27566418,-0.16111973,-0.20910905,-0.13053311,-0.28986257,0.12513655,-0.38448358,-0.3080954,-0.44751346,0.21538036,0.26291025,0.21950895,0.35249928,0.21015295,0.06481824,0.24835700000000002,-0.20480862,-0.003573481,-0.32409945,0.09490743,0.09592259,0.4944738,-0.13979071,0.18290533,0.04847307,-0.2005925,0.1827662,0.0487791,-0.14570317,0.42752764,-0.57536054,0.6842064999999999,-0.3828922,-0.46952259999999996,-0.33071858,0.32766035,0.62158704,0.11430971,-0.35109365,-0.19338994,0.56739193,-0.22329362,-0.5767428000000001,-0.722379,-0.14886655,-0.28876442,0.10774432,-0.08015206,0.24137877,-0.28522936,-0.03515066,-0.1560164,0.43834877,-0.04710289,-0.04539285,-0.17795709,-0.31231454,0.035131663,0.10769551,0.16062129,0.041498758,0.09222807,-0.16044895,-0.29370594,0.20876855,-0.28002843,0.09415025,-0.18538429999999997,0.15920232,-0.30344433,-0.1512306,-0.13373743,-0.40208668,0.24339004,0.08869763,0.48833844,-0.09172777,0.016356993,-0.49793577,0.20198674,0.21232979,0.18683223,0.38009876,-0.03341606,0.61279607,0.21937045,-0.17982377,0.0009055794,0.23004813,-0.32564017,-0.2226598,-0.1820914,-0.3539022,-0.17542762,0.6364024,0.083065785,-0.12738328,-0.4542112,0.196519,0.09990435,-0.101267286,-0.20463187,-0.30310515,0.28398058,0.27434662,0.2637434,-0.5653324000000001,0.022529133,0.17314208,-0.21655342,0.65799177,-0.0348094,-0.09772739,-0.093857996,-0.13284782,0.40578258,-0.40900716,0.023525199,-0.06458646,0.26083663,-0.02978917,-0.19504012,0.047747042,-0.06629451,-0.38184747,0.19904031,0.14387351,0.03225622,0.09366397,-0.50625724,-0.41578206,-0.4488229,-0.06425021,-0.060137823,-0.49213678,0.04718542,-0.061414246,-0.4177728,0.30106428,-0.29687348,-0.11889365,-0.051152105999999996,0.21530698,-0.46120249999999996,-0.34825587,0.30777928,-0.15093847,-0.16202785,-0.050861504,-0.0329152,-0.7812568,0.119861096,0.26131532,-0.36039463,0.33743490000000004,0.07270241,-0.48089108,-0.03195032,-0.14798474,-0.26549187,-0.02475827,-0.14106806,-0.45486364,0.18565395,0.25353402,-0.09998032,0.44860494,-0.39724740000000003,0.3101554,0.049050972000000005,0.09031146,0.038981613,-0.30369464,0.101676315,-0.33319426,-0.3760269,0.027051535,-0.32244924,-0.28497052,-0.15455723,-0.19768417,-0.13195401,-0.13420036,0.31304944,0.15587546,0.11856754,-0.018721900000000003,-0.006061932,-0.58853513,0.034279656,-0.09832751,0.25771186,-0.037082538,0.12154045,-0.06930999,-0.03388138,-0.19576849,0.5457134,-0.22852299,-0.15967558,-0.087043606,0.12796381,-0.07162337,0.15121877,-0.20713128,0.075390264,0.18827637,0.08788532,-0.090463825,0.5017692,-0.042922497000000004,-0.10011552,-0.0031463613,0.065604724,0.171578,0.6440483,-0.1243262,0.43034008,0.12257737,-0.105297364,-0.01840055,0.117738575,0.24859393,-0.15176275,0.13095418,0.142479,-0.43764395,0.3069478,0.12834376,-0.20626685,-0.27574345,0.52667516,0.37221667,-0.20973697,-0.3993218,0.043534473,-0.15500095,-0.03586105,0.013700135,0.017215373,-0.059214707000000005,0.7191014,-0.27046576,0.20589970000000002,0.28428054,-0.39174026,-0.15601802,-0.112048045,0.43510777,0.22030418,0.3965672,-0.36272383,0.43822172,-0.1619261,0.010422619000000001,-0.2839777,-0.045134142,0.13723868,0.13485503,-0.027859606000000002,0.032251313,0.51744187,0.41450435,0.32285845,0.16211842,0.36055934,-0.06207247,0.51112896,0.5876766,0.27894652,0.59062725,-0.05981736,-0.091340154,-0.031264234,0.24641016,0.22345999,0.39736813,-0.1341816,0.8061986,0.23917021,0.07130587,0.40349309999999994,-0.60422677,-0.17672467,0.2919751,0.25936729999999997,-0.39717174,-0.35486168,-0.02152259,-0.07152371,0.19292322,-0.18520208,-0.08704675,-0.4419888,0.52776545,0.08367379,-0.325654,-0.1312224,-0.017778158,-0.15821785,0.03963933,-0.5736055,-0.14027846,-0.41511017,-0.71808696,0.006274698,0.17769408,-0.20373385,-0.25590846,0.012014068999999999,0.058827013,0.19363202,-0.47237718,-0.05851162,-0.30301803,0.3926493,0.32333097,0.5776416,0.114406675,0.044918152999999995,-0.35370009999999996,-0.062155098,-0.016009178,0.2145601,0.09734517,0.07181944,0.52882886,-0.2872295,-0.07735568,0.14769706,0.5248054,-0.7392848000000001,0.031566027999999996,-0.28559867,0.09809298,0.11760452,0.098117284,-0.23086420000000002,0.33921772,-0.36365792,-0.27300608,0.13493934,-0.118033275,-0.14453039,-0.0060772104000000006,0.12852538,0.29628083,-0.29224229999999995,0.06759478,0.16434696,0.27651020000000004,-0.03239644,-0.19648767,-0.26942834,-0.17390016,-0.36732066,-0.23446631,-0.23341505,0.12368301,0.3058552,0.2411361,-0.019756101,0.019433111,0.6847196,-0.32340753,-0.1656075,-0.11881263,-0.011209729,-0.45230776,-0.11703973,-0.15185848,0.19329238,-0.12419994,-0.026336124,0.083948575,-0.14078388,-0.49301890000000004,0.27923813,0.048985086
99,0,0.12919773,-0.36110517,0.14320369,-0.18567756,0.077323034,-0.09853446,0.03032039,0.54111254,-0.025116423,0.050483778,0.12941715,-0.34059703,-0.09078861,0.34744343,-0.046031807,0.20328902,-0.11583265,-0.14871687,-0.18472533,0.011168238,0.05350649,0.06972734,0.11451462,0.2699614,0.46112868,-0.19052972,-0.28870544,-0.14588620000000002,-0.25088838,-0.012628978,0.20870439999999998,0.09755324,-0.17029637,-0.38455835,-0.13484688,-0.25415945,-0.04626629,0.04251371,-0.26386157,0.14435284,-0.72468567,-0.049661923,0.03709687,0.2736375,-0.13249372,-0.30514250000000004,-0.04182317,-0.10743394,0.068575226,-0.10395897,-0.2925081,0.21314922,-0.10214434,0.013482663999999998,0.16222566,0.3441123,-0.14079812,-0.46294048,-0.62179226,-0.17173153,0.14946948,-0.019589782,-0.052312635,-0.27733672,0.38996395,0.28614157,-0.06226187,0.5603484999999999,-0.7316173,0.39778674,-0.18596461,-0.1599089,0.020220451,-0.47474512,0.00012271802,0.049000487,-0.14506815,0.52084184,-0.26601958,0.21386947,-0.15300062,0.44179076,-0.21315019,0.26914847,0.04919575,0.03955376,-0.17108038,-0.26310527,0.026071992000000002,0.5400144,-0.36369526,-0.2926078,-0.17678091,0.026927924,0.16070642,-0.32319757,0.17571333,0.0887114,-0.23730132,0.44930786,0.07039251,-0.4284322,-0.028011084,-0.09407545,0.053401094,-0.33511620000000003,0.1329722,0.17221017,0.18087666,-0.15194412,0.11083978,-0.29696527,0.33258247,0.21249136,-0.31492287,0.40908602,0.12454394,-0.22753748,-0.06972364,0.17924687,-0.23390095,-0.011793708,0.21250074,0.6236263000000001,0.048767625999999994,0.19959688,0.07933562,0.13346317,-0.30469313,-0.5202945,0.12358502,0.31971356,0.12056617,-0.27322638,-0.11307811,0.20319815,0.22744228,-0.07997080000000001,-0.34839687,0.31721786,0.43774223,0.015392156,0.2502542,-0.0025889992000000003,0.24671099,0.027271432999999998,-0.14393584,-0.25347146,0.32855186,0.15072867,0.014047563,0.08212037400000001,-0.12470603,-0.11282711,-0.106882475,-0.04827176,-0.2796396,0.04820416,0.10180957,0.10550688,0.40470293,-0.4082645,0.31967127,0.1352234,0.22299339999999998,-0.1020354,0.22932166,0.048811093,-0.29799667,0.23111261,-0.36936009999999997,-0.28002077,0.5749905,-0.2442851,0.07712941,0.1999895,-0.05103409,0.19427684,0.25384143,-0.07057858,-0.9510353000000001,0.47831953,0.121248275,-0.18374889,0.566411,-0.33758557,0.44061857,-0.02770828,0.19258659,0.10292509999999999,-0.05243439,-0.25743976,-0.12907659,0.019531162,-0.051754817,-0.5602368000000001,-0.12200268,-0.5193491,-0.32673538,0.01943418,0.06513232,0.013702686,-0.16287132,-0.089268945,-0.19618973,0.42672056,0.27023417,-0.12794939,0.20085935,0.5485491,-0.67908627,0.32622924,-0.1578979,-0.036619775,0.097174816,0.15814222,0.31768236,-0.24046125,-0.07051308,-0.15705,-0.10530112,0.06647021,-0.12272696,0.3019308,0.05778038,0.7866763000000001,-0.21120423,-0.28428018,-0.06653680000000001,0.023874342000000003,-0.06524602,0.1543165,0.48349112,0.06398215,0.09099538,-0.22843979999999997,-0.44945377,-0.34124953,0.11429031,0.13171087,-0.18059282,0.17254227,0.12758921,0.11370013,0.20237639999999998,-0.10527245,-0.19667466,-0.09062763,-0.24202929999999998,-0.32438216,-0.6985939999999999,-0.6537503,-0.19325969,-0.42776167,-0.17209932,-0.32165822,-0.30158138,0.3223625,0.04488994599999999,0.19565088,0.38255534,0.300642,-0.12778158,0.22719441,-0.5869888000000001,-0.12456994,-0.29656848,0.10298439,0.40472242,0.15506992,-0.012033491,-0.12715575,0.20886175,0.15741688,-0.19729799,-0.22662356,0.45163554,0.101276524,0.12321253,0.13305101,0.5009051999999999,0.5066771,-0.21895926,0.068668164,-0.10647186,-0.24709797,0.030614365,0.16415066,-0.07574299,-0.06378717,0.09872426,0.19596744,-0.49297294,-0.0036158066,0.5389484999999999,-0.021872789,0.24653067,0.086661294,0.06603462,-0.025480062,0.27378288,0.0930299,-0.04978896,0.11081421,0.021114962,0.035109714,-0.14185436,-0.40033862,-3.9832711000000005,-0.4431916,0.20645481,-0.21116434,0.35894012,-0.16884272,-0.072514266,0.07890051,-0.777329,-0.13204499,-0.29798588,-0.11736386,0.40254974,0.021810452999999997,0.36383109999999996,0.18530065,-0.026074668,-0.10648131,0.11478049,0.6429016,-0.30243984,-0.13006231,0.15468325,0.15254647,0.1374286,0.44085532,-0.30291164,0.027805637999999997,-0.31769179999999997,-0.17909070000000002,-0.18630011,-0.22861902,-0.112776056,0.33646509999999996,-0.036272056000000004,-0.1925161,-0.2154863,0.047845665,0.02488082,0.09844546,0.041827183,0.008081985,0.23284788,0.026502243999999998,0.8258933,-0.34308344,-0.12809473,-0.26054808,-0.21101885,-0.11392132,0.20550969,0.049897622,-0.07627260000000001,-0.35252663,0.15881419,-0.06306282,-0.076510236,0.27788305,-0.024035115,-0.23350844,0.13757354,-0.18061571,-0.029374967999999998,-0.006123447299999999,0.07708633,-0.38416666,-0.41532892,-0.040888187,0.28713554,0.09240902,-0.0035336309999999998,0.24377489,-0.07108439999999999,-1.1074888,-0.6004006,-0.10140149,0.278516,0.3107277,0.40614796,-0.36104003,-0.40849778,-0.122013375,0.06752755,0.11146172,-0.015782475,-0.43902192,-0.10557175,-0.2056386,0.055334285,-0.3639135,-0.12329887,0.099278584,0.011076813999999999,0.14428855,0.09086478,0.2603597,0.15574594,-0.13347434,0.144509,-0.14593726,0.38679707,0.12634851,0.34725708,0.016440164,0.08456918,0.29945698,-0.53172404,0.097149014,-0.24465646,0.21643017,0.3952156,-0.59368175,0.073975205,-0.27940866,-0.3562116,-0.041572187000000003,-0.042855494,0.28823948,-0.005514908000000001,0.22974902,-0.27918765,0.67481935,-0.13175823,-0.6359387,-0.46954054,-0.047936677999999996,-0.29237512,0.18392491,0.016599128,-0.16541022,-0.07774591,0.042799156,0.056296865999999994,0.17823908,0.2123731,-0.12171387,-0.18296020000000002,-0.17578922,0.27066904,0.11757509,-0.019822646,0.43257862,0.14496282,0.20097631,0.31676114,0.112719655,0.089519024,0.00027103425,0.15439397,0.03509419999999999,-0.20644787,-0.24833839,0.03593972,-0.5112575,0.17440352,-0.07624979,0.36288202,-0.13456911,-0.14445204,-0.005067472,0.21283677,-0.050935722999999995,0.20451921,0.26681387,0.0031303207,0.12662312,0.25640053,-0.12554626,-0.047416362999999996,0.18848187,-0.49481857,0.12090472,-0.12037528,-0.18309695,-0.044039432,0.44390854,0.07812545,-0.12426993,-0.17422004,0.064675815,-0.1557681,0.14591576,-0.15880379999999997,0.122526415,0.5349835000000001,0.38590446,0.38260555,0.03491285,0.008556830999999999,0.18701289999999998,-0.18031125,0.32027635,-0.27675259999999996,-0.22177738,-0.47159272,-0.24878141,0.24992093,-0.23197934,0.035087425,0.14956973,-0.042583127,0.27146809999999993,0.0047714454,0.23166275,0.23779742,-0.0004346932,-0.067626685,0.25841263,0.028129223999999998,0.064359665,-0.5255179,-0.38166085,-0.1943623,-0.3365493,-0.18438502,-0.33547509999999997,0.108305216,-0.10240615,0.101373605,0.07939102,-0.43275600000000003,-0.29746756,-0.009625788,0.058488805,-0.04724758,-0.15049952,0.10158860000000002,-0.11285111,-0.46851835,0.0061284006,-0.021635767,-0.3668856,0.25940093,0.022713086,-0.22603273,0.019119183999999997,-0.30959123,0.03429954,-0.06054813,-0.10761976,0.108609654,-0.2843078,0.031638116,-0.5551885,0.22643879,-0.18596636,0.1571642,0.3997248,-0.07520722,0.49268752,0.35292740000000006,-0.021199502000000002,-0.13018909,-0.42090708,-0.15035485,-0.23671985,-0.081204064,-0.22297964,-0.12007724,0.05384202,-0.31149176,-0.039085336,0.02449685,-0.0139982505,0.24791136,0.101268716,-0.049695913,0.2507069,0.20277564,-0.16647588,-0.06415519,0.020098532,0.056076013,0.4333477,-0.11262019,-0.06806667,-0.08802245,-0.31035262,-0.39434776,-0.4014884,-0.017524231,0.38694525,-0.23021139,-0.13266136,0.3621997,-0.32783490000000004,-0.39045104,0.15399058,0.036513212999999996,-0.043263618,0.026577722,0.29778662,-0.06120272400000001,0.23217390000000002,0.09867881,0.032316542999999996,0.63223815,-0.054855815999999995,0.10011263,0.13246514,0.07667845,0.18955160000000001,-0.054460786,0.73746485,-0.32637849999999996,0.41131990000000007,0.05869269,-0.49748409999999993,0.28310528,-0.0084279245,-0.16453062,-0.543607,0.2083475,0.44115025,-0.043353837,-0.51853764,0.12878154,-0.31618163,-0.37304905,0.124464065,0.10386481,-0.11687362,0.24099217,0.0102691585,0.06285021,0.20887658,-0.39198002,-0.36085927,0.10010099,0.02476116,0.0075344723,0.9832271,-0.371406,0.44633597,-0.15369913,-0.08874695,0.43873188,-0.034563567,0.3481035,-0.038474135,-0.20661889,-0.048716906,0.28619727,0.44052392,-0.06843844,-0.0015507122,0.25842786,0.02185112,0.5923748000000001,0.58047515,0.11768769,0.37310788,-0.18096869,-0.39963615,-0.041489467,0.17335476,0.35213703,0.13650945,-0.03232644,0.44352624,0.10199084,-0.12550034,0.22676185,-0.54936326,-0.16003253,0.21991970000000002,-0.09335212400000001,-0.45649546,-0.19526939,0.17305055,-0.041646566,0.039815236000000004,-0.17712238,0.1975112,-0.24152066,-0.04344654,-0.14354820000000001,0.15124254,-0.15720274,0.25796607,0.48380315,0.1273482,-0.53960186,-0.07728154,-0.088969424,-0.7118826,-0.11533669,0.21240352,-0.114037514,-0.38708717,0.05751278,-0.42462608,0.09449413,-0.16318615,0.13955383,-0.5286894,0.34258807,0.56293947,0.58527464,0.06396092,0.35976657,-0.37706414,0.052015994,0.21513785,0.22844052,0.2962803,-0.14087693,0.06786516,-0.42491728,-0.08306443,0.46006542,0.26571658,-0.8992187,-0.21757436,-0.32465562,0.09352402,-0.1261508,-0.18955106,0.107485026,0.17849387,-0.41817139999999997,-0.25689924,-0.07891175,0.44027546,-0.18347782,-0.053185447999999996,-0.04677579,0.5949411,-0.07637453,0.06562497,0.05660845,0.31540987,0.28942913,-0.48931938,0.2239047,-0.5866601,0.26433626,-0.13581628,-0.44763705,-0.3588534,0.097224504,0.13683219,0.30161706,0.065551355,-0.42262653,-0.06069447,-0.104448035,-0.21399537,-0.24786693,-0.20290516,0.14373313,0.026508482000000003,-0.058298893,-0.10497041,0.0044089872,0.009258572,-0.10719584,-0.021353157,0.19914037,-0.0075588140000000005
100,14,-0.11245898,-0.18879934,0.27017215,0.0870696,0.20498691,-0.13381265,-0.27565277,0.37371925,0.0076808124,-0.20912978,0.29384488,-0.13833347,0.12952752,0.2939365,-0.04652996,0.51935726,0.15492363,-0.22290276,-0.09561726,0.19515929999999998,0.40877262,0.028178172,0.04209414,0.36902156,0.391484,-0.18995608,-0.09506093,-0.09435838,-0.13508971,0.07262005,0.49721974,0.16869764,-0.046702225,-0.10233004,-0.0055411435,0.12295664,-0.14831738,-0.15397558,-0.19248532,-0.043168105,-0.5949364,-0.33574238,0.01260318,0.39994362,-0.35899109999999995,-0.06286705,0.08304834,-0.17708023,0.20303838,-0.03413537,-0.37651244,0.1111893,0.030869103999999998,0.019968387,0.067094356,0.5641841999999999,-0.07697258,-0.48164192,-0.29112965,-0.3616905,0.49339026,-0.21875896,0.020368496,-0.45607504,0.17813033,0.08496138,0.08606459,0.33957220000000005,-0.61510164,-0.08160883,-0.18503237,0.013023878999999999,-0.23117267,0.10921839,-0.07628371,0.3173165,0.068377964,0.41587433,-0.039569564,0.12918134,-0.23929389,0.21516904,-0.22959870000000002,0.013118755,0.20114411,0.042551156,0.046830058,0.026865677999999997,-0.18657278,0.4753376,0.17904094,-0.23555806,0.03472878,0.14112538,0.07852844,-0.044158284000000006,0.39005202,-0.0067047244,-0.27244309999999994,0.42546132,0.17315981,-0.047331117,0.35507175,-0.27802098,-0.025254305,-0.20403074,0.1306952,-0.034977045,0.08880309,0.15603109,0.047406199999999996,-0.099993415,-0.14841732,-0.1612797,0.0059025404000000005,0.09357649999999999,0.04450475,0.14024606,0.074636035,0.21908157,-0.24668972,0.018393187,0.033873577,0.45709540000000004,0.032148708,-0.02208866,-0.08611859,0.14593689999999998,-0.18779361,-0.18584879999999998,0.099310465,0.20381106,0.23976852,-0.40849009999999997,-0.17966647,-0.19791633,-0.26494673,-0.22977564,-0.27200577,-0.025258792999999998,-0.095581636,-0.10258089,0.35562223,-0.31039247,-0.053524833,0.08632756,0.07471441,-0.26089934,-0.065948084,0.20599985,-0.05277795,-0.072898075,0.16514514,-0.19774048,0.012516936999999999,-0.23038955,-0.28192824,0.11312441,-0.28554627,0.13238028,0.30577636,-0.018366082,0.19101503,0.22027110000000003,0.26576927,-0.07674406,0.024308067000000003,0.15430999,-0.13677177,-0.05998671,0.015183917,-0.2140232,0.72945595,-0.38970774,-0.024664,0.33143952,0.16317545,0.0094922185,0.45566902,0.093326576,-0.49456987,-0.078752905,0.06915983,-0.048474714,0.32185158,-0.04459593,-0.040813837,-0.14428096,0.34795573,0.16389981,-0.5724425,-0.21261679,-0.16475502,-0.17804402,0.18475264,-0.38250858,0.025356538999999997,-0.17538977,-0.32717583,-0.095392205,0.15251684,0.06007819599999999,0.20056804,0.15187912,-0.10805619999999999,-0.20406622,0.19160478,-0.023007244,-0.11445594,0.38460353,-0.25129458,0.4326629,-0.07104607,-0.005830015,-0.07946881,-0.051621158,0.29750672,-0.0076463576,0.3408364,0.10011059,-0.030827785,0.011114652,-0.1441489,0.38021913,-0.12758325,0.68102455,-0.039701648,-0.36319559999999995,0.17676239,0.3378063,-0.23635633,-0.29306477,0.40133232,-0.24327710000000002,0.10923505,-0.003231801,-0.3500844,-0.10825267400000001,0.026066798999999998,-0.09526749999999999,-0.29828176,0.21246019,-0.03936457,0.122713275,0.02344879,-0.04379892,-0.08416329,-0.120085,-0.1770244,-0.36865040000000004,-0.6237688,-0.10857352,-0.024997327000000003,-0.34516743,-0.16779019,-0.32983616,-0.08326063,-0.22176258,0.14900596,0.018206656,0.49345887,0.25539795,0.08913066,0.11600225,-0.24508704,-0.20109579,0.017946491000000002,0.024861418,0.17821907,0.14421822,0.050941642,0.011917031000000002,-0.049434185,0.60071194,-0.07621347,0.17554957,0.27845725,-0.16005,0.04075185,0.123899676,0.33488312,0.23310561,-0.24296129,0.13331683,-0.1117548,-0.2615189,0.010012235500000001,0.103435546,0.14269638,-0.20819041,-0.010565312,0.085943304,-0.28619802,-0.3210103,0.6226398,-0.12442838,-0.08895714,0.2001353,-0.020376633999999998,-0.16249620000000004,-0.03396036,0.06390654,0.20200492,0.13536604,-0.32400554,0.14916094,-0.19481051,-0.11851485,-4.235966,0.08566281,0.19419286,-0.36642435,-0.07682846,0.018797439,-0.28015217,0.0158684,-0.06897083,-0.36360848,-0.06969163,-0.32618243,0.07158081,0.17044523,0.108029835,0.11117877,0.29425603,-0.08842617,-0.208808,0.49754763,-0.20558442,-0.26021257,0.27548692,-0.05364814,0.4230813,0.28298920000000005,-0.14827542,-0.058149774,-0.35287540000000006,-0.05192188,0.063275546,-0.20349418,0.08354212,0.48355377,-0.058883004,-0.013724071000000001,-0.02346983,-0.519033,-0.12258754,-0.25439844,-0.12624092,-0.33979416,0.11373278,-0.24979323,0.77160674,-0.21104878,-0.119862035,-0.06353523,-0.023685781,0.018409714,-0.07973126,0.23022343,-0.23702143,-0.26421946,-0.25511286,0.09557981,0.30479053,0.46774608,-0.15534413,-0.365933,0.16439216,-0.27692407,-0.39309052,-0.15314253,-0.17534788,-0.18135777,-0.35868603,0.07657705,0.13920675,0.14305322,-0.14390889,0.37911773,-0.19405060000000002,-0.56018406,-0.05727669999999999,-0.0040885913000000005,0.03180853,0.0018739515,0.16138458,-0.034282114,-0.15916194,-0.30613229999999997,0.26453188,-0.13978046,-0.035333652,-0.27268338,0.057540007000000004,-0.28302538,-0.48284757,-0.25112367,0.13406093,0.06564677,0.112546004,0.09452354,0.02300488,-0.04365967,0.14925645,-0.09928393,0.1724921,-0.14412166,0.3233554,0.060053999999999996,0.4723741,0.07332353,-0.049663097,0.22404642,-0.41137317,0.22193095,0.11813008,0.020567073999999998,0.41749972,-0.38905495,0.45351657,-0.114084125,-0.069345035,-0.11655516,0.15776178,0.30352798,0.08550255,-0.16896555,-0.13346004,0.29188509999999995,-0.35964245,-0.5345770000000001,-1.0402946,-0.024939146000000002,-0.16143173,0.17325447,-0.16554144,0.23253196,-0.021119777000000003,-0.20261873,-0.43065858,0.33592266,0.026169365,-0.09127668,-0.029284775,-0.28603196,-0.02290387,0.16852172,0.22887638,0.117669955,0.027685536,-0.23267217,0.025180064,0.4097923,0.08495707,-0.06454719,-0.13895445,0.30668512,-0.19087163,-0.25359502,0.04564502,0.017094797,0.107204214,0.09821134,0.47496516,-0.21997651,-0.16871084,-0.4935169,0.41502813,0.13014169,0.29883888,0.30928108,-0.10028399,0.45700824,0.11423288,-0.00211303,0.087852605,-0.031021817,-0.5062349,-0.059001385999999996,-0.1491414,-0.24152167,0.022726411000000002,0.44378385,0.16780166,-0.26504102,-0.10181221,0.19398855,0.07930291,-0.108266026,-0.17360432,0.0010720236,0.4326574,-0.13513468,0.08914526,-0.06558037,0.09888891,0.15083621,-0.3405413,0.16816455,-0.046885132999999996,0.11293010000000002,-0.093034886,0.03673419,0.47212719999999997,-0.49318594,0.06564918,0.08418603,0.087262325,0.07573855,-0.16599332,0.30172217,0.058208685,-0.2792678,0.01343291,0.09330286,-0.07160498,0.09812218,-0.28527800000000003,-0.23270784,-0.40190694,-0.21514153,0.29432428,-0.24640271,-0.12845947,-0.13831146,-0.24328667,0.19548099,-0.05634193,-0.24329223,0.15362428,-0.1304154,-0.41755688,-0.18493485,0.09392728,0.13261393,-0.28098148,0.026193672999999997,-0.15238205,-0.81608117,-0.022203307999999998,0.30313668,-0.18324676,0.11357244,-0.12293251599999999,-0.4013093,0.16953175,0.036552437,-0.034400407,0.11734945,-0.05844767,-0.43791565,0.102109484,0.07422621,0.010022126,0.24772768,-0.11071057,0.35968977,0.09044493,-0.16181348,-0.1097378,-0.36075878,0.26948154,-0.48261568,-0.3831383,-0.07557614,-0.60126835,-0.11965143,-0.096832454,0.022906749,-0.33467135,-0.050151467000000005,0.24571710000000002,0.021684276000000002,0.18655843,0.23816460000000003,0.17158169,-0.6285653,0.03268516,-0.06552058,-0.01923471,-0.09069308,0.18833089,-0.06873156,-0.056689765,-0.39365209999999995,0.47834843,-0.5804739999999999,-0.15323997,-0.08969071,0.17976134,-0.032637354,0.32676235,-0.08611428,-0.29634187,0.18036981,-0.25255325,-0.06785737,0.32122985,0.14914854,-0.23478675,-0.03118967,0.025764149,0.11345063,0.6832256,-0.09278781,0.030735405,0.13614798,-0.018962514,-0.18586755,0.33682382,0.03549581,-0.043127402999999995,0.24883889,0.062007125,-0.45277625,0.09429095,0.048675623,0.016645031,-0.19890234,0.5741876,0.3372967,-0.23074661,-0.40931290000000004,-0.0053424467000000005,-0.24159455,-0.32680652,-0.0069849826,0.06792157,0.20904538,0.67821425,-0.18638486,0.07364845,0.03788654,-0.090864345,-0.21731113,-0.030071322,0.16415699,-0.0981678,0.36505687,-0.35264558,0.26690143,-0.12856683,0.04579599,-0.017698992,-0.20715956,0.17676727,0.39028707,0.026585545,0.012258611,0.098386355,0.25570148,0.18456389,0.3619941,0.19828527,-0.27647072,0.58543056,0.5147528,0.23597914,0.5378546999999999,-0.0054634637,-0.16720809,-0.012602588999999999,0.33581585,0.10556607,0.34186754,0.016555775,0.5610676,0.1235126,0.03311302,0.35463715,-0.44303608,-0.5425644000000001,0.07204855,0.08203033,-0.109675534,-0.08495991,0.16246611,-0.013250046000000001,0.11444683,-0.20885370000000003,-0.17434137,-0.18673928,0.29073453,0.20425847,0.04987574,0.05288731,0.20493403,0.030951357999999998,-0.101522505,-0.51592255,-0.0996573,-0.2529018,-0.3533768,-0.0047512557,0.07708488,-0.33360553,-0.22976467,0.013531705,-0.17294197,0.08660032,-0.14982635,-0.03700183,-0.30748683,0.16558488,0.09805209,0.38791505,0.052586947,0.15731873,-0.20713857,-0.021203537,0.44026148,0.26464829999999995,0.06951249400000001,-0.076265976,0.46957925,-0.50953454,-0.07863514,0.058952115,0.18807523,-0.59663343,0.11669668,-0.29705924,-0.17385262,-0.03234229,0.26586398,-0.18872076,0.08599244,-0.3863519,-0.05048712,-0.03689985,0.034987878,-0.16527931,0.23908561,0.13898133,0.2696945,-0.141665,0.12819979,-0.09058933,0.28764245,0.12955035,-0.046830945,-0.05725246,-0.48077983,0.120248325,0.01686559,-0.13356593,0.2529664,0.22311689,0.255229,-0.0821383,-0.30169120000000005,0.43744153,-0.25957486,0.049215443,-0.26813272,-0.3820857,-0.2987832,-0.12763426,-0.09333894,0.048755214000000005,-0.34804466,0.0002500973,-0.16586386,-0.19912504,0.04100741,0.12461086,-0.10060157
101,1,-0.23795068,-0.14145981,0.5228655,0.06217534,0.18281388,-0.36364704,-0.27326350000000005,0.5814123000000001,0.073866196,-0.18577963,-0.04870915,-0.1886266,0.055255267999999996,0.24313256,-0.11872114,0.30939266,0.06789932,0.007454184,-0.24847545,-0.03254459,0.33769453,-0.16749802,0.12916218,0.47312614,0.3460812,-0.102203675,-0.025261339,-0.31938386,-0.18697914,0.026683336000000002,0.44880742,0.19116634,-0.23957737,-0.022136900000000004,0.021118252999999997,0.03413845,-0.20827118,-0.03429084,-0.19650362,0.09288402,-0.5598909000000001,-0.27102065,-0.06703029,0.019747034,-0.50257784,-0.42318690000000003,0.19218655,-0.22121300000000002,0.060369167,-0.2579843,-0.37519985,-0.123918526,-0.13124399,-0.12044781,0.094744556,0.7010137,0.13038851,-0.2190788,-0.48281902,-0.27331716,0.6270203000000001,-0.18110898,0.004354141,-0.24548925,0.25317067,0.02683226,0.15690424,0.39307678,-0.68428934,-0.31399605,-0.28574863,0.065473944,-0.19561729,0.08068835,-0.0034513990000000004,-0.049548645,-0.07388075,0.19970879,0.05967438,0.0038099845,-0.2327429,0.32137847,-0.12893228,0.34841300000000003,-0.06056924,0.26225853,-0.068910316,0.027349900000000003,-0.5659609999999999,0.93236804,0.46670705,-0.21146096,0.15182424,-0.013558363,-0.05379165,-0.03041284,0.33593490000000004,-0.06843442,-0.022944102,0.6220625,0.1953036,-0.38511568,-0.057022147,-0.40254313,-0.1676876,-0.13855396,-0.0011049175,0.17430107,0.28373516,0.22356173,-0.06720012,-0.010919352,-0.21871407,-0.1985559,-0.06363646,-0.18777806,-0.3304678,-0.10416705,0.2124532,0.318311,0.06835626,0.20570764,0.22670970000000001,0.5346849,0.19375983,-0.17192419,-0.081797324,0.29295759999999993,-0.08628333,-0.14695314,0.042625345,0.20053951,0.17153768,-0.31076709999999996,-0.2670358,-0.01527623,-0.036200535,-0.18809658,-0.26702648,-0.16381335,0.11465396,-0.1879239,0.2518973,-0.03949488,-0.019712873,-0.08067523,-0.1907719,-0.37103432,-0.14160904,0.41825128,0.021435452999999997,-0.10543617,0.0862757,-0.24787773,-0.17455445,-0.4405617,-0.13920224,0.16051956,-0.18539473,0.07873136,0.21970756,-0.013033718,0.17004533,0.20236996,0.15635939,-0.09743257599999999,0.093149744,0.2823599,-0.31734103,0.0036957432,-0.052351296,-0.22611235,0.9651126,-0.28476474,0.06285363,-0.014751266,0.16210538,-0.23963127,0.41930464,0.07656158,-0.55948585,0.29871747,0.084915765,0.06836333,0.28078568,0.10356984,0.021931281,-0.13503125,0.5407743,0.014441613999999998,-0.31255459999999996,-0.17179422,-0.14156222,-0.25718009999999997,0.09940115,-0.6841304,0.1160348,-0.15522318,-0.43943468,-0.13489965,0.11736397,0.053840123,0.1841566,0.17470978,-0.17678222,-0.04862379,0.25691590000000003,0.011139381,-0.049768437,0.30446336,0.17615826,0.43562737,0.12706773,-0.22165,0.01311444,-0.24542372,0.36936334,-0.027868688,0.3992775,0.0054991064,0.111538894,0.062070858,-0.15191534,0.26069933,-0.24152103,0.75369865,0.054997377,-0.7520201,0.22502479,0.38230790000000003,-0.21154533,-0.37170765,0.6405489000000001,-0.10446048,0.12703831,-0.019246778,-0.5330165,-0.12294727,0.05551044,0.042496505999999996,0.0054025375,0.46737766,0.028050741,0.09048425,0.058694582,0.07462996,-0.07614636400000001,-0.27704695,-0.20828667,-0.50066644,-0.41714212,-0.26526797,-0.09436387,-0.49780193,-0.36820245,-0.42565587,-0.124269694,-0.39138475,-0.07205709,-0.24102943,0.308865,0.04126448,0.014235131000000002,0.08694616,-0.22477743,-0.40831083,-0.05533519,0.070689596,0.12478874599999999,0.2734942,0.20768394,0.039610393,0.0026577031,0.5694656,-0.27235818,-0.06600217,0.55119896,0.014652103999999999,-0.15719067,-0.151541,0.3039825,0.4452210999999999,-0.10189276,0.09800707,-0.062467318,-0.25785515,0.15087968,0.15302292,-0.07796286,-0.28681898,-0.16600583,0.021889701,-0.20988399,-0.26312968,0.40041816,-0.04952875,-0.30060428,0.022619353999999998,0.04284144,-0.02504056,-0.06798184,-0.024515491,0.24851307,0.15110694,-0.29593596,0.07553544,-0.17281164,-0.02758271,-4.0350914,-0.13193037,0.09437909,-0.31224385,0.21585965,-0.18566932,0.099829204,-0.04858451,-0.4772309,-0.22073983,-0.13965662,-0.5406155,0.121352844,0.2285236,0.39516172,0.22937132,0.23222715,-0.050050862,-0.037389133,0.725521,-0.11617914,-0.5598365,0.3349303,0.10585174,0.33274066,0.33941177,-0.12191285,-0.14675198,-0.48184259999999995,-0.18677874,0.08128426,0.032751083,0.317974,0.19937399,0.17037357,-0.06443991,0.020445698999999998,-0.41937584,-0.19878373,-0.49407434,0.05389490000000001,-0.5294920999999999,-0.07534239,-0.23152070000000002,0.69779867,-0.07880406,-0.048984524,0.11135756,0.039622113,0.1826506,0.19296195,0.33194473,-0.5632560999999999,-0.28161138,-0.33782270000000003,0.04053973,0.018604435,0.6968097,-0.35176557,-0.19791847,0.10028741,0.03918327,-0.47883514,0.0018405801000000001,-0.1793319,-0.23675410000000002,-0.36588326,0.14582029999999999,0.2603684,0.05283671,-0.14159098,0.36389673,-0.18370551,-0.5415718,-0.10087786,0.022137344,0.25144273,-0.032560665,0.18775192,-0.05793661,-0.27094626,-0.2120986,0.2838445,-0.105078906,-0.08339898,-0.4199377,0.11478001,-0.1667327,-0.34641972,-0.43965763,0.15510216,0.0802496,0.42679408,0.13710995,0.12074352,-0.08356989,0.38317466,-0.18389156,0.07145598,-0.43727764,0.40223613,0.13552208,0.41071552,-0.3257345,-0.20645668,-0.050175633,-0.29336354,0.09528477,0.06568102,-0.14648955,0.58365136,-0.48892644,0.45884088,-0.31428690000000004,-0.07689379,-0.08815227,0.21036287,0.37602603,0.028955474,-0.12217666,0.0062781093,0.41573256,-0.48016369999999997,-0.6376125,-1.0185262,0.10179798,-0.16110049,0.20270854,-0.29372472,0.16915750000000002,-0.40255250000000004,-0.2902703,-0.34905398,0.18223915,0.09006198,-0.041920263,0.35308743,-0.32593520000000004,0.113633245,-0.10141522,0.39211467,0.22569807,0.16968417,-0.062057167,0.009536715,0.42398557,0.14423533,-0.016443796,-0.26890959999999997,0.31919974,-0.23471181,-0.2855498,0.0043079457,-0.21790096,-1.0319656e-05,0.23741214,0.24013208,-0.10567212,-0.11927930000000002,-0.5478698000000001,0.2993188,0.18747821,0.33764279999999997,0.15191847,0.18698502,0.49301454,-0.006258929599999999,-0.11911744,-0.09839284400000001,0.16059037,-0.28544527,-0.028159626,-0.21511,-0.38036293,-0.06450387,0.5259064,-0.009253822,-0.17367916,-0.10099425,0.18883869,0.024500886,0.053165976,-0.23662782,-0.14454576,0.32514384,0.15622354,-0.12629528,-0.15355843,-0.12863603,0.31619212,-0.07818048400000001,0.482346,-0.10259973,-0.12208757,0.046238963,0.06802306,0.27663404,-0.42120335,-0.09276637,0.13112302,0.49076210000000003,0.16257904,-0.2331587,0.30132270000000005,-0.020542096,-0.20053461,0.2672259,0.38466474,0.18073858,0.10132365,-0.30634317,-0.39889735,-0.5692731,0.026977886,0.14661396,-0.119186535,0.06507426,-0.14337486,-0.26863503,0.27408144,-0.07140415,-0.15889132,-0.11129531,-0.14834379,-0.45784906,-0.21636698,0.016514861999999998,-0.12738658,-0.1188357,-0.20848809,0.10984994,-0.7159979999999999,-0.0897156,0.22910626,-0.12484825,0.22385578,-0.107600026,-0.3349453,0.19766979,-0.05788058,-0.48935843,0.2985203,-0.17141724,-0.5489086999999999,0.09049941,0.44876140000000003,0.02036009,0.15182212,-0.32912678,0.66285557,0.23614208,0.097679704,0.03807674,-0.34461057,-0.11271833,-0.38093543,-0.31502348,-0.10777660000000001,-0.39912695,-0.27567953,-0.33045658,-0.22663267,0.04580096,-0.22095457,0.071770005,0.3526048,-0.06387599,0.17073548,0.23373139,-0.59059876,0.16533417,-0.1846483,0.11737761,-0.24615678,0.42476636,-0.11868477599999999,-0.17924573,-0.42070509999999994,0.33081532,-0.24569055,-0.1272984,-0.13589618,0.14518155,-0.14509375,0.100684285,-0.12252729,-0.25074908,0.21405002,-0.2765789,0.042542607,0.3667647,-0.009963864000000001,-0.3699797,-0.06819711,-0.14809793,0.20835319,0.81444234,-0.34785703,0.028787503,0.23179166,0.016282033,-0.03589596,0.40366888,0.27838454,-0.26194596,0.22260825,0.22800776,-0.48063279999999997,0.18518026,0.21124318,-0.120083965,-0.31347948,0.49386764,0.40605772,0.021150537,-0.52174556,-0.20547242,-0.22342865,-0.08703103,0.051880326,0.06396966400000001,0.07875094,0.66287553,-0.25659308,0.15377496,0.12729284,-0.33423075,-0.095275626,0.08695697,0.22009055,0.16054007,0.5240695,-0.5067771,0.38307199999999997,-0.25079867,0.00536325,-0.19593870000000002,-0.15323113,0.30047387,0.13716653,0.08862504,0.12844577,0.55915415,0.23183455,0.24898633,0.31165433,0.19604270000000001,-0.29658979999999996,0.6464303000000001,0.78429615,0.1520655,0.40559614,-0.014411849,-0.039919357999999995,0.05033265,0.46563724,-0.12325472,0.37344015,-0.07281301,0.85964555,0.22005293,0.35561216,0.32319580000000003,-0.35493553,-0.21769689,0.06321339,-0.10800532,-0.22205037,-0.2875583,0.15793124,0.13717644,0.0653289,-0.12665911,-0.09164285,-0.14316678,0.37514263,0.077412434,0.095465064,-0.11400355,0.30047336,0.08105659,-0.03236516,-0.5016172000000001,-0.21719427,-0.22164142,-0.77833337,-0.22529563,0.13666694,-0.37565595,-0.31553108,0.11469345,-0.061596997,0.051898655,-0.14465396,-0.17415726,-0.2366927,0.44354105,0.23322323,0.42772737,0.19990360000000001,0.28592974,-0.18592915,-0.07237501,0.22574966,0.23514748,0.13311695,-0.105826534,0.48735850000000003,-0.32116209999999995,0.258658,0.057995554000000005,0.22936060000000003,-0.44801006,0.2651544,0.005672979599999999,-0.034800366,-0.22641522,0.13574964,-0.43938628,0.18278413,-0.47359616,-0.103875525,0.16492943,-0.06291864,-0.1521645,0.04179415,0.11172272,0.39003593,-0.24995185,0.12513846,-0.19958672,0.2103111,0.35075533,-0.15218209,-0.3600545,-0.14726931,-0.26120088,0.026255452999999998,-0.23004787,0.1432675,0.4343338,0.36074752,-0.2527896,-0.13786004,0.5702995,-0.5099492999999999,-0.16178264,-0.23474601,-0.35691740000000005,-0.19042160000000002,-0.13268775,-0.13746908,0.16620854,-0.26503992,-0.18870214,0.08009068,0.05031883,-0.22938773,0.40510833,-0.08264703
102,6,-0.23203738,-0.34878000000000003,0.3762365,-0.010686741999999999,0.30995125,-0.048608344000000005,-0.116730876,0.45102045,0.10879699,-0.4246092000000001,0.18097563,0.033582155,0.14947315,0.2967636,-0.18675068,0.043086387000000004,0.115407884,0.03855437,-0.21963850000000001,-0.034383282,0.25733402,-0.10924238,0.007975055,0.32404658,-0.019426553,0.0033905227000000002,0.14066102,-0.046380125,-0.08287209,0.22310357,0.29228613,0.35523330000000003,-0.20908566,0.013468083,-0.0971673,-0.089573,-0.02546285,-0.17899310000000002,-0.23897581,0.14777385,-0.41449994,-0.24432449,-0.19984299,0.32806912,-0.27054745,0.057981662,0.091973335,-0.10380424,0.27279598,-0.10711357,-0.20988066,-0.026737577999999998,-0.35202459,-0.04608190400000001,-0.10735292,0.5761879,-0.135878,-0.37001124,-0.09107661,-0.13549732,0.269545,-0.036608335,0.31166258,-0.16285940000000002,0.25812668,0.09128398,-0.025520848,0.35713676,-0.5777758000000001,-0.2134478,-0.30857947,-0.19293275,0.012189911999999999,-0.047429882,-0.02959175,-0.24331129,-0.25686939999999997,0.21185073,0.16594708,0.11730904,0.060130544,0.14938292,0.26309156,0.2702054,0.29038393,0.070672065,0.08673587,-0.10730643599999999,-0.17712423,0.5477348000000001,0.5227817,-0.63632417,0.10059986,-0.06884959,0.06570893,0.017243322,-0.11900721,0.06787795,-0.18254408,0.5931050999999999,0.11166355,-0.02671108,-0.11361119,-0.29880029999999996,-0.14235558,-0.37441203,-0.0056794969999999995,0.20526956,0.14160608,0.115368865,0.12235875,-0.28315347,-0.2376401,-0.26102102,-0.5090464,-0.036694672000000005,-0.09229009,0.32499504,0.2857611,0.25091717,0.4262869000000001,-0.17438291,0.27731059999999996,0.49797744,0.32438904,0.40360966,-0.12645397,0.15611696,-0.15850770000000003,-0.0958647,0.10359766,0.06672718400000001,0.12585409,-0.52668595,-0.18368243,0.030139332999999997,-0.22547111,-0.21721585,-0.3346308,-0.09087741,-0.055967792999999995,0.35547444,0.1728555,0.19474335,0.2840185,0.24498682,0.024964312000000002,-0.52566373,0.35983235,0.05139996,-0.29345933,-0.23532961,0.14125897,-0.23790078,-0.08582235,-0.13015926,0.03412021,0.17452633,-0.25156397,0.28703135,0.36995277,-0.1661265,0.15615425,0.3453191,0.49725246,-0.020814117,-0.31101072,0.21773343,-0.19020201,-0.40008065,0.08780646,-0.31697768,0.6727181,-0.20977174,0.08903736599999999,0.23047563,0.36199528,0.16577874,0.3370776,0.12792748,-0.6983623999999999,-0.08950795,0.14824414,-0.28069812,0.10901538,0.07653026,0.08519713599999999,-0.048530474000000004,0.06774559599999999,0.23213483,-0.6135063000000001,0.048673123,0.16457513,-0.20247921,0.18125148,-0.53755337,0.042953785999999994,-0.14748727,0.11549456400000001,-0.10062936,-0.14689974,-0.29597077,0.38224804,0.16692318,-0.15632157,0.2898947,0.3580438,0.004794763,0.08202629,0.5396880999999999,0.047594267999999995,0.26190558,0.24479435,0.096345775,0.12094049999999999,-0.16499218,0.13089798,0.09447398,0.25122714,0.034513063999999996,-0.011611429,0.2054837,-0.38370340000000003,-0.05821261,-0.034576364,0.9767564000000001,-0.0087587945,-0.30454677,0.03388047,0.04646673,-0.21889410000000004,-0.25329185,0.43933287,0.071402,0.15976037,0.18657236,-0.03584113,-0.28091696,-0.043319255,-0.43547782,-0.42170843,0.0950423,0.05022355,0.39600298,-0.077143535,0.0036887333,0.12865469,0.084486835,0.13087256,-0.32609642,-0.41354102,-0.47388753,0.020284103,-0.03837697,-0.44942603,-0.5751156999999999,-0.21794850000000002,-0.099843875,-0.27096248,-0.17178103,0.30812259999999997,0.17469725,0.047117382,0.10298499,-0.36415976,-0.14676188,-0.13014425,0.57182646,0.30955276,0.06584039,-0.2689435,0.06467260400000001,-0.22261883,0.4716665,-0.41788045,0.205931,0.41171369999999996,0.18196115,0.19188961,0.18698323,0.3298277,0.32963294,-0.018805612,-0.016494235,-0.29115504,-0.27202028,0.17545016,0.067720726,-0.14055589999999998,-0.31074107,0.17302696,0.042217497,0.05440308,-0.089504555,0.3734824,-0.30155465,-0.06795753,-0.004804163,0.074950226,-0.42331549999999996,0.0999753,0.059784385999999995,0.33000619999999997,0.4825497,-0.18584944,-0.015792143999999998,0.08704047,-0.4047118,-4.5318174,0.22789589,-0.07906525,-0.28761008,0.34224805,-0.3519983,0.36879992,0.057279002,-0.5007524999999999,-0.28075764,-0.23612987,-0.3448131,0.16057353,-0.12012462,-0.04164753,0.43397042,-0.28263795,0.11329725,-0.2855568,0.43214554,-0.28986827,-0.16374345,0.3033752,-0.01249323,0.39621302,0.14065248,-0.33875609999999995,-0.068158366,-0.35677898,0.15451908,-0.18272664,-0.16847868,0.07475854,-0.19974265,0.14031412,-0.35995507,0.13929102,-0.6778799,-0.19258328,-0.050561722,-0.03114525,-0.22795059,0.20877007,-0.0016263826999999998,0.58138084,-0.12437358,-0.14380126,-0.34061090000000005,0.26540852,0.22807726,-0.06733563,0.0962205,-0.39482814,-0.16164444,-0.09931453,0.10636793,0.10146662599999999,0.44962700000000005,0.0007642676,0.18162446,-0.018253285,0.09692089,-0.35443115,-0.011375473999999998,-0.33739802,0.12473652,-0.36751994,-0.6013341999999999,0.20171058,0.18713646,-0.08492057,0.2930677,0.12678741,-0.90091264,-0.21527837,0.18122964,-0.31727153,0.131664,0.36225954,0.22190985,-0.43352976,-0.28000295,-0.034162957,-0.3533365,0.0692831,-0.013007873,0.036018892999999996,-0.4975516,-0.22715025,-0.28398305,0.09844684,0.346602,0.22422732,-0.21745970000000003,-0.39336637,-0.21631981,0.17179798,-0.09282474,0.21440147,-0.22962829999999998,0.6160939999999999,0.10932268,0.52739656,-0.24974419,-0.23196666,0.07665024,-0.4163151,0.3335803,0.06014669,-0.23980984,0.32766262,-0.6982791,0.33025822,-0.16560015,-0.21225946,-0.39586356,0.06782112,0.4159545,0.06072290599999999,-0.33114287,-0.15024497,0.47476324,-0.3720325,-0.7938851,-1.1215295,0.4132797,-0.30820504,-0.30147379999999996,-0.20833959,0.11717775,-0.23189582,-0.04422367,-0.33395222,0.14458027,0.21183935,0.23161389,0.026267778,-0.027432602,0.12738729,-0.040378064,0.10973546,-0.016734261,-0.13137415,0.024716223,0.09842806,-0.018348621000000002,-0.0036055406,-0.13989216,-0.0676929,0.04704326,-0.0868084,-0.044130273,-0.02501977,-0.09813476,-0.14265674,-0.06858710000000001,0.5561245,-0.22546007,-0.2469956,-0.21896234,0.23578876,0.019199973000000002,0.13814203,0.4124567,0.22994442,0.27719770000000005,0.28251037,-0.26631147,-0.24679935,-0.039580292999999996,-0.3595032,0.06836431,-0.109761395,-0.28139237,-0.17572378,0.6741111,0.072268575,-0.07732066,-0.30090502,0.39854544,0.25423715,-0.20404148,-0.052742372999999995,-0.2984208,0.15912378,-0.18180265,0.007075049399999999,-0.23143049,0.00046672767999999994,0.18932201,-0.616653,0.3074264,-0.22844432,-0.18420708,-0.08430108,-0.29216020000000004,0.28618476,-0.31572106,0.14251055,0.30887267,0.32534027,0.48134676,-0.06416327,0.100314006,-0.13062264,-0.13711043,0.20095710000000003,0.14476173,0.07852555,0.068366125,-0.0018947844,-0.6631458,-0.4672943,0.013717753999999999,0.28262496,-0.006474758000000001,0.035543695,0.10988216,-0.6615141999999999,0.17058845,-0.035771254,-0.14052294,-0.014898546,-0.12195201,-0.38991207,0.18590382,0.06654593,-0.051724505,-0.06891954,0.080975,-0.035122827,-0.597887,-0.2170955,-0.00079814735,0.3304336,0.20390575,-0.029315239,-0.17599414,0.015524423,-0.021330124,-0.60438216,-0.13857265,-0.038873076,-0.40388978,0.037684776,0.30092296,0.016003376,0.14639746,-0.32700652,0.34788114,-0.09869684,-0.042543292,-0.20501241,-0.6094321999999999,0.25804353,-0.2578226,-0.18247865,0.14036813,-0.46236777,0.18886387,-0.23518054,0.3561395,-0.037773546,0.02613036,0.099239886,-0.005909219,0.3551245,0.13337186,0.17219041,-0.49938062,0.20293309,-0.03075025,0.58806324,-0.044941496,-0.064329006,-0.15225822,-0.6075566,-0.2623224,0.34042874,-0.17022176,-0.020104092,0.08844272,-0.029754392999999997,-0.08821803,0.18021187,0.053515404,-0.3363056,0.20443663,-0.36609957,0.18410355,0.29234606,0.05480165,-0.038323104,0.045670499999999996,0.099508524,0.20563039,0.27442485,-0.28880182,-0.12624344,0.09193773,0.098847024,0.05182963,0.41446400000000005,0.28972070000000005,-0.0071991780000000005,0.1300828,-0.21474022,-0.63093054,0.16235928,0.08965386,-0.5657698,-0.4487405,0.37834826,0.49593437,-0.09564137,-0.25818735,0.18331331,-0.07718274,-0.35899383,-0.07936332,0.11644824599999999,-0.16732416,0.7062425999999999,-0.05269628,0.2047028,-0.10951113,-0.64120543,0.0106571475,0.041764382,0.48297653,0.25050315,0.29553909999999994,-0.19237947,0.3031724,-0.06315903,0.002720067,0.04750884,0.040342666,-0.01957533,0.23561100000000001,-0.09059827,0.047031704,0.27486095,0.28688362,0.24941084,0.07551606,0.1291202,0.07302523,0.57487106,0.6305039000000001,0.21789515,0.61509657,-0.25690028,0.11260372,-0.14036834,0.22549237,0.06769582,0.13561411,-0.20800665,0.29371855,-0.1515096,0.3336333,0.6155519,-0.045736574,-0.050375603,0.18383756,-0.32891542,-0.16828743,-0.3708393,-0.06711005,0.10971705,0.25062016,0.06581248,0.37399736,-0.09187150000000001,-0.0050083036,0.26982883,0.12121275,-0.184422,-0.007293829,-0.61084443,-0.24264003,-0.3325809,-0.39160463,0.06574693,-0.8661068000000001,0.013721483999999999,0.07196957,-0.04384381,-0.21745418,-0.09832475,0.09851313,-0.11068461,0.028310465,-0.025260499999999998,-0.35589343,0.44796464,0.08732410000000002,0.16540007,0.17766185,0.34757417,-0.53412336,-0.1731521,0.12288009400000001,0.21707556,0.138836,0.15736438,0.6198875,-0.7356161999999999,-0.06683134,0.053589724000000005,0.29746836,-0.67751086,0.37087688,-0.10907528,-0.12306701,0.1640866,0.14978193,-0.54698944,0.23901848,-0.052428894000000004,-0.10891222,0.16922583,-0.019113356,-0.027562182,0.17973742,0.106921405,0.33200064,-0.1271202,0.21112913,0.028415084,0.4924304,0.25751138,0.044091914,-0.1640554,0.11529388,-0.18266383,-0.29395086,-0.21769498,0.030454915,0.46996796,0.22479178,-0.11201226,0.116563104,-0.060859703,-0.32450467,-0.17054993,-0.40263653,-0.36774954,-0.4379687,0.044569515,-0.07248973,0.26817837,-0.10874735,0.09925856,0.24098779999999997,-0.00030729952,-0.24805826,0.080460034,0.26993385
103,1,-0.18237029,-0.047003355,0.12847729,-0.047991578,0.05010992,-0.2857927,-0.19606556,0.48100337,-0.019629398,-0.11656726,-0.20820697,-0.264236,0.12951528,0.551661,-0.24432498,0.49170992,-0.18038861,0.0275291,-0.44806197,-0.020239465,0.21274889,-0.017454683999999998,-0.15869951,0.28588274,0.38688922,0.11725671,0.026934111,-0.19658925,0.05653964400000001,0.27222446,0.39920005,0.3104901,-0.25021777,-0.024212927000000002,-0.051404852,0.09780986,0.08580921,-0.04839918,-0.2467062,0.20694184,-0.45186958,-0.10768682,-0.23561839999999998,0.37781075,-0.34123492,-0.12766652,0.30173132,-0.29429936,0.15603007,-0.24843729,-0.06708241,0.027093002999999997,-0.32102767,-0.14740606,0.112489276,0.68457454,-0.25559163,-0.4045163,-0.39901212,-0.10328129,0.44945884,-0.044635285,0.30903673,-0.1939859,0.24255024,-0.13143975,-0.06757854,0.55340713,-0.69809324,-0.24356405,-0.25223303,-0.33147073,0.02261179,0.11703672,-0.32758918,0.11905121,-0.22317064,0.3248109,0.104426086,-0.12788434,-0.035075326000000004,0.38443983,0.109948635,0.22091238,0.17807204,-0.18668339999999997,0.14912227,0.23219468,-0.19774365,0.39644912,0.24546503,-0.32199875,-0.05851483,0.12722329999999998,-0.031653155,-0.25260624,-0.10546929,-0.25794545,0.009987343000000001,0.44062242,0.17289458,-0.20552392,0.07477639999999999,-0.26155500000000004,-0.03463193,-0.20075864,0.27950588,0.23253267,0.14577954,0.1619465,0.12696242,-0.13980515,-0.19625193,-0.104043625,-0.2507806,-0.0014695264000000002,-0.279942,0.18926264,0.28952497,0.1114881,0.14095007,-0.07306639,0.11999687,0.49335742,0.14842416,0.19221114,-0.23748249999999999,0.22341168,-0.20474488,-0.17132668,0.33212605,0.064632304,0.21484882,-0.6101260000000001,-0.29336032,0.27546236,-0.23343503,-0.29173574,-0.24217047,-0.011880216,0.15560345,0.12587403,0.1278143,0.05789897,0.29787046,0.21600516,-0.14849208,-0.3782506,-0.03556708,0.20274067,-0.18660806,-0.12311089,0.116038315,-0.1462562,-0.14210522,-0.36155143,0.19409867,0.31308922,-0.09695191,0.0984888,0.30452186,-0.18473132,0.056427713,0.14123136,0.23789297,0.1370135,0.0022516325,0.21476085,-0.34572363,-0.15175478,-0.42927718,-0.31825495,0.8610715,-0.06461568,0.04946075,0.25248426,0.040088087,0.20984714,0.42355835,0.335861,-0.7534054,0.0045711286,0.06920989599999999,-0.36650026,0.18664694,0.04573598,-0.09932544,-0.23694944,0.061770976,0.19027404,-0.5620031999999999,-0.1767664,-0.1895466,-0.25052857,0.05796579599999999,-0.53760016,-0.17207785,-0.36551163,-0.21438472,0.03828267,-0.016295949,-0.13137068,0.27251858,0.14525817,-0.033424836,0.0905425,0.3708504,-0.07685711,-0.23425569,0.44955242,-0.22448544,0.31785032,-0.068013065,0.10250291,0.16409943,-0.05752657,0.22948122,0.014267226000000001,0.296638,-0.08443299,-0.1219483,0.14375359,-0.31063583,0.032263376,-0.20285003,0.93755,-0.09073023,-0.2729899,0.27461436,0.4487249,-0.19052608,-0.15579218,0.430357,-0.010526118000000001,0.3242441,0.050608676,-0.18972886,-0.26912957,-0.0071212663,-0.19510634,-0.30490682,-0.026483292000000002,0.09286182400000001,0.3419632,0.074859686,0.020827511,-0.030726751,-0.1769116,-0.03018639,-0.20222569,-0.36422932,-0.33288470000000003,-0.08234101,-0.2213692,-0.43829384,-0.28389698,-0.15772401,-0.28265795,-0.25728449999999997,0.074062824,0.39997306,0.18803543,-0.032395612000000004,0.13519931,-0.6235005,-0.37789273,-0.05196256,0.32721832,0.4399045999999999,0.29929677,-0.20487927,-0.03503168,-0.22391574,0.32263353,-0.4825697,-0.004639438,0.41443744,0.07336302,0.20280218,0.020851789,0.25097516,0.39918938,-0.099560164,0.056529522,-0.12836601,-0.16527985,0.03861942,0.26485488,-0.3878533,-0.31728268,-0.067137025,0.24611412,-0.18592644,-0.18592893,0.48069170000000006,-0.013494953,0.058999645999999996,-0.045740083,0.03436472,-0.32937562,-0.041463625,-0.00077809644,0.2393593,0.1434477,-0.4448804,0.20637192,-0.043714944000000006,-0.5641165,-4.428008599999999,0.23506571,0.11044613,-0.48281476,0.346325,-0.1973874,0.16510314,-0.030250905,-0.5429206,-0.24550198,-0.3313119,-0.29078993,0.21440111,-0.015676423999999998,0.44773766,0.29176617,0.13983008,0.0038786754,-0.3095575,0.45146027,-0.12371505,-0.21629423,0.21642996,-0.1426828,0.26989108,0.15689189999999997,-0.14588355,-0.23393498,-0.54634386,-0.10932658,-0.22706212,-0.21161051,-0.04811898,0.20510364,-0.07646366,-0.20702359999999997,-0.06223564,-0.54997605,-0.2238034,-0.07801877,-0.15861756,-0.28541209999999995,0.36114988,-0.16667938,0.6460019,-0.32292122,-0.07950399,-0.35582018,-0.016176552,0.07344907,0.050233383,0.33515763,-0.25671694,-0.2271638,-0.21013069,0.17537220000000003,0.29367885,0.5725511999999999,-0.026284566000000002,0.0676331,0.17605305,-0.022522917000000003,-0.24475694,0.035275966,-0.31716022,-0.030299802999999997,-0.20972443,-0.34846106,0.23642631,0.038378555,-0.2410435,0.34203413,-0.24169785,-0.8796525,-0.14700843,-0.033798162,-0.16075720000000002,0.113903314,0.36637065,0.12638721,-0.26202825,-0.39452425,0.10286545,-0.18910046,-0.08615153,-0.25152346,-0.14067833,-0.20163365,-0.26975626,-0.40846047,0.02782093,0.4656831,0.15668689,0.18943678,-0.21236545,-0.20203723,0.13469118,-0.012355458,0.029301817,-0.15504517,0.49652228,0.11687141,0.40972745,-0.15958661,-0.11400426,0.16636719,-0.45973846,0.20700319,0.050227243,-0.21782754,0.42776832,-0.34383115,0.40923825,-0.1533652,-0.37593758,-0.2584918,0.07119753,0.38365427,0.020414948,-0.33779004,-0.3042198,0.6046986,-0.43402517,-0.2653957,-0.93780416,0.2054209,-0.21709360000000003,-0.2011488,-0.13175099,0.124696694,-0.28031033,-0.022033182999999998,-0.14114596,0.15567909,0.08561028,-0.0006765176700000001,-0.012059611000000001,-0.11500301,0.04541424,0.10196767,-0.0008605967,0.31401843,0.120614536,0.12440462,-0.013731643,0.0042941705,0.2034192,0.060897034,0.03737851,0.022117592000000002,-0.12795499999999999,-0.07083197,0.038411655,-0.23003036,0.117807515,-0.09887873400000001,0.5582901,-0.14377652,-0.0740719,-0.2856067,0.19464864,0.06339557,0.10362133400000001,0.2173676,0.37699103,0.4574457,0.13053663,-0.03380912,-0.24317539999999999,-0.17300455,-0.35698906,-0.02873539,-0.34184873,-0.21313769,-0.04522735,0.56878626,0.039563946,-0.12663586,-0.21150918,0.33677199999999996,0.31995496,-0.10965683,-0.12257915,-0.21091776,0.17402114,-0.008362289,-0.27032405,-0.19515187,0.029169874,0.033982407,-0.34987423,0.40725207,-0.011079396000000002,-0.05920491,-0.16819848,-0.31628796,0.40603113,-0.41567776,0.47239359999999997,0.013800678,0.32426077,0.27112379999999997,0.033859823,0.32847607,-0.15912208,-0.32486442,-0.095529415,0.17426018,0.09730396,0.007096401,-0.39284384,-0.41649446,-0.4786565,0.09288835,0.24806565,-0.19950373,-0.10052539999999999,0.116350055,-0.3039923,0.19111554,-0.10964415,-0.034792427,0.22357517,0.10833109,-0.3892343,0.16136675,-0.033924993,-0.32606766,-0.27903953,-0.020679647,0.0024791334,-0.7609449,-0.04842052,0.23947114,0.020857261000000002,0.310701,-0.40907454,-0.06687979,-0.22089688,0.031216582000000003,-0.62910193,0.14509816,0.12170934,-0.4283953,0.09150928,0.06677467,0.007441604,0.3095564,-0.447471,0.3382417,0.10129773,-0.078195445,0.0004260121,-0.49639305,0.27617374,-0.12072307,-0.16561170000000003,-0.08111188,-0.30338213,-0.04680298,-0.13824373,0.18521479999999999,0.12597830000000002,0.00022230793999999997,-0.047189493,0.17284662,-0.051246855,0.07545972599999999,0.112091154,-0.6575634,-0.06974869,0.10944736,0.2818428,-0.064616635,0.36795154,0.10966009,-0.24047023,-0.42581666,0.1288767,-0.06982049,-0.05953413,-0.0082367165,0.14004467,-0.21809442,0.19347703,-0.34797463,-0.28037998,0.14836617,-0.29797003,-0.026781837000000003,0.17280032,0.14843456,-0.11526366,0.11298921,0.07770281,-0.07042376,0.32923523,-0.11675951,0.011987438999999999,0.076044746,-0.08948281,0.06401361,0.20043315,0.19675452,0.11389435,0.13411823,-0.03550916,-0.4664905,0.24056284,0.18484966,-0.15730369,-0.33785093,0.53348625,0.25158015,-0.24319093,-0.33831940000000005,0.15395586,-0.27605155,-0.20630223,0.09740255,0.02552402,-0.070261545,0.8194347,-0.10260758,0.16691005,-0.020638535,-0.35010377,-0.03740765,0.080366224,0.28516522,-0.04643644,0.31877459999999996,-0.06349216,0.49302098,-0.21453565,-0.0010953862,0.18847756,0.10404529400000001,0.028154885,0.42571554,-0.16432607,0.17935632,0.4061308,0.5424463,0.3734524,0.16419275,0.34615263,0.27394107,0.5501656,0.48458144,0.2775534,0.48171040000000004,-0.31262675,-0.17011122,0.08134810599999999,0.42360559999999997,0.21216588,0.26874109999999996,-0.24170494,0.44908437,0.09336149,0.27733487,0.550309,-0.23964270000000001,-0.0032832099,0.14391221,-0.077616885,-0.32270440000000006,-0.18057199,-0.017065287,-0.010723011000000001,0.09280748,0.14231564,0.08661189999999999,0.061884325,0.18770315,0.22002167,-0.033699382,0.10476527,0.048331812,-0.19027193,-0.111715205,-0.329268,-0.26655906,-0.16368319,-0.819743,0.077951916,0.21646762,-0.15739341,-0.20567031,-0.089809835,-0.037427437,0.06524445,-0.15804884,0.18974014,-0.34027529999999995,0.3666712,0.14053985,0.390704,0.059912905,0.13631141,-0.21449997,-0.25057217,0.3116531,0.23527193,0.11636031,-0.010009204,0.3921206,-0.52524024,0.004748090999999999,0.19317208,0.51822823,-0.7071137,0.23209971,-0.09247983,-0.05732584,0.09359545,0.07240633,-0.32630622,0.22561769,-0.40631428,-0.07233139,0.15101692,0.09629166,-0.31387386,0.08101905,0.05163811,0.41821596,-0.17843772,0.10848978,0.19017617,0.22629082,0.15920614,0.16791327,-0.014094643,-0.2602508,-0.16012654,-0.027121475,-0.14796562,0.13469413,0.2743939,0.25469562,0.12719196,-0.08255675,-0.0030312390000000002,-0.24432181,-0.061044294000000006,-0.35771403,-0.33330820000000005,0.0006745178,-0.0898299,-0.03501248,-0.01302057,-0.3107948,0.10943594,0.13127722,0.13088506,-0.06745558,0.20569642,0.10905415
104,6,-0.054813728,-0.38652295,0.14660357,-0.054749213,0.17755036,0.21443644,-0.16514525,0.58807796,-0.034055155,-0.3093617,-0.0062173307,0.14510572,0.06037609,0.2845442,-0.14935137,0.27583158,0.15400428,-0.31260937,-0.09520043,0.023368477999999998,0.2856825,0.35463622,0.09666268,0.36014240000000003,-0.020309528,-0.13601299,0.20791568,0.024195027,-0.0020213476,-0.0052622287,0.28100690000000006,0.124853775,-0.15837611,-0.20797618,-0.1706386,-0.015000495,0.1096482,-0.20696583,-0.45213792,0.10194306,-0.38188702,-0.1295797,-0.17124419,0.10334712,-0.11958822,0.23094507,-0.18036292,-0.4254093,0.14564724,-0.11780202,-0.38203216,-0.058164172,-0.20885976,-0.0439931,-0.049295,0.686387,-0.06950222,-0.41444638,-0.28449687,-0.1495386,0.07585470400000001,0.0047287642999999996,0.29530343,0.21933360000000002,0.11601587,0.10351522,0.094541,0.30179837,-0.44158965,-0.039627124,-0.21559456,-0.32119972,-0.180327,-0.1515128,-0.17896318,-0.109100714,-0.3206516,0.15043637,0.11061504,0.08309314400000001,-0.03301354,0.07609654,0.22404042,0.178903,0.34161982,0.03687258,0.04720056,-0.015037291999999999,-0.06547342,0.38895044,0.24627732,-0.67130303,0.05535919,0.0071481583,0.14716625,0.23529467,-0.26802394,0.15171087,-0.09737860400000001,0.504634,-0.059153892,-0.056353632,0.026492171000000002,-0.22940113,-0.2226757,-0.2656712,-0.13584957,-0.082823046,-0.040228522999999995,-0.05219805,0.12719493,-0.33948386,-0.2245158,-0.3495796,-0.23405993,-0.26312947,0.109146945,0.40975806,0.28865796,0.32133925,0.36558179999999996,-0.23716576,0.21845973,0.34409478,-0.09734642,0.2838509,0.06137935,0.00834351,-0.27430156,-0.13439327,0.112898834,0.25943518,-0.092509516,-0.17230761,-0.19378206,-0.08296553,-0.052866634,-0.09560029,-0.31549299999999997,-0.13913792,0.03972009,0.2281654,0.16028814,-0.11610535,0.29191288,0.15544215,0.0005543128400000001,-0.2502163,0.44142562,0.20242293,-0.014874293,-0.11195674,0.029903002,-0.17328078,0.025566459,-0.17045574,-0.088022314,0.28125212,-0.24869703,0.29112697,0.43336254,-0.06990652,0.13175185,0.31974307,0.42621106,0.081444845,-0.32802123,-0.0206432,-0.20806053,-0.12939933,-0.02870081,-0.35568988,0.6449645,-0.25679937,-0.19974053,0.32497302,0.22722557,0.35646877,0.46065829999999997,-0.048454408,-0.5885497,0.107423894,0.118681915,-0.06783861,0.32889524,0.02176525,0.06165461,-0.12706098,0.27336666,0.1958179,-0.29678518,-0.07849299,-0.08703122,-0.26855037,0.02131006,-0.44512782,-0.14539638,-0.14109004,0.049247745,0.02926771,-0.083020315,-0.1319017,0.3311065,0.0800603,0.1421297,0.25318209999999997,0.185777,-0.05011838,0.09788083,0.5919894,-0.08420533,0.41084215,0.29761487,0.00839941,0.12130383,0.041608017000000004,0.1131275,0.05990104,0.27716532,-0.19346361,0.07910716,0.05811063599999999,-0.2994097,0.1816829,-0.085741416,0.9997963,0.07773801,-0.26005203,0.053575877,-0.00817674,-0.22738305,-0.17833770000000002,0.32537633,-0.14513418,0.29365036,0.11355697,-0.060595986,-0.23698626,0.05046487,-0.41278204,-0.40224099999999996,-0.010714288,0.05361456,0.36579373,-0.09918716,-0.29143292,0.09121511,0.087581135,0.04095802,-0.08955433,-0.45094204,-0.5373041999999999,-0.06348662,0.08208766,-0.48479015,-0.3939419,-0.24860169,-0.21263403,-0.20837873,0.025454931,0.17743042,0.24756385,0.17490478,0.17577483,-0.19293362,-0.11080944,0.03807759,0.52536553,0.33008343,0.07895041,-0.3957765,0.20166598,-0.22697759999999997,0.42864314,-0.4436597,0.12777029,0.29345570000000004,0.1600848,-0.028648961,0.2405348,0.16284336,0.22130623,0.1309909,0.021836427999999998,-0.17010112,-0.3972795,0.11115161,0.30966988,-0.036612682,-0.076745875,0.0805284,0.26214603,-0.25690645,-0.29054640000000004,0.43210465,-0.07922426,-0.08978875,0.023376967999999998,0.14944315,-0.41382888,-0.16928206,0.005220224,0.41001743,0.23193413,-0.084822364,-0.05258237,-0.08596081,-0.38100959999999995,-4.5721574,0.11530638,-0.00011503818,-0.34747007,0.16620399,-0.32388487,0.22538848,0.051294424000000005,-0.3640644,-0.30900973,-0.06797166,-0.33117005,0.06448716,0.17767881,0.17846692,0.33035192,-0.19975594,0.13990739,-0.21123011,0.39488429999999997,-0.12455347,-0.22882757,0.17812014,-0.083669044,0.26164427,0.09892763,-0.25421888,0.13884701,-0.33234853,-0.043896724000000005,-0.3230614,-0.0402401,-0.15296265,0.07145212,0.09329914,-0.27077186,0.09374308599999999,-0.5485432,-0.22511597,-0.23238973,0.056712404,-0.17203702,0.20757057,0.057247132,0.64553356,-0.08557631,-0.007914065999999999,-0.27502632,0.32360557,0.08709195,-0.05700311,0.1845934,0.013206451000000001,-0.07179676,0.053851616,0.29089317,0.4250876,0.25841922,0.034944702,0.044385843,0.056823276,-0.030872503,-0.24442385,-0.26786679999999996,-0.20822652,-0.14726587,-0.33832985,-0.16731097,0.045648295,0.22333893,-0.3235775,0.09019987,0.09097348,-0.9179874,-0.10241889999999998,-0.025455072999999998,-0.18158223,-0.08615028,0.3093169,0.025110342999999997,-0.36930373,-0.49668384,-0.032941464,-0.36684924,0.027754156000000002,0.035980836,-0.058752704,-0.15251271,-0.18291563,-0.0865433,0.07867652,0.31788155,0.11217557,-0.024209445,-0.25811633,0.088819526,0.1034552,-0.17773235,0.12797478,-0.2354953,0.2750578,-0.23560636,0.49960712,-0.11113656,-0.120382555,0.16923657,-0.6113921999999999,0.28796527,0.16335173,-0.15381287,0.43584213,-0.33625054,0.45493367,-0.1955165,-0.34986648,-0.39485879999999995,-0.020181298,0.27330170000000004,0.16982464,-0.46633336,-0.23210095,0.29276702,-0.34101173,-0.7044585999999999,-0.9384994000000001,0.22655673,-0.10064991,-0.22153798,-0.28822929999999997,0.12559599,-0.104741864,-0.10046815,-0.06689616,0.09182644,0.21002176,-0.035451132999999996,-0.28808945,-0.12757875,0.03435117,-0.11974064,0.07043913,-0.03684716,0.008296438,-0.15073854,0.19407949,0.054539472,-0.014817816999999999,-0.08839659400000001,0.19611709,0.16815351,0.13946389,-0.15160413,0.15390524,-0.31301100000000004,-0.18896915,-0.08913528,0.31801745,-0.28712615,-0.40773368,-0.12900914,0.35899237,0.10082312,0.071540885,0.16825919,0.33173388,0.26526093,0.20412113,-0.28621227,-0.050784558,0.18568514,-0.20806958,-0.17145744,0.1259136,-0.27012116,-0.06356479,0.69648784,0.2177236,-0.31315556,-0.31083152,0.44386629999999994,0.20180184,-0.24543332,-0.11675529,-0.21518713,0.06259632,-0.1539412,-0.0046749623,-0.26097658,-0.19369423,0.08498741,-0.41792873,0.33877712,0.11212285,-0.17484231,-0.16768707,-0.17287849,0.47526214,-0.14761181,-0.1307447,0.037595082,0.21867386,0.29544628,-0.089270905,-0.13829845,0.095240355,-0.12951614,0.1247471,-0.011691842,0.1424415,0.19614422,-0.25824258,-0.5321749,-0.32007924,-0.14438246,0.13508058,-0.10820448,0.008473444,0.12160944,-0.68723106,0.101623245,0.11573275,-0.26042634,-0.10795005,-0.06098155,-0.5123694000000001,0.27281627,-0.13232839,-0.22793102,-0.27923286,0.0064769983,0.019109635,-0.6448726,0.30874386,0.109927885,0.32637677,-0.051420994000000005,-0.205104,-0.20910396,-0.06416193,0.097450145,-0.26804540000000004,-0.04577192,-0.022907145,-0.27250832,0.116077,-0.022205557999999997,0.065351486,0.21465988,-0.20946395,0.37238112,-0.13777223,0.012110909,-0.14111817,-0.6769053,0.26755500000000004,-0.2497015,-0.040062528,0.12849629,-0.14683859999999999,0.08576983,-0.15345101,0.38459238,-0.027950102,-0.12314592,0.21290689999999998,0.14232892,0.30103123,-0.00075634924,0.121535406,-0.42941707,0.3649347,0.15717453,-0.006082505500000001,0.2649477,0.20562309,-0.18601294,-0.40501747,-0.31458974,0.6129869000000001,-0.5502109000000001,-0.098371975,0.18419112,0.11986076,-0.12812062,0.23791589,-0.1861361,-0.21957481,0.17255509,-0.31463292,0.030858595,0.43017918,0.048831154,0.07869895,0.19528739,-0.06186593,0.25336593,0.22800693,-0.29533538,-0.15897292,0.14928356,0.24032614,0.09963414,0.16944884,0.27893287,-0.12866677,0.062170435,-0.11109052,-0.5332533,0.18505956,0.1680266,-0.46801886,-0.40056142,0.28690812,0.5471180999999999,-0.11463505,-0.41685020000000006,0.03974881,-0.14044021,-0.42657563,-0.092271134,0.16673729999999998,-0.04746503,0.72643995,-0.08793812,0.23523870000000002,0.051560234,-0.53027135,-0.13192979,-0.114415266,0.33966225,0.11649831,0.4818751,-0.17343506,0.29502586,-0.19346051,0.021654679,0.36938813,-0.09018999,0.07293440400000001,0.041119248,0.11164968,0.041595022999999995,0.43500137,0.34015572,0.16366021,0.14705102,0.18533722,0.21023956,0.5834919,0.28523824,0.15859304,0.49195140000000004,0.11056479,-0.056510385,-0.05126805,0.25376785,-0.09500734,0.39227244,-0.08633982,0.21235515,-0.1145616,0.15746309,0.37987086,-0.3027848,-0.052864805,-0.018141063,-0.07687937,-0.12587488,-0.3159748,0.030402488999999998,0.14767084,0.3227393,-0.06596244,0.29520285,0.057763364000000005,0.012620273000000001,0.21500333,-0.053190472999999995,0.0064320797,0.20216402,-0.37573832,-0.24979995,-0.34360686,-0.3100443,-0.27754387,-0.8309899,0.23926617,0.06257399,-0.24777064,-0.07409565,-0.12069843,-0.1960647,-0.088012725,-0.106355324,-0.00080636406,-0.31476158,0.065806605,0.09447283,0.3170221,0.012075889,0.20936266,-0.33469892,-0.18031599,0.20595942,0.13333139,0.08009465,0.10180757,0.5580459,-0.6680522,0.04209227,0.26621574,0.29816943,-0.65801615,0.42370513,-0.32252085,-0.12651631,0.19592756,0.08955010000000001,-0.26342002,0.12514718,-0.049667872,-0.341861,0.2328587,-0.02753279,-0.15891328,0.22385417,0.10425438,0.44833854,-0.075083494,0.21251449,0.12188763,0.38684959999999996,-0.08773357,-0.10571374,0.040261153,0.05800158,0.035667807,-0.15241456,-0.24851231,0.05791415,0.15971847,0.16503124,-0.0012323882000000001,0.17033413,-0.14040475,-0.30919534,-0.09270321,-0.2094601,-0.28620508,-0.17978011,0.012679743,0.031099524,0.34065154,-0.2417604,0.19387802,0.21608804,-0.07722102,-0.07032253,-0.1341766,0.36642137
105,1,-0.10831421,-0.13755585,0.19110933,-0.18503955,0.044699132,0.041128899999999996,-0.11774181,0.057264015,-0.026934786000000002,0.22712067,-0.17587794,-0.10070130000000001,0.0048858495,0.53537095,-0.28258938,0.43126887,-0.05628552,0.050608642,-0.48363500000000004,-0.026227219,0.100013725,-0.13776045,-0.07137707,0.47369722,0.40428990000000004,0.16332439999999998,0.089859836,-0.09048619,-0.12208737,0.16100150000000002,0.20940903,0.17105871,0.025521586000000002,-0.18435837,-0.18404298,0.04283124,-0.14035486,0.06524975599999999,-0.30775815,0.3208881,-0.10400918,-0.2935098,-0.3782495,0.20096108,-0.22615320000000003,-0.15716948,-0.08925425,0.0733187,0.12392894,-0.13941628,-0.28726979999999996,-0.016746689,-0.57078993,-0.26580940000000003,-0.0032780384999999998,0.74909204,-0.17949757,-0.34680679999999997,-0.32856885,-0.26984492,0.27265748,-0.086605534,0.23811965,0.028709507000000002,0.18653074,0.19739169,-0.017002085,0.49660587,-0.4259656,-0.16892062,-0.09731165,-0.3276466,0.08107295,0.41454142,-0.35932186,-0.077941455,-0.15303722,0.3169108,0.09830628,-0.021805203,0.054052018,0.17338334,-0.08407617,0.370163,0.2256455,-0.02504208,-0.012896706,0.12991421,-0.08331956,0.38218448,0.35112202,-0.09856744,-0.2563986,0.12915984,0.18398647,0.15331332,-0.34014803,-0.15715781,0.03243341,0.044181085999999994,-0.06355988,-0.12396438,0.16995175,-0.09572276,-0.21804701,-0.011093186000000001,0.27875736,-0.09304225,-0.02908491,0.023102796000000002,0.18381082,-0.28203318,-0.13688616,-0.22085324,-0.07108067,-0.09265754,0.14325725,0.2808948,0.23296045,0.084512584,0.14223151,-0.1260168,0.041427042000000004,0.5194572000000001,0.062071018,0.25545752,-0.34601750000000003,0.09259788,-0.18899265,-0.066680655,0.28607658,0.29352584,0.16938753,-0.31131178,-0.21677184,0.24157636,-0.1602479,-0.044634442999999996,-0.2562975,0.0016477057999999998,-0.06487193,0.15805537,0.04437582,-0.14191821,0.34180975,0.2605186,0.00016460022,0.10930319999999999,0.094560504,0.14200172,-0.1920458,-0.039428807999999996,0.11562730000000002,-0.25884688,-0.012889015,-0.043786343,0.087543815,0.10111444,-0.08758426,0.1480133,0.29569146,0.13189296,-0.0027212938,0.08004586400000001,0.19110051,0.11638084,-0.25625622,0.02040586,-0.38654390000000005,-0.09001984,-0.37219109999999994,-0.5278010000000001,0.52011055,-0.12550452,0.15433861,0.1433237,0.22303104,0.22263233,0.33198708,0.052261107,-0.8805521999999999,0.0005692144,-0.020925377,-0.32431936,0.29295266,0.136951,0.042271495,-0.29316825,0.32165772,0.115689784,-0.50011486,-0.12187789,0.07366916,-0.1972188,0.063656755,-0.15499647,0.3068112,-0.077020235,-0.22431687,0.20121498,0.08776816,-0.06641375,0.32192108,-0.09192524,-0.17532776,0.34678856,0.47621873,-0.16397797,-0.11865742,0.09587088,-0.3686978,0.36183974,0.13169526,0.030997125,0.06453268,-0.25353402,0.42375448,-0.2579247,0.15853246,-0.11113963,-0.033504326,0.115797974,0.05466551,0.27145687,-0.1771758,0.97086775,0.18677449999999998,0.035075173,0.10515429,0.38741654,-0.2652257,-0.32028070000000003,0.21323974,-0.003029265,0.13715114,0.19786276,-0.16145523,-0.11962279,0.005717774399999999,-0.23285636,-0.18020609,-0.05314169999999999,0.19941879999999998,0.16282494,-0.008607992,-0.19621071,-0.047442038,0.031639695,0.07794794,0.0005830109,-0.33621347,-0.27817518,-0.042962383,-0.21984123,-0.381142,-0.26238725,-0.15258744,-0.24176499,-0.14975892,-0.041575897,-0.06025202,0.120455645,0.35014373,0.15684263,-0.27143896,-0.34802333,0.049225025,0.27061462,0.44921494,0.047170732,-0.30267465,0.08484881,-0.0776172,0.26514536,-0.38982266,0.027276505,0.33266556,0.06813381,0.22125073,-0.041102454,0.4134718,0.28962216,-0.19739053,-0.05227455,-0.098049685,-0.16243085,-0.19193783,0.15648083,-0.14071022,-0.26764905,-0.087630875,0.16304429,-0.22810449,-0.23539981,0.5741815,-0.08357923,0.0038841486,-0.16475846,-0.09619319,-0.3282503,-0.11386204,0.06842869,0.08510692,0.08068756,-0.18107846,0.15953748,-0.07035788,-0.40295914,-4.5331573,0.051354925999999995,-0.07616496,-0.13786454,0.64866525,-0.079646565,0.28881009999999996,0.2195734,-0.55647564,0.008615552,-0.16158873,-0.11066501599999999,0.24766235,0.23775235,0.3416499,0.54445165,-0.057834994,-0.14381471,-0.07276608,0.26003653,0.11803733599999999,-0.19132808,0.051256225,-0.15472871,0.55074894,0.15028606,-0.20453121,-0.018428126,-0.40132445,-0.21923582,0.024960946,-0.23177952,-0.28899640000000004,0.33251145,-0.06136479,-0.044013526,0.0003560861,-0.5212236,-0.13731386,-0.2758862,0.043314148,-0.25792354,0.2535074,0.03728826,0.52312964,-0.0040086806,0.075875014,-0.23786911,0.011229745,-0.049775205999999995,0.027811525,0.16503362,0.10760304,-0.15978055,-0.10322464,0.2095353,0.2581398,0.72121555,-0.06747381400000001,0.21672559,0.47214409999999996,0.08854353,-0.20751365,-0.16967627,-0.36677366,-0.09642967599999999,-0.3603872,-0.68063647,-0.026248466,-0.04643295,-0.43536416,0.2068698,-0.047460284000000005,-0.72191185,-0.27462065,-0.15091188,-0.2792671,0.024790347,0.36178259999999995,0.1273117,-0.21749698,-0.53673196,-0.028371517000000002,-0.18501717,-0.028335872999999998,0.060878615999999997,-0.038493928,-0.30593390000000004,0.12917434,-0.114345714,0.08509769,0.10253014,0.17310698,0.25279275,0.0031347345000000003,-0.15152553,0.26851204,-0.0105607165,0.15100679,-0.33297223,0.004358679,-0.053749744,0.13788268,-0.41099527,0.05532487,0.032578748,-0.4477929,0.03516512,0.10255898,-0.17077878,0.33561399999999997,-0.21987249,0.28842488,-0.0303698,-0.38808400000000004,-0.21130781,-0.0007760366,0.2831782,0.20541891,-0.2701086,-0.2888559,0.5539675999999999,-0.38276613,-0.0807915,-0.5489909000000001,0.19165207,-0.07643771,-0.26475108,-0.33608124,-0.07137341,-0.21928240000000002,-0.21566555,0.06155161,-0.014414298,0.29131740000000006,0.03349429,0.005205670999999999,-0.11787439,-0.27447844,0.12966196,-0.087569326,0.050997152999999996,0.21662064,0.07459719,0.3130401,-0.014647871000000002,0.095576875,0.12103484,0.11285961,0.06689898,0.1293924,-0.2528599,0.17170909,-0.23532435,0.053851057,-0.04744975,0.53344953,-0.18853635,-0.23605303,-0.25388798,-0.016148536,-0.01071404,0.03068893,0.21032588,0.3316074,0.45838368,0.10211182,-0.002179563,-0.10181163,0.069201395,-0.30196115,0.04220887,-0.40308768,-0.308461,-0.12579753,0.48829279999999997,0.15799846,-0.30178174,-0.1289089,0.42366657,0.29416046,-0.19423932,0.02951378,0.07372572,0.30667523,-0.07806678,-0.19564678,-0.11180647,0.01140129,-0.099820256,-0.24972111,0.40114906,-0.06541013,0.036885966,-0.045899503,-0.19253086,0.54062355,-0.296145,0.34939146,0.25178367,0.043832563,0.06993782,-0.024593523,0.12680782,0.06722836,-0.35279402,-0.21843964,0.15989038,-0.08881751,-0.29915038,-0.07628904,-0.32353476,-0.13943997,-0.07072558,0.009289971999999999,-0.052727904000000006,-0.20144908,-0.023557074,-0.27851385,0.13706365,-0.08476426,0.045704327999999995,0.28722048,0.11386543,-0.43158959999999996,-0.11252606,-0.21554738,-0.25590357,-0.10073248,0.10962213,0.060643774000000004,-0.6067149000000001,-0.10897139,0.14496359,-0.06724819,-0.090615936,-0.53202856,0.20016232,0.0013979385999999998,-0.085534476,-0.44146302,0.015359753,0.06912837,-0.535008,0.11808904,-0.15009643,0.047109094000000004,0.42289782,-0.16410741,0.28050172,0.051302205999999996,0.13642563,0.075135835,-0.6253385,0.08174339,-0.33438358,-0.08557878,-0.29696736,-0.21597719999999998,0.042813994,-0.112764925,0.27920854,0.21174346,-0.18121573,-0.05575745,0.05384363,0.1542853,0.072851755,0.26356092,-0.56081307,-0.39372090000000004,0.15900443,0.12138552,0.16217747,0.28969565,0.16579959,-0.021798946,-0.43960285,0.31537497,-0.24523376,0.09110923,0.17634071,-0.1655681,0.04874335,0.24891707,-0.15530749,-0.03668958,-0.011375416999999999,-0.25021818,-0.0007408380599999999,0.36312255,0.23398921,-0.16335031,0.071212135,-0.23411517,0.08917112,0.022434201,-0.051686786,-0.30469552,0.12439306,-0.09321421,0.23209924,0.05242097,0.119878925,-0.015815608000000002,0.22986437,-0.08441810000000001,-0.35413226,-0.064957395,0.14284144,-0.25586036,-0.47942334,0.46446273,0.24425901,-0.22661908,-0.17628461,0.17309317,-0.37248012,-0.31133235,0.02288655,0.10543469,0.007048988199999999,0.75555885,0.104009666,0.35322836,-0.09627077,-0.30338496,-0.13357295,-0.03310228,0.20936220000000003,-0.13898483,0.34741873,-0.06899999,0.42349988,0.15227368,0.14862293,0.43147898,0.2941574,-0.10933677,0.16226622,0.011304577,0.19875266,0.36923397,0.19543514,0.16609801,0.1193414,0.19229695,0.305663,0.28451064,0.25552055,0.09712369,0.32942554,-0.054010134,-0.12347876,-0.23267372,0.30185854,-0.09724947,0.12961453,-0.21569869,0.2454844,-0.016167002,-0.04843139,0.06605086,-0.17788783,-0.10410949,-0.086606026,0.24057741,-0.25752154,-0.097609326,0.06986539,-0.047935865999999994,0.180098,-0.09975787,0.25367552,0.12351554,-0.19047992,0.051736477999999995,-0.241537,-0.09590759,0.027466297,-0.22761154,-0.24082163,-0.35717183,-0.30500582,-0.10204409,-0.6421303,-0.0465026,0.11694589999999998,-0.25591934,-0.17063306,-0.06772256,-0.23579215,0.11374359,-0.07218630000000001,0.06948009,-0.15294145,0.30010012,-0.022511931000000002,0.506583,0.014836232,0.23870678,-0.17003061,-0.26400587,0.21128395,0.31289867,-0.083557285,0.13041364,0.08321716,-0.33008940000000003,0.046464625999999995,0.14720082,0.6395055000000001,-0.70557207,0.41622159999999997,-0.18342504,-0.02577415,0.007611486,0.09693034,-0.22405262,0.107083745,-0.39052950000000003,-0.057174142000000004,0.15493922,0.1135969,-0.39432898,0.20102713,0.006229265,0.36328954,-0.08935262,0.11824486,0.22894720000000002,0.40846556,-0.18760695,0.18127079999999998,0.10415905,-0.13996808,-0.3121021,-0.052274704000000005,-0.19699338,0.1299026,0.23214200000000002,0.040689766,0.16382188,0.15203324,-0.24933736,-0.45409160000000004,-0.11434649999999999,-0.13920625,-0.56856006,-0.09042951,-0.08372341,0.25507447,-0.039594855,-0.3217802,0.15047850000000002,0.118892945,-0.12054745,0.056565408,-0.10603213,0.14040612
106,6,-0.30305493,-0.43725616,0.35141479999999997,-0.12644953,0.54525596,0.0028685068,-0.14775416,0.5221361,-0.21170516,-0.3258922,0.2786348,-0.08647172,-0.15181191,0.50773764,-0.30199380000000003,0.18534389,0.23070545,-0.09667487400000001,-0.042489532,0.1117134,0.15880446,-0.13951017,-0.09637255,0.42108855,-0.14649637,-0.41219962,0.32163998,-0.078654826,0.110264204,0.3557027,0.09403392,0.24199909,0.13898204,-0.084346265,-0.12618434,-0.13314603,0.2203654,-0.4006739,-0.39361727,0.15407847,-0.17501166,-0.47892195,-0.20273903,0.20329125,-0.16094418,0.13100302,0.06584491599999999,-0.017881252,0.14465176,-0.002692922,-0.49441546,-0.073791236,-0.48273867,0.035548378,-0.11553421,0.6582804,0.026601015,-0.4957888,-0.07035692,-0.28924528,0.05150790000000001,-0.084962845,0.4756513,-0.15433405,0.24209143,0.22905163,0.04311779,0.1029377,-0.363207,0.14062162,-0.33611697,-0.21831370000000003,0.03141952,-0.10268076,-0.29149374,-0.22203241,-0.55220205,0.13205609,0.30650374,0.105355404,0.19241446,-0.03220359,0.29578567,0.44609508,0.12419577,0.23326217,-0.17266057,-0.26768756,-0.13623066,0.7821100999999999,0.33672044,-0.6871666999999999,0.112479165,-0.14206629999999998,0.19758584,0.24807148,-0.40359140000000004,0.098719575,-0.12857129,0.42888108,0.07192851,0.22115827,-0.14218721,0.20760533,-0.10879332,-0.20726521,-0.012768068,0.106049545,-0.30196035,-0.005264987,0.053603694,-0.31778059999999997,-0.15117347,-0.3401657,-0.35893682,-0.31148076,0.30186003,0.19548121,0.34327576,0.35187405,0.5030315,-0.10924782,0.30233649999999995,0.7157719,0.14751366,0.49858016,-0.0028344288000000002,0.026402123,-0.2930828,-0.017365765,-0.044732507000000005,0.29075490000000004,0.16668239999999998,-0.36801636,-0.3855818,-0.16283698,-0.32810429999999996,-0.020015754,-0.4869718,0.17673312,-0.21962817,0.40039834,0.2219522,0.12431868,0.277287,0.37480906,-0.02312222,-0.22005725,0.45405249999999997,0.010394273,-0.21620156,-0.1800494,-0.14969341,-0.13020216,-0.039553292000000004,-0.12536362,-0.35597035,0.19425116,-0.008256821,0.25607634,0.4531715,-0.013016578999999999,-0.2441834,0.37886859999999994,0.65707314,0.09058150000000001,-0.35829893,0.38815567,-0.17970912,-0.24793002,0.22386515,-0.5458771,0.25904447,-0.22371845,-0.19929229999999998,0.0136995595,0.36487412,0.109070666,0.34806693,-0.10020234,-0.9138059000000001,0.15324034,0.24548028,-0.31672803,0.016560681,0.33723658,0.06069311,0.21733908,0.06254576,-0.14175141,-0.01344309,-0.13478610000000002,0.044960752,-0.28127292,-0.11459710000000001,-0.41326985,0.010424572,-0.37435707,0.013401182,0.101141274,0.031492226,-0.17030527,0.23752324,0.07022888,0.06132423,0.36458898,0.6070952,0.10900349,0.3507355,0.34083453,0.08449039,0.29644507,0.27819279999999996,0.068558015,0.33122402,-0.23510882,0.13328685,0.14587691,0.26316798,0.004336960999999999,-0.059930715999999995,0.18640247,-0.52503407,0.22941779,-0.08671197,1.0274222,0.2352571,0.008211984,0.026246403999999997,0.055776253,-0.11678378,-0.060984634,0.38672990000000007,-0.020674365,-0.094642885,0.43072507,0.11704892,-0.02479557,-0.05423048,-0.54635924,-0.3032841,0.1810411,0.26974842,0.45790820000000004,0.06990494,-0.359578,-0.05985666,0.09317381,0.11431035,-0.47104162,-0.3892815,-0.610612,0.22219925,0.0638149,-0.43550429999999996,-0.66796756,-0.07296342,-0.16331893,0.013667047,0.0209024,-0.12187677599999999,-0.15168037,0.10214939999999999,0.15387766,-0.41538662,-0.24642535,0.08458239599999999,0.7267609,0.63865626,-0.13979681,-0.37584629999999997,0.32119167,-0.11556134400000001,0.27827162,-0.3742884,0.09616787,0.25888485,0.11239264,0.25666955,0.085625,0.22417448,0.247337,0.20371638,-0.058021754,-0.12739159,-0.13821307,0.14415151,0.117096394,0.07031712,-0.25560176,0.09941052,0.061397522999999996,-0.18516617,-0.30208296,0.2774235,-0.21392652,-0.24759352,0.015546455,-0.17050710000000002,-0.60822976,0.020900113999999997,-0.020550605,0.33758613,0.25744846,0.045683842,0.16126321,0.05547014,-0.42477033,-4.6142316,0.2859064,-0.28835604,-0.18945897,0.1284874,-0.5316951999999999,0.14460617,-0.015993774,-0.4888282,-0.031715587,-0.3067626,-0.2895205,0.14209099,0.27212426,-0.03972356,0.78333133,-0.6557337,0.18514937,0.10292275,0.49591019999999997,-0.11419579,-0.28665188,0.32263136,-0.25531378,0.41957697,0.0016720891000000001,-0.5429624,-0.007378308,-0.25044720000000004,-0.17555112,0.12972179,-0.22938721,-0.27966994,-0.037389234,0.15991302,-0.4766192,0.028632002,-0.6879976,0.04080382,-0.26030436,-0.030719547000000003,-0.11687441,0.2464486,0.47427732,0.5754329,0.108731605,0.11151987,-0.4972427,0.16194418,0.25853986,0.022002168,-0.20887281,-0.20830525,-0.21404874,0.14927225,0.2703978,0.39690393,0.32815003,-0.04480969,0.1883918,0.079967044,0.17716601,-0.49744937,-0.40838885,-0.49915370000000003,-0.053230114,-0.5622849,-0.5492158,0.16191928,0.0017517796,-0.014769395,0.27151036,0.02905157,-0.8926615,0.076616585,0.025509106,-0.28466487,0.32570443,0.28603885,0.10614391,-0.5061299,-0.3513078,0.05882062,-0.28727064,0.16581862,0.35713273,0.1007517,-0.22110686,0.012928819,-0.11994926,0.21813247,0.30589634,0.123090535,-0.042363696,-0.39433068,-0.14961867,0.16429357,-0.23490597,0.23454182,-0.29387063,0.2818966,-0.23018993,0.17324077,-0.39193895,-0.07006997,-0.12813888,-0.5080439999999999,0.12587743,0.29073453,-0.00614402,0.61285794,-0.7077285,0.28207362,-0.25713927,-0.29081598,-0.14449823,0.20190981,0.23253615,0.18555991,-0.40366644,0.08069396,0.6260969,-0.4713377,-0.80232626,-0.6815944,0.38450336,-0.31252286,-0.13524804,-0.57281446,0.04249277,-0.27486634,-0.27918813,-0.029156078,0.10648454,0.42977202,0.5121429,-0.25844017,-0.17624821,0.28185716,-0.13306057,0.17028405,-0.12329844,-0.05115926,0.10738389,0.3730795,-0.1379739,0.40818238,-0.05574391,-0.17482823,-0.1146873,0.3876018,-0.1604563,0.027977621,-0.10943706,-0.301359,-0.18884525,0.46030125,-0.22079621,-0.5461944999999999,-0.28094828,0.3670955,0.041252095,0.36210358,0.43418178,0.30309486,0.42229143,0.39893794,-0.26146579999999997,-0.001386944,0.2900837,-0.31965306,-0.17570144,-0.1999217,-0.46742803,-0.17255834,0.87557673,0.22437774,-0.24441779,-0.254297,0.6559961,0.05868755,-0.3309355,-0.06611167,-0.2332748,0.29942036,-0.18004064,0.027974099,-0.1318425,-0.14558642,0.06494978,-0.2939736,0.36750138,-0.105182804,-0.103074044,-0.01595534,-0.36065987,0.28003868,-0.34005246,0.08280512,0.23116243,0.08055455,0.19873907,-0.051177964000000006,-0.19421564,-0.13039967,0.028459698,0.40572593,-0.036380645,-0.012197588999999998,-0.043402832,0.10670045,-0.68770134,-0.106548175,0.042480856,-0.16459025,0.14874084,-0.07503087,0.20742567,-0.6174938,0.21694029999999997,-0.20746057,-0.20164749999999998,0.26330423,-0.14392628,-0.508214,-0.033850744,0.04618421599999999,-0.16466936,-0.016008256000000002,0.13956393,0.25907734,-0.2887651,0.0416255,-0.160278,0.35664544,-0.07163739,-0.17522527,-0.10236666,0.13161351,0.06534805,-0.41836840000000003,-0.27342668,-0.051456317,-0.34503138,-0.23124229999999998,-0.012457987,0.14947046,0.41611877,-0.2877008,0.31425357,-0.08629217,0.04352042,-0.11909041599999999,-0.72338736,0.46761107,-0.124592975,-0.34003672,0.39427158,-0.19535957,0.123987086,-0.067339085,0.40556496,-0.057468288,-0.21043119,-0.12962079,0.08364261,0.10626772,0.23592399,0.18683076,-0.29142317,0.20746836,0.34364796,0.5113916000000001,0.08860567,-0.047911199999999994,-0.25730297,-0.5844188,-0.24625088,0.49733722,-0.17654517,-0.08001943,0.11878273,0.11933335,0.14630899,-0.06844853,0.19876643,-0.32369749999999997,0.18090212,0.01122521,0.10287104,0.32756948,-0.16007094,-0.11120319,-0.0011428823,-0.26537204,0.26846775,0.14174297,-0.063727565,-0.12508404,0.16741994,0.1428287,0.35395762,0.0009996803999999999,0.2560833,-0.13588013,-0.06113070599999999,-0.2765962,-0.46138445,0.020633006000000002,0.28458622,-0.5600069000000001,-0.7596659,0.24615492,0.4936851,-0.020414367,0.0457151,0.09048187,-0.050958127,-0.34543866,-0.1184576,0.28141236,-0.110407546,0.56155944,0.018591816,0.44282743,0.07596582,-0.6623986,-0.22355616,-0.17563471,0.4001903,0.11126141,0.41428426,-0.06857875,0.48625588,-0.17673075,0.15331165,0.16967887,0.05081018,-0.16096799,-0.0076218247,0.12477821,0.20566688,0.37387013,0.05159263,0.23250699,0.015660886000000002,-0.18365820000000002,0.1477612,0.421349,0.19518626,0.05305898,0.4362348,0.03397301,0.1597439,-0.5182023,0.16061912,-0.1617307,0.18312162,-0.21189669,0.23766795,-0.09462609,0.1610574,0.24746005,-0.06086600599999999,-0.046448885999999995,0.08636707,-0.26770896,-0.20739329,-0.32727024,0.09065479,0.021805525,0.20974196,0.09125346,0.53635156,0.031772856,-0.26794103,0.09052119,0.10312731,-0.34952077,-0.009413056,-0.6301845,-0.2009241,-0.39805627,-0.467214,-0.15408704,-1.1137620000000001,-0.01923129,-0.08092147,-0.23982918,-0.04770164599999999,-0.24411787,-0.26810359999999994,-0.013602804,-0.0832018,-0.09780021,-0.2344194,0.42655635,0.036263894,0.33379674,0.040718585,0.31403747,-0.52893305,-0.03032812,0.08189816,0.0012058422,-0.1189933,0.49846402,0.47514120000000004,-0.55793303,0.046172988,0.15811545,0.5159682,-0.81254256,0.49382489999999996,-0.148498,-0.21229103,0.043593556,0.021232108,-0.4228482,0.2834022,0.0058385780000000005,-0.47978930000000003,0.09257169,-0.08151059,0.03768084,-0.06579862,0.10399919,0.25657043,-0.03979858,0.34253859999999997,0.38809836,0.65731424,0.049964762999999995,-0.07304991,-0.17954974,-0.1130272,-0.07996106,-0.34977224,-0.318329,0.117201775,0.27265197,0.19335507,0.15861699,0.13749135,0.04538494,-0.5606051,-0.20580973,-0.23414326,-0.19746399,-0.42257148,0.044578797999999996,0.28489709999999996,0.30727956,-0.08225808,0.17536326,0.0645955,0.07234484,-0.07674365,-0.080654085,0.14456134
107,14,-0.11023775,-0.06578345,0.2979844,0.033188753,0.21402158,-0.16271839,-0.11185841,0.41718343,-0.054211807,-0.10414338,0.30008224,-0.33289534,0.053773987999999995,0.29637665,-0.22535965,0.35701170000000004,-0.10585909,0.11107777,0.030851185,0.18533441,0.28045055,-0.083317794,0.040366944,0.46309078,0.45909047,-0.12856503,0.21474257,-0.09424015,-0.11441232,-0.19917528,0.6570261,0.34963390000000005,-0.33864394,-0.29825026,0.02143174,0.03427845,-0.18680713,-0.01866254,-0.19266778,0.14651659,-0.8463565000000001,-0.20521675,-0.17053188,0.17210437,-0.2902517,-0.16557883,0.090106964,-0.37888718,0.22114696,-0.019952703000000002,-0.41535828,-0.147334,-0.31009573,-0.13603157,0.042561818,0.53110594,-0.15812194,-0.47692029999999996,-0.7287346,-0.20413251,0.3256373,-0.24413948,-0.015155627,-0.43570516,0.43874994,0.009452613,0.33019102,0.50506157,-0.8515735000000001,-0.1914625,-0.312632,-0.11410928,-0.30911255,0.15057889,-0.07719913,0.18777116,-0.21502359,0.33017090000000004,0.08156557,-0.18967985,-0.30241427,0.37877557,-0.598226,0.19798870000000002,-0.030886643,0.31898585,0.04951744,0.11897426,-0.33412606,0.61478066,0.31802297,-0.42566413,0.24681044,-0.06906813,0.22449759,0.08745431,0.36766934,0.28663940000000004,-0.3179128,0.546294,0.20328952,-0.3518114,0.13252473,-0.5278983,0.07349344,-0.32703844,0.14246029999999998,0.13411879999999998,0.08753926,0.32109672,0.06904113,-0.012652303,-0.25407588,-0.036355156,-0.30215240000000004,-0.024852471,0.05622805,0.09127446,0.07410893,0.24225707,-0.07677618,0.12115578,0.20646079999999997,0.754346,0.11452838,-0.014551376999999999,-0.35334444,0.36995015,-0.101534426,-0.119082645,0.16976632,0.17203854,0.20513767,-0.46955487,-0.48665070000000005,0.1437484,-0.025305182000000002,-0.17952652,-0.47227466,0.024732154,0.12600677,-0.191111,0.37902534,-0.057884085999999994,0.17866912,0.25281653,-0.11850329,-0.15450105,-0.09346886,0.22768219,0.021111839,0.17098805,-0.017617054,-0.06456462,-0.05513879,-0.055465787999999995,-0.33604613,0.20770763,-0.22934413,-0.062198199999999995,0.58553827,-0.041337367,-0.021785142,0.41582295,0.123863645,0.09180588,0.094544284,0.36936414,-0.47281660000000003,0.11197664,-0.09357366,-0.12912665,0.7729680999999999,-0.3542163,0.21942875,0.17880177,0.26212654,0.13159041,0.10978454,0.16370793,-0.4706396,0.35420838,-0.0668541,0.051909182000000005,0.36663964,-0.0057388623,0.18258949,-0.21108595,0.15159284,-0.004281553,-0.27617020000000003,-0.15204181,-0.27384436,-0.16198872,0.18537422,-0.48997676,0.031323314,0.018858086,-0.3573938,-0.21285067,0.14405029,0.20405987,0.24774337,0.13057344,-0.1843682,-0.30053532,0.24401234,-0.16651726,-0.0028127467,0.39574984,-0.104364075,0.59096843,-0.020738826999999998,0.034498274,-0.13662617,0.08419784,0.018234868,-0.14867142,0.43437332,0.016307428,0.14799523,0.0018535219,-0.11641900000000001,0.2728446,0.039706793,0.7785659,0.09177139999999999,-0.6632892,0.10664003,0.46907222,-0.23302457,-0.027789087999999997,0.7528872,-0.22593103,-0.03444181,0.06263606,-0.43293098,-0.39215059999999996,-0.030650057,-0.08569561,-0.060132656,0.43219759999999996,0.18778294,0.25603932,0.34480035,-0.056463285999999994,-0.061132452999999996,-0.08939413,-0.102089785,-0.43719876,-0.61115783,-0.28511864,0.09675519,-0.47153363,-0.021499953999999998,-0.18477878,-0.3058785,-0.16292278,-0.12697765,0.03104525,0.6126208000000001,0.32704216,-0.13213049,0.106474206,-0.25201327,-0.45524287,-0.17365505,0.113218896,0.18760972,0.0086357575,-0.03823625,-0.13826585,-0.07350416,0.5973573,-0.2527424,-0.10379358400000001,0.27787656,0.03639286,0.080408424,-0.066625215,0.19610076,0.44383755,-0.11736041,0.18611011,-0.07867086,-0.26579157,0.151748,0.38004956,-0.04548699,-0.42530388,-0.011020128999999998,0.032093514,-0.37722790000000006,-0.5013398,0.56337583,0.027603138,0.17172581,0.29010790000000003,0.06087967,-0.22656986,-0.12478264,-0.19714181,0.30971727,0.35379824,-0.20381527,0.094088815,-0.075405255,-0.43522740000000004,-3.9440982000000004,-0.17794392,0.03995076,-0.27913895,0.26391456,-0.109413974,0.15982647,-0.12575594,-0.5050632,-0.20618698,0.15535553,-0.26760337,0.18293636,0.26625776,0.36990353,0.50433606,0.09677796,-0.017342474,-0.16773888,0.5045882,-0.05567942,-0.40289494,0.2892572,-0.06359374,0.31921592,0.38734356,-0.17279127,-0.13427342,-0.35959825,-0.027905398999999997,0.31866118,-0.16712125,0.07702858,0.3411123,0.08972015,0.09548151,-0.040768784,-0.38697007,-0.17862886,-0.26616168,-0.08828589999999999,-0.37579775,-0.0036276465,-0.20218949,0.76483315,-0.23389989,-0.07676397,-0.11242837,0.11013946,0.3304263,0.10504717400000001,0.043131302999999996,-0.323413,-0.28683057,-0.2292899,0.16882308,0.35079309999999997,0.64045584,-0.03314355,-0.24074991,-0.052545138,-0.14208615,-0.47143093,-0.31012455,-0.082848795,-0.28808606,-0.3468157,-0.18753770000000003,0.06373547,-0.070458,-0.012321637,0.2970575,-0.35760692,-0.4876249,-0.29309708,-0.071077906,0.16034088,-0.09631428,0.11263469599999999,0.12637395,-0.20767169,-0.35360584,-0.017000668,-0.12421671,-0.25894743,-0.2745448,-0.1265298,-0.35019502,-0.46254614,-0.71049446,0.03729994,-0.026558317,0.17125261,0.24939476,-0.06165208,0.062927425,0.41005290000000005,-0.34403864,0.031331755,-0.35958055,0.09023993,0.13340305,0.6522328000000001,-0.11593311,0.2337864,0.08118029,-0.48405138,0.09577589,0.09198884,-0.11478009,0.40525356,-0.5994474,0.41199009999999997,-0.17919962,-0.39114025,-0.11816606,0.26462182,0.34674302,-0.012094788,-0.1263818,-0.14549626,0.35228056,-0.36514568,-0.57857937,-0.8933562,-0.26413307,-0.41628350000000003,0.20228148,-0.21767515,0.28350708,-0.19685827,-0.22453931,-0.31178606,0.5763801,0.10560698,-0.13380145,0.06899567,-0.36577693,-0.017682021000000003,-0.060360394000000005,0.03647681,0.15188633,0.03936109,-0.03645055,-0.41042238,0.31063068,-0.08149645,-0.23945210000000003,-0.15611109,0.032510303,-0.34445840000000005,-0.44157258,-0.21251756,-0.5500049,0.11324637,0.04287813,0.60360724,-0.024711063,-0.03578705,-0.5844497,0.17983793,0.09911652,0.22586249,0.37157756,0.058089774000000004,0.47918640000000007,0.25921774,-0.1865105,0.014043379,-0.033769757000000004,-0.5625246,-0.19913599999999998,-0.12217287,-0.374973,-0.00013393036,0.76614875,0.22524321,-0.32723084,-0.36650926,0.1219132,-0.16043304,-0.21878767,-0.19454418,0.04668646,0.53409946,0.39566875,0.27577308,-0.36775285,0.010662281000000001,0.14482085,-0.28795597,0.4941068,0.006402734,0.027553367999999998,-0.21510862,-0.15922311,0.45268777,-0.39658654,-0.023563385,-0.0011211329,0.30743325,-0.16299611,-0.033488437999999995,0.16351296,-0.073364615,-0.37598354,0.0343792,0.38916266,-0.08593552,0.16067497,-0.28932634,-0.34990224,-0.47415492,-0.07661022,0.17199741,-0.3418309,0.053129155,-0.017595457,-0.24780665,0.29859734,-0.015914718,-0.16601232,0.09531333,0.06663417,-0.43551009999999996,-0.26491255,0.14221787,-0.04184148,-0.33802766,-0.07547507,-0.14819397,-0.90302914,0.062271144,0.09893734,-0.2943705,0.47861347,0.02165186,-0.30337729999999996,0.016401848,-0.44612086,-0.23513044,0.18734433,0.053971085999999995,-0.5501977,-0.041034166000000004,0.18294697,-0.104781635,0.40909693,-0.2580674,0.4159372,-0.082770355,0.1005744,0.06243420400000001,-0.33319023,0.27274382,-0.46291590000000005,-0.46023664,-0.1404319,-0.512834,0.049839432999999995,-0.05725408,-0.06712152,-0.11042073,0.0026078753,0.17175184,0.18003275,0.19118483,0.13080743,0.045032105999999995,-0.6485849,0.011049908999999998,0.0631327,0.0429586,0.021389477,0.17426822,-0.03477688,0.0008438195,-0.49883965,0.40678832,-0.258915,-0.17901269,-0.17894581,0.20878965,0.007957205,0.2726095,-0.10144362,-0.21147919,0.17238432,-0.03077373,0.10800557599999999,0.41388464,0.26288483,-0.14286892,-0.007858769,0.09858597,0.14137048,0.74172795,-0.23352757,0.24046823,0.15515138,0.17095855,0.036666255,0.23518805,0.25487623,-0.23932971,0.5094363000000001,0.19253549,-0.39756656,0.22927393,0.07514553,-0.08764948,-0.39644009999999996,0.6578409000000001,0.59624076,-0.3770148,-0.5302420999999999,0.055864625,-0.26178172,-0.19413237,-0.044567604000000004,0.038136944,0.06276543400000001,0.79683465,-0.297361,0.01987499,0.22283378,-0.34398290000000004,-0.21244829999999998,0.03827554,0.16175337,0.20130804,0.39791024,-0.3118689,0.44508293,-0.31978223,0.04909345,-0.17316052,0.019960446,0.15128544,0.18155816,-0.21407896,0.08516895,0.6078275,0.43914163,0.25225288,0.19309616,0.3423217,-0.21718267,0.84246224,0.38392273,0.28726077,0.48224989999999995,-0.08283998,-0.02002209,-0.06600749,0.29718795,0.21076424,0.39530715,0.06297857,0.62843084,0.15608981,0.08646118,0.19492075,-0.31498608,-0.21313386,0.0019734455,0.11185982,-0.09633189,-0.2027605,0.16221891,-0.32011998,-0.03261188,-0.20136388,-0.30456059999999996,-0.30009732,0.39690384,-0.007159409,-0.21214908,-0.21812005,0.23253977,0.12311841,0.056420904,-0.6940566,-0.12967394,-0.28725684,-0.47495640000000006,0.04159878,0.0032388490000000002,-0.20132105,-0.30279753,0.008796603,-0.06687968,0.304211,-0.21219869,0.09407573,-0.21732794,0.41614103,0.19654027,0.5747003,-0.18904644,0.057719458,-0.33973342,-0.122236654,0.14925927,0.46235275,0.28713807,-0.01659007,0.6381334,-0.32500429999999997,-0.018052077,-0.02474814,0.5072048,-0.6647103,0.03908145,-0.19357318,0.025987992,0.06835422,0.21106097,-0.219198,0.31525517,-0.46543035,-0.25248381,0.044571728,-0.0051722517,-0.08033769,0.2946282,-0.018920472,0.28909507,-0.30873176,0.09676995,0.026875496000000002,0.18404871,0.034817867,-0.052033167000000005,-0.21784014,-0.6314571,-0.30747268,-0.13646282,-0.12777837,0.1962126,-0.010029358,0.16208416,-0.02283732,0.13925296,0.5148946,-0.046330425999999994,0.012336783,-0.39781848,-0.22475123,-0.3183605,-0.12724946,-0.02231284,0.08554336,-0.17087331,0.039915077,0.013912542,-0.19388115,-0.31116724,0.32513708,-0.14530099999999999
108,1,-0.17634618,0.15527470000000002,0.31908813,0.13868847,0.11765779,-0.21294418,-0.030465457999999997,0.55251473,0.080967754,-0.23179083,0.18082051,-0.33877105,0.047208145,0.36890492,-0.15224662,0.5330958,-0.14727981,-0.06271433,-0.073087946,0.26279783,0.1208671,-0.15000246,0.11112899999999999,0.6438195,0.18636118,-0.18095997,0.050089523,-0.24042934,-0.14996986,-0.16653085,0.61749494,0.32281676,-0.27625528,-0.082988895,0.08685566,0.06561097,-0.18270712,-0.08266502,-0.17189962,0.029190464,-0.6424725,-0.29862902,-0.18051356,-0.0904777,-0.22501901,-0.23567948,0.21871033,-0.19988145,0.19054401,-0.12576991,-0.53714424,0.07154449,-0.22566646,-0.12428432,0.16131356,0.8060016999999999,-0.09742801,-0.41626382,-0.61297303,-0.15616792,0.45108366,-0.25745055,-0.20268351,-0.36878327,0.37243906,0.05621389,0.13625886,0.31955698,-0.62267506,-0.20042288,-0.445938,0.10218467,-0.27536792,0.05035835,-0.051429294,0.14113079,-0.016921466,0.22782438,-0.03426127,-0.18598132,-0.36207098,0.28340745,-0.67087245,0.28243187,0.090333834,0.25472498,0.14377154,0.006701766,-0.4487884,0.6574641999999999,0.41890976,-0.39282253,0.24070692,-0.06305312,0.22671056,-0.06862279,0.45913377,0.12972422,-0.060083337,0.6198996,0.17817487,-0.16419037,-0.0074655004,-0.43612835,0.006504824,-0.3411052,0.21931912,0.17621963,0.15218078,0.1260612,-0.0046778084000000004,0.062698275,-0.23260385,-0.09906346,-0.18854979,-0.08761737,-0.00033630330000000003,-0.050881225999999995,0.24053967,0.3099699,-0.05607131,0.15248713,0.06541409,0.68091005,0.05874516,0.075735904,-0.3285587,0.22329515,-0.20539595,-0.28528997,0.12192785,0.2593373,0.09932577,-0.6253746,-0.2386897,0.023469947,-0.096798,-0.17025049,-0.4210411,-0.046569745999999995,0.19805086,-0.26314518,0.43523312,-0.0008904938599999999,-0.007826668,0.08983224,-0.16126859,-0.22490114,-0.17821403,0.25812465,-0.123554304,0.01173842,0.14142829999999998,-0.17906271,0.021862239,-0.0250422,-0.36237854,0.31639498,-0.2712932,0.032933142,0.35862032,-0.016072895,-0.05013563,0.36857185,0.3598973,-0.039741185,0.015830826,0.37179533,-0.23496191,0.16071782,-0.0043668746999999996,-0.08604386,0.76514906,-0.47012016,0.04998614,-0.11556741599999999,0.26783398,0.17639275,0.23827718,0.06996666,-0.49463344,0.16813791,0.060881085999999994,-0.06955624,0.34106418,-0.041420233,0.05553786,-0.2031608,0.22955878,0.026529472000000002,-0.43850836,-0.31189284,-0.21141693,-0.23784068,0.20631786,-0.32320616,0.11849924,-0.03064431,-0.5032867999999999,-0.067188345,0.12671213,0.071139134,0.18167649,0.30757558,-0.015690615,-0.138097,0.15490893,-0.22048013,0.020937018,0.3164276,-0.044334333,0.55418485,0.06752999,-0.08334833,0.05681041,0.07848754,0.09803218,-0.09236957,0.2728243,-0.20561768,0.11878279,-0.06450326,-0.12756877,0.36280584,0.14380993,0.77643067,-0.03990691,-0.6559189999999999,0.28092694,0.33178959999999996,-0.15841715,-0.39503536,0.7193451,-0.12627012,0.19211002,-0.026450802000000002,-0.36575985,-0.32300237,-0.17618611,-0.06288417,-0.19917637,0.6183172,0.16994724,0.16971989999999998,0.16810350000000002,0.021808866,-0.12138257,-0.06739928,-0.19827268,-0.21667442,-0.59468156,-0.26102194,0.059714935999999996,-0.35388246,-0.104173,-0.28612584,-0.26388976,-0.37028056,-0.18229520000000002,0.14896657,0.57279783,0.41301155,-0.18322293,-0.022141823999999997,-0.26171267,-0.5680682,-0.064674065,0.14045358,0.21002482,0.2017135,0.11545967,-0.11495075,-0.114260286,0.5604521,-0.23298319,-0.10119422,0.0726037,0.075910226,0.033064857,0.023685174,0.18086286,0.40163857,-0.17605808,0.19825172,-0.013635923000000001,-0.28779387,0.016511373,0.23457788,-0.19793865,-0.19641070000000002,-0.0044734976,-0.044632066,-0.38124509999999995,-0.23956170000000002,0.39588340000000005,0.06297854,-0.021989197999999998,0.16164939,0.25324494,-0.058924574,-0.26531109999999997,-0.011800053000000001,0.34769538,0.39367867,-0.281955,0.087861925,-0.29200077,-0.24957266,-4.1794970000000005,-0.07744457,0.054353233,-0.34658130000000004,0.3183809,0.042396408,0.087436445,-0.21927333,-0.28256032,-0.14857464,0.13301551,-0.2732228,0.1989154,0.15780479999999997,0.29452664,0.3068976,0.21700355,-0.07474760000000001,0.06325889400000001,0.63308525,-0.06111226,-0.37312490000000004,0.1279485,-0.24493979,0.24424945,0.36751702,-0.32288158,-0.09675750000000001,-0.38130690000000006,-0.021443257,0.16497116,-0.064910375,0.0010787217,0.25881788,0.13113637,0.06360236,-0.03790963,-0.5911859,-0.36623353,-0.48732862,-0.0405805,-0.7122592,-0.011039229,-0.17384319,0.6439377,-0.1357162,0.020683147,0.26861809999999997,-0.021023842,0.29982853,0.21357241,0.06839229,-0.26198816,-0.2537671,-0.27946278,0.015119251,0.36173007,0.46181044,-0.2787862,-0.42042696,-0.05640207,0.034089874,-0.63837683,-0.15096135,0.02816598,-0.23981993,-0.27033654,-0.01033263,0.09225526,-0.028630342000000003,-0.048731156,0.39500833,-0.44335353,-0.63246524,-0.078731306,-0.033249922,0.07893856,-0.1382588,0.12218659999999999,0.034325436,-0.18703598,-0.20417879999999997,-0.06159682599999999,-0.2444085,0.0074286317000000004,-0.15837708,-0.045708835,-0.3353888,-0.39811286,-0.7026932,0.19393684,0.22122633,0.2743756,0.268615,0.32969190000000004,-0.09490829,0.41025079999999997,-0.08819146,0.07796956,-0.35619175,0.0018770774,0.2693,0.5079437,-0.15414938,0.22761869999999998,0.14005487,-0.25094542,0.13855246,0.31342718,-0.09377143,0.41792786,-0.5038468,0.59729886,-0.19896589,-0.48320799999999997,-0.035257597,0.36744574,0.22329353,-0.10468580599999999,-0.24917649,-0.15729873,0.52386636,-0.46532619999999997,-0.32788379999999995,-0.800981,-0.115859345,-0.3018847,0.12947124,-0.18778943,0.20013875,-0.14227796,-0.22036216,-0.29064456,0.4958286,-0.018750869,0.041019,0.23612654,-0.41934597,0.0049732784,-0.03312748,0.19102499,0.22173706,0.044630326,-0.015560736,-0.13535605,0.422304,0.045313504000000004,-0.15403037,-0.22992057,0.07036461,-0.13412943,-0.27503675,-0.034540173,-0.23537154,0.02519884,0.13774128,0.4014152,-0.23702665,0.035006378,-0.7506991999999999,0.21469036,0.18826519,0.27549803,0.21213406,0.061229967,0.5298946,0.13363084,-0.20697357,-0.0032716217,0.12301119,-0.37942156,-0.13079263,-0.16253063,-0.4823499,-0.09411831,0.60861856,-0.034840922999999996,-0.2776258,-0.328244,-0.0153088095,0.013025456999999999,-0.045722257,-0.23547801,-0.0704569,0.20822705,0.33898646,0.19558091,-0.21582466,-0.03700669,0.18012695,-0.22952458,0.40472776,-0.024688875,0.075413555,-0.10482422,0.035273213,0.37332812,-0.53874844,-0.04904092,-0.052550092,0.44901815,0.07706395,-0.00976149,0.22555630000000002,-0.15200774,-0.20763357,0.06786844,0.32733557,-0.06315197,0.05577857,-0.36688092,-0.34110597,-0.39177918,0.08618874,0.25065154,-0.39474827,0.029019707999999998,-0.011334384,-0.44186932,0.34841534,-0.027101168,-0.07207741599999999,0.08337891,-0.023778804,-0.5614726999999999,-0.33624499999999996,0.19447872,0.03690536,-0.18224187,-0.18625855,-0.12326372,-0.94931453,0.07541792,0.19976898,-0.26448768,0.2943225,0.12260606,-0.17155391,0.24253531,-0.18868487,-0.16044453,0.24625495,-0.1020952,-0.29968655,0.024745147999999998,0.124980375,-0.11477277400000001,0.2917495,-0.26807183,0.5532296,-0.037734788,0.037261065,-0.14271456,-0.31392613,0.19376823,-0.16506326,-0.5450251,-0.04775307,-0.40396297,-0.11726444,-0.073790446,-0.18195537,-0.14652805,-0.021532778,0.16101873,0.09557439400000001,0.012546524,0.09090805,0.018942408,-0.42867965,0.031418923,-0.08019687,0.09680713,-0.092667595,0.19448914,-0.049602553,-0.081878416,-0.41821334,0.5901967,-0.36531198,-0.14616911,-0.09635589,0.21079668,-0.164351,0.05641682,-0.33171734,-0.13982105,0.21750401,-0.08497579400000001,-0.0919721,0.41718203,0.05776882,-0.2907719,-0.027323697,-0.01762782,-0.07269368,0.6243818,-0.15675682,0.20431443,0.14316306,-0.0033395682,-0.05263538,0.28385429999999995,0.19936928,-0.13409911,0.23708022,0.12507468,-0.5994608,0.35875773,0.15905085,-0.19374587,-0.35779652,0.75636286,0.41594620000000004,-0.27565557,-0.34824008,0.062249213,-0.20943482,-0.033855345,0.017337836000000002,0.23469073,0.10959433,0.7099738,-0.37568656,0.12373116,0.23489398,-0.16889732,-0.25029755,-0.07657666,0.3858574,0.14170624,0.36930478,-0.42112476,0.42058846,-0.16868591,-0.008576831,-0.11174038,-0.13144857,0.24532269,0.16836379999999998,-0.121901125,-0.01549547,0.55046225,0.3612338,0.4383834,0.26596376,0.22701421,-0.14766954,0.6960689,0.31099108,0.24571872,0.46581940000000005,-0.117340304,-0.07737901,-0.22050083,0.47182840000000004,0.2866519,0.33620859999999997,-0.05867378,0.76409245,0.16680402,-0.005398766,0.44209746,-0.31451684,-0.17976724,0.15800123,0.20548229,-0.16741367,-0.24423572,-0.08926767,-0.14735058,-0.04592112,-0.16004272,-0.21660015,-0.38253909999999997,0.435787,0.14277520000000002,-0.16817252,-0.14802623,0.14935134,0.052393447999999995,-0.02800493,-0.5040915,-0.17046465,-0.2615655,-0.4523416,-0.21820222,0.14047359,-0.078089125,-0.23441009,-0.00694848,0.016549462,0.26934418,-0.34009773,-0.16877559,-0.18132220000000002,0.4107986,0.27424857,0.2663538,-0.041686896,0.0012848158,-0.30468124,-0.111475274,0.27075973,0.2623143,0.18259874,-0.06584416,0.526271,-0.24232934,0.09304082,0.13022256,0.4574601,-0.5792839,0.09723197,-0.15074520000000002,-0.06943408,0.059771795,0.15606497,-0.39682567,0.28741693,-0.42013612,-0.06627918,0.09307788,-0.069512665,-0.19320421,0.15315537,0.278848,0.37929112,-0.22277331,0.0806205,0.07283971,0.34498298,0.09823867,0.017855641999999998,-0.34621609999999997,-0.420534,-0.42380723,-0.03654386,-0.23107763,0.26076034,0.29736227,0.21878302,-0.12892519,-0.1456489,0.7693956000000001,-0.37672287,-0.085401006,-0.25977018,-0.24679647,-0.43591499999999994,-0.17316478,-0.07953872,-0.034763765,-0.17345321,-0.066475965,-0.047775015,-0.19326020000000002,-0.27603728,0.13616054,-0.03471276
109,1,-0.26342459999999995,-0.0061911019999999995,0.35901046,0.11566972,0.23792553,-0.34834838,-0.021789245,0.53112876,0.11390017,-0.4448678,0.1042028,-0.22771607,0.22608855,0.23632756,-0.24721763,0.34272587,-0.09688479,0.15006304,0.09240209,-0.07128480000000001,0.34497976,-0.3274439,0.12577978,0.43346918,0.3793402,0.027643701,0.09149822,-0.06284302,-0.18591073,-0.16058719,0.50578076,0.27526778,-0.68384826,-0.25651905,0.09724044,0.046860747,-0.3675029,-0.06767350400000001,-0.36195013,0.16351853,-0.7463526999999999,-0.3323216,0.05414622,-0.0834477,-0.5113959,-0.5246531,-0.13030969,-0.33899045,0.043903585999999994,-0.029338102999999997,-0.33004057,0.057784587000000005,-0.31560558,-0.29946595,0.0072341147,0.6521117,0.011860496000000002,-0.59575146,-0.50238484,-0.10884489,0.51068735,-0.43818158,0.06284100599999999,-0.40204084,0.2581433,0.040013704,-0.11876889999999998,0.42723036,-0.7099835,-0.056082495,-0.27935925,0.062533244,-0.34402332,0.0016819582999999998,-0.15040731,-0.12667924,-0.35192186,0.3479325,0.010548321000000001,-0.049552407,-0.09389954,0.47622693,-0.34373558,0.5378076,-0.07338096,0.5066917000000001,0.1561227,0.24024239,-0.2548826,0.54264814,0.4204077,-0.16405776,0.076920465,0.18430376,-0.0005485730999999999,-0.23447418,0.46093342,-0.038257986,-0.09394632,0.6550302,0.40336984,-0.53949404,0.031280752,-0.32717338,-0.01588769,-0.17420755,-0.06721741,-0.024010746,0.13855506,0.118267015,0.04730224,-0.012362892,-0.13318087,-0.039407357999999997,-0.28448779999999996,0.22825035,-0.08022697,-0.1958942,0.07468842,0.2135281,-0.034194138,0.21978506,0.16357788,0.61327696,0.14450026,-0.07896203,-0.23592031,0.58847106,0.05311169,-0.19674242,0.049233057000000004,0.12413487599999999,0.31207705,-0.55064315,-0.20869303,0.055385634,-0.10235758,-0.39609998,-0.29469353,-0.15929283,0.23965959,-0.30272356,0.52373224,-0.3501752,0.14065866,0.10449368,0.054543782,-0.22044913,-0.09605239,0.33139905,0.0715934,-0.08198414,-0.06546646,-0.05174655,-0.08518687,-0.42209184,-0.16611275,0.42083824,0.022538503999999997,0.33483365,0.31818575,-0.14507537,0.016625956,0.35971147,0.07643176,-0.13492252,0.01586838,0.22018626,-0.008792294,0.2745804,0.04630534,-0.23457539,0.82306147,-0.13269952,0.44413292,-0.12361536,0.19653319,0.073716216,0.1504085,0.24812289,-0.6511824,0.151812,0.15310308,-0.1524537,0.4973746,-0.02778128,-0.04262400400000001,-0.31135833,0.5337308000000001,-0.14393029,-0.38004532,-0.30202478,-0.2620437,-0.25914879999999996,0.055673927000000005,-0.60118943,0.06906141,-0.23559186,-0.22641033,-0.0068076740000000005,0.22596104,-0.017614761,-0.015088206000000002,-0.12149089,0.031101719,0.10303257,0.29837600000000003,-0.11144374,-0.030169137000000002,0.5247957,0.120016195,0.47869384,0.11297475,-0.5822467,0.031305484,-0.25547862,0.37974509999999995,-0.22337672,0.14823112,0.17410178,0.38379684,-0.019036645,-0.26470187,0.39192447,-0.0564249,0.54118043,0.04964485,-0.66348064,0.0131400945,0.55546147,-0.19043970000000002,-0.27870372,0.53894657,-0.052095205,0.03894472,0.09733239,-0.6031411999999999,-0.27321064,-0.14093523,-0.053776775,-0.15661635,0.553926,0.048440042999999995,0.20200169,0.16190907,0.036462218,0.12475454,-0.15876903,-0.33501267,-0.38328987,-0.64107835,-0.3665893,0.08091694,-0.40785140000000003,-0.12716973,-0.22112465,-0.22524938,-0.035498254,-0.17720282,-0.2359802,0.41771978,0.36947885,-0.14881241,0.31339762,-0.16357458,-0.3259599,-0.31871992,-0.03572666,0.18541157,0.25195660000000003,0.2892027,-0.19537131,-0.10292251,0.5739234000000001,-0.30793917,0.09862311,0.46842968,0.022098668,-0.16127005,-0.16303837,0.45258605,0.59844244,-0.17517477,0.05260037,0.11278255,-0.067807175,0.12827459,-0.23463827,-0.19900823,-0.4832147,-0.15089323,-0.21528722,-0.19879098,0.023507882,0.49965465,0.06928717,-0.03991092,0.105275325,-0.015032761,-0.124204,-0.18297924,-0.3042977,0.26513973,0.30852324,-0.25650117,0.17113034,-0.043750905,-0.13597679,-4.2278785999999995,-0.28692442,-0.10668864,-0.28939623,0.44878465,-0.21034068,0.079939574,-0.19683728,-0.40844953,-0.31859145,-0.07766926,-0.33542058,0.28405774,-0.027045276,0.25774387,0.13908687,0.13748793,-0.14770691,0.059067138,0.43524316,-0.24662724,-0.56968373,0.049204335,-0.09260467,0.49905995,0.097434916,-0.1301489,0.037319615,-0.553439,-0.2274033,0.2085042,-0.159183,0.533852,0.29084003,0.03962687,0.13183442,-0.0421037,-0.24737437,-0.0746747,-0.3920252,-0.08384081,-0.21025908,0.058157414000000004,-0.06109292400000001,0.7201261,-0.10870927,-0.1926763,-0.13178666,0.23597176,0.10961157,0.12585646,0.21559873,-0.35249463,-0.20757116,-0.24483249,0.06476902,0.13843536,0.46643415,-0.17057943,-0.19821386,0.074638635,-0.09688699,-0.51195645,-0.02711098,0.041762896,-0.27045342,-0.33986145,-0.08584399,0.19312745,0.16874625,0.3110297,0.31279492,-0.08731383,-0.88713247,-0.10851117,-0.05299773,0.052258253,-0.05896419,0.28361484,-0.2667171,-0.1081642,-0.30643612,-0.10899917,0.060875192,-0.037814352999999995,-0.14374298,0.35839915,-0.33004332,-0.45542446,-0.36732993,-0.16705418,-0.033321064,0.49447890000000005,0.3987493,-0.035850648,-0.30947134,0.39370218,-0.05199781,0.19715576,-0.45366836,0.19304076,0.073586494,0.49095312,-0.03446243,0.26470986,0.067758605,-0.10341519,0.039268095,0.31684172,-0.18285151,0.52822465,-0.49173890000000003,0.45612606,-0.20654584,-0.103101365,0.004307624,0.1262642,0.48902398,0.04505759,-0.04640393,0.1398595,0.34067035,-0.48193574,-0.53784406,-1.1147292,-0.049842915999999994,-0.25102353,0.42023245,-0.2714061,0.19120532,-0.25983506,-0.19076884,-0.369832,0.2599618,0.06760628,-0.10163878,0.22216995,-0.08739966,-0.11221510000000001,-0.06056646,0.5122818,0.5016043,0.12875618,-0.16089748,-0.31552008,0.50175786,-0.17952579999999999,-0.17318404,-0.40708318,0.25749904,-0.2947847,-0.43761373,0.013802648999999998,-0.24061435,0.09458723,0.14143695,0.41821182,-0.061309863,0.016719526000000002,-0.6383566999999999,0.069198824,0.17205949,0.11642796,0.4261460999999999,0.029902235,0.67381704,-0.03590288,-0.38216472,-0.19308102,-0.016761059,-0.19025148,0.0149541125,-0.20769703,-0.6648189999999999,0.11669815,0.6267486999999999,0.11532854,-0.22229967,-0.07355545,-0.02020828,-0.06334348,-0.05068418,-0.3146542,0.12356699,0.36847085,0.08772491,0.045841284,-0.2645734,0.14673765,0.26883355,-0.117065296,0.18971683,-0.14525305,0.030240742,-0.14305712,0.04822957,0.31014840000000005,-0.8150623,-0.09162295599999999,0.109316304,0.37848926,0.09415772,0.07540068,0.045754205,-0.3567656,-0.12706721,0.015360331000000001,0.36176765,-0.07374609,0.0052131675,-0.2613214,-0.4113763,-0.56902474,0.080925,0.33894527,-0.32243168,-0.0045457566,-0.03315335,-0.5305207,0.37866798,0.08033960000000001,-0.5597787,-0.046839612999999995,0.13689020000000002,-0.41797367,-0.23079532,-0.04767189,0.07871978,-0.1346251,-0.33073786,-0.08456413,-0.7006428000000001,0.10722678,0.4370929,-0.06608947,0.31757218,-0.093038365,0.031605784,0.045250002000000004,-0.40161157,-0.63929087,0.2558828,0.040465157,-0.49141037,-0.04086998,0.28138268,-0.13378751,0.36548302,-0.253311,0.6947808000000001,-0.12577188,-0.07756781,-0.29848677,-0.011776831000000001,0.14642996,-0.30577909999999997,-0.24606498,-0.21070604,-0.7232573,-0.16559035,-0.16532798,-0.21512845,-0.1165143,0.18512474,0.0523429,0.24569593,0.10931864,0.14511032,0.19890799,-0.60185176,-0.060670167000000004,-0.25495589999999996,0.024535643,-0.21605207,-0.12661721,-0.10822633,-0.050712842,-0.515642,0.24851002,-0.11708297599999999,-0.088384874,-0.11444603,0.25366956,-0.09284196,0.26134112,0.027133797999999997,-0.48165596,0.21146059,-0.12661195,0.12821788,0.21327034,-0.032701124,-0.29244778,0.06276251,0.14701566,0.2601871,0.8035755,-0.3557195,-0.0023953784,0.2385577,0.26123697,0.19562781,0.31058875,0.28009433,-0.22357492,0.6332536,0.18653828,-0.39512247,0.40876,-0.02348484,-0.15435176,-0.12132551,0.45689399999999997,0.5920342,-0.36537206,-0.35135007,-0.28388798,-0.14620739,-0.220766,0.040312942000000004,0.19915270000000002,-0.16562341,0.6899209,-0.26334167,0.13507724,0.047541134000000006,-0.2863312,-0.10045145,-0.06768333,0.16741543,0.07473487,0.2969175,-0.4451175,0.53143066,-0.23163772,-0.20389314,-0.08059953,-0.16696274,0.22484389,0.14035928,0.08214027,0.02952297,0.42892820000000004,0.24228421,0.111082725,-0.15738928,0.09988843,0.10327309,0.7026222,0.70131904,0.10839636,0.4610803,-0.06188217,-0.17359872,0.17825899,0.3521802,0.0006223985,0.5373159000000001,0.0056217997,0.5249715,0.11827254,0.38868508,0.5893498,-0.515671,-0.16287111,-0.08384973,-0.123226725,0.0019143688000000001,-0.14379738,0.11103337,0.012857799,0.14502179999999998,-0.35465524,-0.020343523,-0.050973877,0.5329592,-0.084777385,-0.10935187,-0.1854885,0.30571246,0.035147857000000005,0.2803468,-0.37921685,-0.21935427,-0.17250788,-0.55297697,-0.11600608,0.15083782,-0.12006696,-0.14382936,0.118061714,-0.027797371,0.01615429,-0.10446404,0.21727452,-0.2017263,0.6314064,0.394732,0.36768249999999997,0.088914834,0.44218177,-0.1916219,-0.0489059,-0.016795558999999998,0.3950198,0.096448205,-0.26649538,0.21392578,-0.3241559,-0.23393758,0.15849863,0.36389777,-0.7975909999999999,0.075344145,0.19289578,-0.14995568,0.020199811,0.20951350000000002,-0.25779334,0.09935136,-0.3263006,-0.12502319,0.026872547000000004,0.078375965,-0.27310896,0.29264268,0.09095959,0.41594222,-0.16335224,0.13575020000000002,0.013777349,-0.09884615,0.3349545,-0.16525245,-0.023603765,-0.29108104,-0.5585832,0.009682363000000001,-0.18255976,0.03266983,0.31381503,0.22507489,0.02334625,-0.22326982,0.58876204,-0.23494196,-0.1944095,-0.46634835,-0.15219676,-0.21152453,0.02044306,-0.04534027,0.15994947,-0.01884977,-0.17341706,0.05186978,0.22384456,-0.50051886,0.45737445,-0.04029354
110,6,-0.121660836,-0.16756868,0.44856003,-0.033692297,0.25211495,-0.18333225,-0.04271843,0.81275755,0.19578913,-0.21655953,0.27747017,-0.37164167,-0.025454677999999998,0.43236497,-0.19536816,0.30238017,-0.0924746,-0.019177313999999997,0.00012734893,0.20845778,-0.022075715,-0.12756011,0.15468806,0.55258894,0.26252174,-0.24534398,0.05683617,-0.1525187,-0.0760994,-0.15182085,0.4565017,0.24275309,-0.23080947,-0.16112,0.086464405,-0.04431544,-0.27430415,0.07595418400000001,-0.20012662,-0.015784536000000002,-0.65258867,-0.28084376,-0.12013910000000001,-0.1863884,-0.20173341,0.07323409,0.21290029999999996,-0.10563687,0.20509453,-0.23624668,-0.46156369999999997,-0.096578404,-0.3082228,-0.16519476,0.10673310000000001,0.67049694,-0.13310984,-0.38314325,-0.7242139,0.06967841,0.32606184,-0.23925737,-0.0361721,-0.26495382,0.32205424,-0.039971832,0.18551253,0.24102478,-0.49814177,-0.22659494,-0.44585870000000005,-0.10174502,-0.10382851,0.042880017,-0.014184617,0.016501322,-0.1237617,0.08576177,0.1460443,-0.12630625,-0.36409309999999995,0.40234146,-0.4204526,0.54503953,0.10985039999999999,0.41410070000000004,-0.10133175,0.07255915,-0.28160447,0.6879801,0.39682615,-0.5474658,0.08145874,-0.23847161,0.18233728,0.01623709,0.20409486,0.23499514,-0.25853306,0.56521124,0.19994779999999998,-0.087988965,-0.122469336,-0.27754068,0.04254621,-0.2499126,0.25487426,0.17438220000000001,0.085636,0.08561759,0.14315824,-0.20429388,-0.18703276,-0.23416859,-0.35041463,-0.2055743,-0.013415228999999999,-0.25169832,0.2057842,0.17363822,-0.032946166,0.09852921,0.13455166,0.9526447,-0.020258823000000002,0.23371114,-0.28717285,0.29868564,-0.21999274,-0.15531653,0.005251675999999999,0.38066757,0.1555491,-0.6697248,-0.07814387,0.15833987,-0.06248985,-0.20977698,-0.30394122,0.15233608,0.17607662,-0.09737283,0.24851033,0.23606767,0.059951164,0.21910276,-0.14283526,-0.23693515,-0.08986769,0.25385574,-0.14159493,0.06051919,0.12095714,-0.13489456,-0.045964599999999994,0.06050312,-0.3370035,0.26194012,-0.20589896,-0.039030722999999996,0.31098223,-0.062034722,0.07687816,0.48826286,0.34503835,0.033364393,-0.10680123,0.32397035,-0.18680021,0.23278116,-0.16711082,-0.28385103,0.56535244,-0.42946708,-0.054401744,-0.196745,0.43509895,0.24929358,0.20471004,-0.062363394,-0.579626,0.29805679999999996,0.014248012,0.07803384,0.17395413,-0.12945342,0.24359775,-0.0012279597999999999,0.13558862,0.022385413,-0.14313679999999998,-0.09143158,-0.07188409,-0.23380056,0.16533251,-0.43824813,0.13338077,-0.20593227,-0.41910818,-0.107957266,0.029416414,0.13229539,0.3773362,0.104912505,-0.082434975,-0.13320374,0.28207737,-0.33289385,0.25044197,0.54123193,0.07995032,0.56043506,0.21554673,-0.07601621,-0.0042491076000000004,-0.07273539,0.06712714,0.06587319,0.34057513,-0.29082668,0.014995173,-0.026097257000000002,-0.15934634,0.30772126,0.16115503,0.75619036,0.084506795,-0.65978104,0.23543605,0.37427235,-0.15199271,-0.07823322,0.6847511,-0.23780778,0.18879172,0.017839335,-0.27631223,-0.42160059999999994,-0.23167528,-0.29081875,-0.23683311,0.33987567,0.07670176,0.14563257,0.2497889,-0.0363714,-0.046931144,-0.14253516,-0.10213864,-0.27276623,-0.5585305,-0.53669,-0.12133155,-0.35578784,-0.43396440000000003,-0.3391218,-0.28376326,-0.27674475,-0.10171165,0.08208554,0.44829747,0.16464613,-0.05826755,0.119534165,-0.3196179,-0.49617732,-0.27276903,0.2214626,0.18748221,0.011483258,0.09178963,0.09039809,-0.10156404,0.56511575,-0.15513542,-0.118911795,0.090338044,0.25995448,0.04462179,-0.033148832999999996,0.3118898,0.35867109999999996,-0.06324512,0.08358074,-0.13003674,-0.3312823,-0.02968519,0.22258984,-0.19728237,-0.31675893,0.019547508999999998,-0.14358306,-0.5549911,-0.19134076,0.5709129,-0.014392863,-0.11623969999999999,0.13270754,0.25380626,-0.2792088,-0.055547077,0.030083937999999998,0.30746773,0.28177986,-0.26239309999999993,0.011821511000000002,-0.02153903,-0.33667737,-4.393258,-0.20982428,-0.005522210600000001,-0.36562094,0.41913414,-0.20357849,0.060456924,-0.111281924,-0.360964,-0.15626357,0.07544073,-0.1553884,0.1639997,0.09698261,0.24145326,0.475811,-0.14765620000000002,-0.009529975,0.075114526,0.5699123,0.09576211,-0.70554954,0.24133845,-0.116646186,0.231071,0.27769145,-0.38791138,0.053150907000000004,-0.3294975,-0.04316965,0.15395755,0.11696745,0.08383576599999999,0.19014883,0.073464915,-0.0936808,0.0957258,-0.49818745,-0.31540304,-0.4997987,-0.046746705,-0.54512227,-0.019941096999999998,-0.09094095,0.50023645,-0.15337166,0.13015676,0.020556597,0.13503397,0.44297498,0.123935774,-0.038040303,-0.42237115,-0.3308087,-0.18951657,0.16306172,0.38367343,0.68526936,-0.23239903,-0.27850798,-0.20595770000000002,0.04385788400000001,-0.5840239,-0.18843845,-0.1446152,-0.14743246,-0.39370924,-0.025412207000000003,0.18847036,-0.060106397,0.06400097,0.3667475,-0.40405574,-0.70587635,-0.11351648,-0.07565135,0.22136019,-0.005231538,0.17492983,0.282269,-0.2462839,-0.28250143,-0.013410946000000002,-0.14856705,-0.018264936000000002,-0.25141853,0.096272595,-0.23543112,-0.2879653,-0.54383725,0.18878041,0.2349926,0.27969173,0.12650892,0.24754761,-0.13613491,0.37165555,-0.11248767400000001,0.14993168,-0.36479896,0.13933441,0.21783842,0.5293544,-0.39769533,0.21254827,0.06820238,-0.38220940000000003,0.048556767,0.15263534,-0.12102301,0.3647256,-0.55551666,0.67451566,-0.13724855,-0.57467204,-0.055615857000000005,0.28886962,0.36649109999999996,0.004156669,-0.32500252,-0.22165193,0.45909079999999997,-0.44357094,-0.49562922,-0.43232992,-0.08516132,-0.22268312,0.17664567,-0.24513866,0.3909489,-0.33770132,-0.23599577,-0.23030896,0.41026545,0.059998326,0.19569325,0.107305445,-0.48442444,0.14224114,0.13756179999999998,0.11643589,0.1765894,0.24350612,0.13099562,-0.1565182,0.40748954,-0.03453042,-0.12186801,-0.04734712,0.16708332,-0.10619108,-0.20463973,-0.2528053,-0.11812238,0.068234235,0.2741666,0.27264309999999997,-0.21170047,-0.18453242,-0.6308255,0.16827704,0.09830415,0.3835367,0.24157882,0.052372627000000005,0.4241312,0.31268698,-0.32115915,0.010150466,0.046661306,-0.3346159,-0.089856684,-0.15931971,-0.3873433,-0.14929163,0.6572669,-0.054037199999999994,-0.20436566,-0.23252304,0.29277793,0.009910875999999999,-0.11430228,-0.21407470000000003,-0.18355231,0.27230906,0.20989384,0.050207127000000004,-0.34699404,-0.13834135,0.2374235,-0.24504308,0.5153395000000001,-0.09518429,-0.22886479,-0.14003295,-0.13538826,0.29574576,-0.2249449,0.10876349,0.01301965,0.2826611,0.06501556,0.0032189209999999996,0.09685145,0.010749573,-0.15720783,0.1449146,0.36633807,0.07081295,0.11306718,-0.1539974,-0.35174024,-0.29630536,0.1857901,-0.08548095,-0.10471086,0.090945624,0.04870416,-0.46630684,0.33513603,-0.014688198999999999,-0.034935355,0.045833793,-0.027279478,-0.6094392,-0.21199282,0.1885281,-0.2212366,-0.29621127,-0.079868466,0.051008347,-0.76874363,0.038992032,-0.094661035,0.034767922,0.34771840000000004,0.056512117,0.074779145,0.10274768599999999,-0.09262318,-0.43779814,0.20269133,-0.07625618,-0.30918545,-0.10687077,0.2511234,0.026087277000000002,0.38631350000000003,-0.24894547,0.57036924,0.0005010199,-0.017414356000000002,0.0917588,-0.43246418,0.17695722,-0.45467177,-0.36962703,0.08271874,-0.35738662,-0.10188177,-0.183532,-0.019666063,-0.09686036,-0.014286221000000002,0.36155729999999997,0.23990475,-0.0032864294,0.18518448,0.075936355,-0.43257248,0.15435034,-0.08264830000000001,0.24208824,-0.06526669,0.22642589,-0.028748274,-0.14080213,-0.4981464,0.41813890000000004,-0.21454254,-0.1442133,0.008355201999999999,0.20164698,-0.09843465,0.028004961000000002,-0.27032822,-0.056545122999999996,0.3146382,-0.11108981,0.18330552,0.57288617,0.09995515,-0.30004337,0.09704633,-0.15532762,0.046984452999999995,0.44696718,-0.27602425,0.12009894,0.18325703,0.054436114,0.120168194,0.20785949999999997,0.3748179,-0.23394336,0.30653334,0.06385459,-0.52444303,0.24314415,-0.08325198,-0.31568670000000004,-0.5083015000000001,0.57307935,0.5423161,-0.3698156,-0.39696237,0.06879712,-0.29165706,-0.23571847,-0.04786125,0.27077508,0.056623735,0.59092563,-0.20983543,0.0058811614,0.26195487,-0.3070373,-0.15860486,-0.20070563,0.21479229999999996,0.17033693,0.48872018,-0.46658346,0.5198096,-0.05127904,-0.018429134,-0.14741161,-0.1616265,0.08743568,0.06807481,-0.056731734000000006,0.15264224,0.65767384,0.33308953,0.42901809999999996,0.5060858,0.098232344,0.005001915,0.97977746,0.32865286,0.14035617,0.39960554,0.041342683,-0.0018814187,-0.1991559,0.32957083,0.050664604,0.24104768,-0.14620805,0.71013224,-0.06884553,-0.030468656,0.24966882,-0.34289345,-0.14559515,0.22975524,-0.01865742,-0.3999217,-0.3534483,0.0086004,-0.0060253902,0.02559521,-0.25732264,-0.010869165,-0.34211013,0.19060752,0.04567533,-0.1830285,-0.26831377,0.09246812,-0.19771168,0.014491168,-0.3909229,-0.23470151,-0.26749527,-0.7580441,-0.13921982,-0.16200079999999997,-0.25971705,-0.04452522,-0.07545435,-0.00505529,0.1623995,-0.4816419,-0.0937273,-0.35675335,0.41868708,0.025567556,0.2510309,0.1472769,0.16598788,-0.49223107,-0.10657758,0.17351146,0.24303171,0.18264392,-0.13844566,0.54492265,-0.09356153,0.22474535,0.32359406,0.62733877,-0.57636124,0.38850185,-0.17773002,0.011017808,0.037965313,0.17875504,-0.35927635,0.25347826,-0.373699,-0.24169629999999998,-0.10747991,0.066630386,-0.13886476,0.19939095,0.16505882,0.5765691,-0.10441647,-0.012031096000000002,0.110241264,0.48119998,-0.0316987,-0.09557172,-0.30250832,-0.21548048,-0.42764068,-0.09091438,-0.33217558,0.27512267,0.29929414,0.07566552,-0.005392216,0.047649343,0.7358583000000001,-0.4988201,-0.081552476,-0.46235633,-0.28390932,-0.5529389,-0.14588879999999999,-0.0966591,0.15039116,-0.14041707,0.018457398,0.17024705,-0.16728978,-0.4116366,0.121951245,-0.061265685
111,0,-0.04378337400000001,-0.3903196,0.092574365,-0.06462366,0.2324498,0.056040533,0.05927619,0.2813115,0.11472653,-0.23782314,0.04797516,-0.09675047,0.08012285,0.4882358,0.17883433,0.39877670000000004,-0.054671947,0.07330727,-0.28401655,0.3048886,0.24329555,0.05564991,0.13288279,0.18041426,0.31187382,-0.105128706,-0.13153917,-0.0016403636,-0.37327996,-0.026508799999999996,-0.010246404,0.009222974,-0.16923565,-0.28046220000000005,-0.34945288,-0.31768286,-0.18361798,-0.004808102,-0.08109662,-0.032465387000000005,-0.6730451999999999,-0.4123705,0.20619178,-0.087031014,-0.19256523,-0.42735797,-0.058763772,0.06255368,-0.2010086,0.01254281,-0.32168677,0.20456493,-0.26021916,0.21522522,0.12821963,0.42834067,0.037472467999999995,-0.4176851,-0.4157048,-0.17033407,0.41534227,-0.05631013,0.090653956,-0.35766286,0.18799752,0.4369732,-0.052915677,0.08947867,-0.5203293999999999,0.5123285,-0.14664504,-0.14016601,-0.11652964,-0.21181005,0.018797621,0.034802765,0.06114485,0.42017278,-0.19600418,0.02444396,-0.3103114,0.40218887,-0.30116162,0.41354543,0.02125149,0.07514903,0.10632357,-0.06486892,-0.18541163,0.4506339,-0.4053104,-0.23199588,-0.018823612,0.06315012,0.44330046,-0.32125533,0.024198536,-0.062270872000000005,-0.08624395,0.43494576,0.105407186,-0.40158525,-0.13713434,-0.15396056,-0.07271495,-0.08691352599999999,0.11763654,0.44105074,-0.0291702,-0.08888146,0.039762076,-0.04630768,0.24579948,-0.06558417,-0.2824455,0.16809282,0.062002786,-0.09977180000000001,0.096898414,0.4027615,-0.20738648,0.05547562599999999,0.37707240000000003,0.8141586,0.2211289,0.49129409999999996,0.08070112,0.28851262,-0.026873339,-0.1401807,-0.12863676,0.34146863,0.117335774,-0.20800065,-0.15458270000000002,-0.05216247,0.27052605,-0.19506015,-0.32938036,-0.07794248,0.19294743,0.02725869,0.43444496,0.077054024,0.10037917,-0.032327026,-0.07802123,-0.22401461,0.2887188,0.124905795,0.017736543,0.039839387000000004,-0.27981803,-0.25186864,-0.22314182,0.0630072,-0.23103419,-0.07575599999999999,0.30419534,0.19127052,0.29932576,0.028779533,0.020741693999999998,0.10593751,0.018066334,-0.17969316,0.12723646,0.10913411,-0.2774302,-0.024069814,-0.12761949,-0.41201502,0.24612795,-0.0710794,-0.05471719,0.2722509,0.20559177,0.17996876,0.052390963,-0.32502112,-0.96194965,0.36440206,0.08847601,-0.05072543400000001,0.2005371,-0.17294048,0.11928571,-0.15510102,0.030086322000000002,-0.13679078,0.06906785,-0.18154752,0.06841160000000002,0.0038757324,0.38299194,-0.26910302,-0.47746977,-0.106676675,-0.18790798,0.19125126,0.15819848,0.23629224,-0.0029600222999999998,-0.20648792,-0.4645932,0.20045199,0.051473457,0.11725854,-0.0061097653,0.2989589,-0.46502380000000004,0.24763244,-0.04707907,-0.39333415,0.1440794,0.10279459,0.11869339999999999,-0.21921827,-0.10842249,-0.1910073,0.13141969,-0.2611547,-0.39815542,0.23413488,-0.056654355999999996,0.82382727,-0.03322973,-0.48241782,-0.008849523,0.049623377999999996,-0.14209205,-0.109178364,0.2923403,0.1655259,-0.07765656,0.041532322999999996,-0.0984488,-0.007577484000000001,0.08815307,-0.07262350000000001,-0.2398174,0.58675563,0.28828478,0.23880784,0.035872076,-0.14349096,-0.053486057000000004,-0.28563863,-0.37380493,-0.38133046,-0.6691564999999999,-0.36031905,-0.24730696,-0.54378283,0.08442513,-0.33988896,-0.20169011,-0.0016792433999999999,-0.103126094,0.044682413,0.49052536,0.070031494,-0.09579754,0.3543179,-0.64113826,0.03195016,-0.040172514,0.17242569,0.4442629,0.14078382,-0.23201704,0.11904195,0.23879941,0.47372735,-0.013381052,0.043117195,0.347706,0.23850763,0.080529146,-0.056024082,0.68515193,0.46122476,-0.1390625,0.036920786000000004,-0.044419676,-0.57903826,0.18672750000000002,-0.14503431,0.03575616,-0.30827665,-0.0031477172999999996,0.30825213,-0.33678925,0.024186818,0.32576492,-0.29879412,0.19072852,0.34967697,-0.111796975,-0.21355572,-0.13309148,0.19479452,-0.22187273,0.115935825,-0.2492651,0.15642688,0.13859823,-0.76395166,-4.575528599999999,-0.48515612,0.06648179,-0.3614022,0.20431304,-0.24187315,-0.15568021,0.036729008,-0.35876346,-0.14553368,-0.27346665,-0.0988271,0.28183115,-0.08944738,0.11060769,0.31405359999999993,0.21071079999999998,-0.0014851864999999998,-0.15106772,0.63865614,-0.44730324,-0.16370541,0.44009033,-0.21380103,0.14652525,0.21831733,-0.3682849,0.14278567,-0.29832256,-0.21457829,-0.34297624,-0.26580876,0.12714504,0.45996928,-0.33507872,-0.017970664,-0.0075470866,0.019612458,0.037740313,0.22951986,0.06453919400000001,-0.09879921400000001,0.04491312,-0.10149108,0.5187995,-0.4493192,0.01666488,-0.2938388,-0.08248099,0.12728192,-0.08141038,-0.23858427,-0.10024029,-0.132916,0.25664583,-0.029897284,-0.0458589,0.31972855,0.07783454,-0.31736645,0.08033899,-0.40976626,-0.3888193,-0.099733554,0.005240600000000001,-0.27327853,-0.106796764,0.0059684759999999995,0.14587522,0.07088434,-0.07645169,0.0061892252000000005,-0.10598847,-1.001948,-0.42617702,0.017042718999999998,0.15469773,0.18607223,0.07881237599999999,-0.107704625,-0.49063290000000004,-0.18001436,0.25332043,0.053642876,-0.108232066,0.0018298073999999998,0.38144755,-0.29530690000000004,0.071977586,-0.26343140000000004,0.061643447999999997,0.06477672,-0.048019134000000005,-0.038599297000000005,0.12844086,0.12123237,0.31753582,-0.21255067,0.12198922,-0.29292676,0.5925646999999999,0.16904429,0.25420755,-0.20944783,-0.16108556,0.17852883,-0.2576573,-0.057590395,0.047109625999999995,-0.14130528,0.26783317,-0.61124426,0.22662763,-0.31601635,-0.13682634,-0.20267098,-0.2043777,0.3905078,-0.05645501,0.07171215,-0.24443057,0.4747986,-0.24782407,-0.50447017,-0.54519147,0.10874314,-0.26813868,0.39188278,-0.10286123,-0.14544578,-0.06028101,-0.038292243999999996,0.13423516,0.05628809,0.1564017,-0.07761713,-0.08478591,-0.24909814,0.28204759999999995,-0.07303957,0.061391205,0.3361135,0.05260201,0.21770613,0.35314503,0.0643968,-0.057800204,-0.23495686,-0.10177123,0.20556994,-0.16837162,-0.50805545,0.21893746,-0.28750232,0.22147457,-0.16546631,0.3052051,-0.17864524,-0.25915647,0.14722265,0.22786161,0.0068939663,0.23840621,0.28393823,-0.12390536,0.22029646,0.14753185,-0.00024675796,-0.051193062000000004,0.17363106,-0.19674289,0.030622654,0.10357068,-0.15149975,-0.31971859999999996,0.24578243,0.029302232,0.026005045,-0.04714739,0.16038384,0.035716622999999996,-0.12483082,-0.10835516,0.081883155,0.43606547,0.24205433,0.20509146,-0.28173476,0.03618245,0.39040482,-0.27491456,0.3120191,-0.073683865,-0.47267890000000007,-0.28739667,-0.36331528,0.16895770000000002,-0.29661235,0.04521832,0.18785289,0.26903528,0.29145244,-0.02884655,0.21125749,0.29454574,0.087571345,-0.121948734,0.22702432,0.016431432,0.048851117,-0.24285176,-0.40670470000000003,0.067399725,-0.12714992,0.14730698,-0.16955554,-0.044892814,-0.15028228,0.17762512,0.1676596,-0.2362908,-0.18749551,0.030314168,-0.13530006,-0.28714314,-0.11871279,0.1853193,-0.27314925,-0.18269451,0.066501565,0.15734577,-0.483892,0.17888126,0.2537706,-0.30610442,-0.12417994,-0.23476617,-0.33283705,0.034521826,-0.18470433,-0.11305849,-0.23468387,0.09176232,-0.45178854,-0.042595204000000005,-0.2393791,-0.0061677867,0.35152218,-0.20069477,0.5107425,0.14298944,-0.03548528,-0.41834342,-0.48898125,0.328677,-0.47761282,-0.157876,0.07651132,-0.34165126,0.107293405,-0.31705987,0.056104377000000004,0.074167,0.037255357999999995,-0.049391963,-0.20385884,0.33621490000000004,0.33116812,0.13335314,-0.023821354,-0.08759151,0.17514035,0.22759172,-0.09606978,-0.15739225,0.011648321000000001,-0.20966375,-0.13499568,-0.16959551,-0.2916844,0.19396089,0.18788849999999999,-0.09870759400000001,0.108769275,0.3292075,-0.22326972,0.07638911,0.088390656,0.13091742,0.11426804,-0.09536323,0.38997817,0.11211009,0.36835805,0.114273675,0.21450576,0.6088859000000001,0.09716836,-0.1922243,0.038139362,0.13256145,0.023432652,-0.03744101,0.4229161,-0.3936781,0.28352737,0.22073746,-0.41619512,0.18828706,0.18791814,-0.115028515,-0.27402008,0.33074632,0.37242892,-0.22841778,-0.4439683,0.113851726,-0.08834022,-0.19824684,-0.039488442,0.20049176,-0.378546,0.3925152,-0.029233124,-0.08319288,0.20998615,-0.264104,-0.21220456,-0.023917637999999998,0.32788393,0.19246843,0.48982970000000003,-0.4928795999999999,0.34869963,-0.03352303,-0.085090876,0.41128638,0.21822277,0.13352886,0.014083515,-0.030509177999999998,0.12724353,0.35223909999999997,0.08648012599999999,0.08080247,-0.03623494,0.46694650000000004,0.12736596,0.25137112,0.43779448,0.09635567,0.21999749999999998,-0.18115275,-0.10665688,0.06877535,-0.011978063,0.056511599999999995,0.22137094,-0.21792571,0.3206658,0.108267166,0.085124604,0.3773343,-0.48691009999999996,-0.17241773,0.20628789,0.021006752000000004,-0.25459275,-0.13311021,-0.14572604,-0.07942561,0.32495216,-0.09671348,0.14766471,-0.25091374,0.3495623,-0.1448391,0.059310492,-0.26932082,0.24678811,0.21738145,0.22543737,-0.4133231,0.026653563999999998,0.15519464,-0.54772156,-0.24786767,0.27728328,-0.11551528,-0.52508605,-0.10404086,-0.15621500000000002,0.09111338,0.20963925,0.11504615,-0.13758877,0.053741515,0.26407015,0.3014225,0.31342816,0.40394586,-0.21230504,0.12621677,0.0008349917999999999,0.30274245,0.089737475,-0.22422415,0.13657178,-0.5725375,-0.12740351,0.11998027,0.279937,-0.8130548000000001,-0.1893177,-0.08681527,0.048661612,-0.007899158,-0.059518695,0.077817045,-0.059243273,-0.2779525,-0.43223575,-0.05560565,0.32055688,-0.27889440000000004,0.16143617,-0.0094761215,0.46824566,-0.03347084,0.08868435,0.10746426,0.42756358,0.36156246,-0.14398181,0.2618517,-0.31796294,0.009356146,-0.30201104,-0.21182403,-0.25773022,0.27008940000000004,0.14950712,0.26817292,0.054118965,-0.3243723,-0.02322483,-0.015123066000000001,0.0957257,-0.17798103,-0.27884796,-0.04099173,0.07712000000000001,0.13241529999999999,-0.0032416196,-0.15859929,0.37133518,-0.08669600000000001,0.029460711,0.21476121,-0.16268791
112,20,-0.13475609,0.095739454,0.48318890000000003,-0.052134125999999996,0.27340502,-0.109570965,-0.09111826,0.36074722,0.0037354934000000005,-0.29822785,0.18742166,-0.21792577,-0.039961345,0.1711349,0.044893917,0.62916327,-0.08923446,0.11320708,-0.16460215,0.21240366,0.38735490000000006,-0.11321946,-0.017276477,0.118082225,0.35252836,-0.0808839,-0.031677715,-0.3722752,-0.30196628,-0.0974643,0.34159973,0.12397161,0.037393622,-0.018873223999999997,0.03669557,-0.060225982000000004,-0.10048255,-0.16370234,0.08544403,0.2126649,-0.5762421,-0.5406635999999999,-0.06319771,-0.08561717,-0.22732852,-0.32769734,0.07562631,0.015360516999999999,-0.028741686000000002,-0.09512327,-0.23789120000000002,0.23772985,-0.21814450000000002,0.08364138,-0.022548966,0.7253129,0.22691272,-0.36997563,-0.19305629,-0.18710797,0.47947502,-0.27682033,0.06766845,-0.3878693,0.14379506,0.18637736,0.13246882,0.47839722,-0.7211126999999999,-0.080947354,-0.28146282,-8.0677724e-05,-0.257521,0.06990813,-0.0627194,0.0016834801,-0.095743164,0.33567600000000003,-0.034101676000000004,-0.044415362,-0.41393313,-0.04189946,-0.42440596,0.28232867,0.04096984,0.087284476,0.051350127999999995,-0.16288649,-0.28391567,0.41663012,0.2785719,-0.25813287,0.09705635,-0.1821225,0.22778003,0.0056149224,-0.076561436,-0.1207568,-0.12075021,0.59035176,0.11467114,-0.12784755,0.21576484,-0.20404389999999997,-0.062140907999999995,-0.1043085,0.035733957000000004,0.34665772,0.28288057,0.15122648,-0.08585709,0.012467885,-0.17942698,-0.12279156599999999,0.10131508,-0.19924748,-0.10264785,-0.07657813,0.29589048,0.088564195,-0.10643981,0.21273588,0.34663615,0.6307235,0.10697343,0.18466938,-0.10541404,0.14555362,0.049097795,-0.1588631,0.054995287000000004,0.15639178,0.22813198,-0.40102068,-0.1407735,-0.10801957,-0.23994993,-0.092532665,-0.3814086,-0.19795588,0.060777254,0.05312879400000001,0.41065216,0.006599104000000001,0.052363582,0.1855653,-0.3678772,-0.4725472,-0.15345067,0.47163397,-0.043935805999999994,-0.03140854,0.051964897999999995,-0.32081902,-0.17939936,-0.23936951,-0.16613846,0.19431704,-0.14963529999999997,-0.008956938000000001,0.27441207,0.08177763,0.19335629,0.16437072,0.25879735,-0.23790792,0.21938346,0.22051741,-0.18602255,-0.08763992,-0.05878658,-0.47709823,0.7329806,-0.15951674,-0.20324029999999998,0.025559064,0.45719683,-0.17541924,0.39967483,-0.052575357,-0.5225698000000001,0.11083414400000001,-0.09664442,0.015846657,0.28553194,0.12437162,0.27768072,-0.076695405,0.22042653,0.0941819,-0.15293078,-0.21504810000000002,-0.20335288,-0.23817092,0.26543707,-0.32872290000000004,-0.07260527,-0.11463720000000001,-0.23724806,-0.03026077,-0.009240354000000001,0.021294285,0.3502377,0.23590253,-0.29240602,-0.065610215,0.14457533,0.08366315,-0.24671338,0.27313286,-0.12457345,0.26395458,0.013156616999999999,-0.15216427,-0.16781595,-0.07748189999999999,0.13982612,-0.18762861,0.25484157,0.2631042,-0.06290259,-0.19181174,-0.30983797,0.36828464,-0.06654546,0.81513417,0.14270289,-0.43937950000000003,0.34421077,0.12656544,-0.20901611,-0.43209597,0.42511088,-0.049286215999999994,0.11446712,0.110365175,-0.05396985,-0.15956548,0.12090969,0.017216621,-0.25123516,0.37781453,0.26641712,0.06442661599999999,-0.05200876,-0.13424918,-0.36352205,-0.29580244,0.019935753,-0.5112526,-0.42963815,-0.043695085,-0.13702658,-0.47766727,-0.12299217,-0.31360048,-0.18232238,-0.417145,0.014705768999999999,0.019386627,0.39251372,0.17519012,0.15527652,0.08859065,-0.18333818,-0.2567284,-0.26231843,0.11071789999999998,0.41032428,0.20631143,-0.18028334,0.13262087,-0.08618672,0.49544665,-0.18037683,-0.015715132,0.23336045,0.1813997,-0.02394853,0.052091487,0.2707864,0.27975869999999997,-0.005084878,0.1038272,-0.0006571664,-0.4271567,0.030219242,0.16314226,0.064694725,-0.32880625,-0.15688497,0.17484826,-0.23846704,-0.22626843,0.465318,-0.10786447,0.012319576,0.012789068999999998,0.07042952599999999,-0.17039552,-0.13856976,-0.056593157000000005,0.08527087,0.13782947,-0.31283537,0.0043522036,-0.12329737,-0.35652858,-4.2980237,-0.022792954,-0.036100753,-0.42105976,-0.009373173,0.0020028963,0.025988659,0.04502644,-0.2774344,-0.2770587,-0.14551024,-0.43308535,-0.020042693,0.12495446,-0.0068569225,0.29751316,0.20474048,0.08421789,-0.23698775,0.6270805,-0.11936866,-0.27265373,0.46973795,-0.047239355999999996,0.46007174,0.17400114,-0.06956686,-0.046725657000000004,-0.40801552,-0.11158388,0.056027707,-0.053004246,0.050139308,0.31869408,0.03647843,0.1393688,-0.0046518226,-0.56239253,-0.28870666,-0.2610514,-0.056958805999999994,-0.36565796,-0.05776092,-0.2942,0.825147,-0.19544832,-0.031472854,0.08787986,0.23981671,0.06024131,-0.285956,0.06886989,-0.52230275,-0.27551479999999995,-0.24430947,-0.0061805383,0.2813609,0.6197937,-0.26838338,-0.44721579999999994,0.34135062,-0.06241353,-0.59906346,-0.23424594,-0.02252672,-0.15516886,-0.31347105,-0.14323044,0.09352161,0.1762182,-0.385679,0.12964769999999998,-0.087820925,-0.63060427,-0.25344690000000003,0.10224138,0.04946031,0.030504249,-0.0038265171000000002,0.098563254,-0.55697066,-0.31910127,0.29822192,-0.002228495,-0.07186263,-0.27189505,-0.187972,-0.26920479999999997,-0.24470788,-0.28075558,0.0790529,-0.08284652,0.1768594,0.054238275,0.29128483,0.20546132,0.48576552,-0.39199233,0.1843731,-0.42449915,0.27447447,0.08485072,0.6633666,-0.37999347,-0.057123203,0.1297173,-0.33248675,0.064675,0.07674097,0.024771542999999997,0.31758878,-0.6148117,0.2582944,-0.27167470000000005,-0.31577775,-0.25065377,0.115438044,0.18080254,0.07262377,-0.17246181,-0.13164695,0.5104196,-0.46985132,-0.5090268,-0.99922425,0.121993825,-0.13538414,0.23054548,-0.38550213,0.11129076,-0.19550912,-0.21572217,-0.31370968,0.19551182,0.18786986,0.071727715,0.19683802,-0.23822033,0.09475336,0.002632462,0.25798628,0.14847352,0.12280553,-0.05669545,0.045080297000000005,0.35769188,-0.011889749,-0.25495592,-0.21244335,0.13094088,-0.10217269999999999,-0.31010693,0.04046598,-0.24954389,0.0992512,0.08300599,0.36900863,-0.21101777,-0.42310247,-0.235222,0.4738279,0.07379002,0.3395366,0.16727917,0.11750239,0.39942116,0.043167118,-0.042665145999999994,0.055650427999999995,0.17318270000000002,-0.30885738,0.057716772,-0.012484823999999999,-0.27939516,-0.16618782,0.7395894000000001,0.19824821,0.06865750000000001,-0.14231254,0.15495417,-0.03486106,-0.030565903,-0.012835817,-0.041062776,0.3692844,0.20446074,0.035192773,-0.26182806,0.060487542000000005,0.19650920000000002,-0.15897568,0.19470544,-0.11305438,-0.19183466,-0.13754596,-0.09335579,0.21928124,0.0378223,0.059129346,0.14623486,0.25964886,-0.008875375,-0.4335753,0.15966514,-0.18035495,-0.23617853,0.23874937,0.15865247,0.2503989,0.09726942,-0.2749896,-0.49278677,-0.37628856,-0.27395424,0.21873419,-0.02901929,-0.018964855,-0.08697184,-0.16331987,-0.07221712,-0.07584336,0.15689142,0.11918413,0.081425525,-0.23251346,-0.032515295,0.17746422,-0.10010184,-0.20262797,0.10100595,-0.040512912000000005,-0.76210797,-0.18010293,0.20978029,-0.18247739999999998,-0.07933692,0.03557768,-0.38194559999999994,0.09689225,-0.025045627999999997,-0.27192786,-0.0034160379999999997,0.057650685,-0.7243233,0.19916046,0.06481815,-0.15247282,0.27154678,-0.17568965,0.46749863,0.37561393,-0.06506753,-0.20406358,-0.50236475,0.26806933,-0.33935612,-0.33927837,0.10638231,-0.32608104,-0.21394219,0.020390316999999998,-0.17626745,-0.037136193,0.13495615,0.068264805,0.04275184,0.09886032,0.13579577,0.09757919999999999,-0.5799552,0.15617482,-0.101300955,0.36077964,0.12966329,0.18721235,-0.132423,-0.023685722000000003,-0.09260534,0.60680807,-0.5638642,0.044923252999999996,0.09440237,0.11124698,-0.0040358220000000005,0.39007246,-0.04371362,-0.26791272,0.05996496,-0.16093232,0.08348735,0.2123765,0.13184436,-0.18504083,-0.0432971,-0.10920735,0.16630104,0.65594435,0.01076526,0.18635388,0.04049645,0.2063986,-0.04174886,0.43840355,0.16862872,-0.33530033,0.21559381,-0.028396578999999998,-0.62530875,0.007059603,-0.02359409,-0.27161837,-0.27935442,0.7245469,0.2585938,-0.24755222,-0.54987234,0.09593951,-0.24689375,-0.21718533,0.076477386,0.07874502,0.17793167,0.7856586,-0.26052678,0.019261857,0.028947195,-0.16149637,-0.10246959,0.02318077,0.276802,0.08343302,0.201131,-0.45198685,0.35391977,-0.16724585,0.13182795,0.034730528,-0.36367726,0.047395207,0.14423083,0.008575567,0.35556436,0.5123577,0.32136458,0.3318747,0.35806137,0.22950944,-0.30188167,0.5457927,0.49834737,0.15993854,0.5116947000000001,-0.27193102,0.097565025,-0.14779219,0.44775686,0.08509922,0.13596207,-0.035130568,0.61287796,0.14890504,0.19084528,0.18494815,-0.3592720999999999,-0.35517529999999997,0.15700714,0.18920133,0.001109224,-0.16329585,0.09832993,0.04231371,0.13433291,-0.14555706,-0.14993593,-0.15900533,0.3030884,-0.026633538,0.04466203,-0.30228347,0.058784116,-0.13438633,0.08305977,-0.36149073,-0.19743541,-0.23670300000000002,-0.5362684,-0.09777405,-0.037687957,-0.31190956,-0.22702806,0.03391158,-0.22605045,0.33922420000000003,-0.22426641,-0.11937746,-0.1380983,0.2352527,0.20040555,0.6189245,0.31361023,0.21892068,-0.25787523,0.0015418722,-0.008679925,0.20708539999999998,0.048285484000000004,0.012470936,0.6181356,-0.18619741,0.12205317,-0.03770996,0.23582170000000002,-0.47770935,0.12145123,-0.16786997,0.09464883,-0.058330663,0.11935314,-0.3437511,0.21150012,-0.47926444,-0.089249596,0.027909484,0.109922454,-0.036576055,0.04344254400000001,0.112437226,0.29996553,-0.13830914,0.0030525115,-0.16457488,0.5142675999999999,0.16992173,-0.0029149447,-0.2477012,-0.3171684,0.024828482000000002,0.013214341999999999,0.039106913,0.23045406,0.16397674,0.2749822,-0.11519192,0.01740632,0.3619797,-0.1640692,0.047511697,-0.3931145,-0.40428177,-0.26531145,0.055694047,-0.13091344,0.05039216,-0.07379822,-0.0039547873,0.17343627,-0.23198890000000003,-0.33253846,0.26070336,0.17471698
113,1,0.04514813,0.20883034,0.35944134,-0.1846887,0.33352974,-0.12331839,0.32770893,0.6877933,-0.053390704000000004,0.101539135,-0.074117504,-0.36622727,-0.11958818,0.2699132,-0.21240547,0.50337154,-0.015459855,0.13994655,-0.27461496,0.22130932,0.12896341,-0.22715673,-0.15345123,0.5226455,0.49349487,0.0055471547,-0.028382516,-0.13539854,-0.34691465,-0.15572256,0.6634588,0.16240983,0.05679141,0.09540823,0.21992081,-0.13271002,-0.31748378,-0.14249767,-0.13476671,0.26150389999999996,-0.40266004,-0.31431335,-0.13940714,-0.27013597,-0.26427007,-0.36828697,-0.00594375,-0.21835317,0.16710702,-0.21268438,-0.331095,0.047376394,-0.6179818,0.015844021,0.18916129,0.7785998000000001,-0.09421276,-0.622408,-0.41627556,-0.09361122,0.40881,-0.30925778,-0.16086671,-0.050910585,0.059932402999999995,0.15535185,0.05928339,0.46393597,-0.72110265,0.080034085,-0.2834284,-0.06394915,0.010709109,0.015974244,-0.37809724,0.12061177,-0.1829116,0.26138252,-0.08612878,-0.13617711,-0.33578286,0.013618742,-0.46592292,0.39170337,0.33097425,0.17860037,-0.11236871,-0.06609761,-0.051567417000000004,0.44546276,0.38113934,-0.2430984,-0.057066526,-0.07538742,0.21402098,-0.08113596,0.010083050999999999,-0.021198705,-0.08227773,0.37906668,0.1609115,-0.18990555,0.2874605,-0.16849375,-0.18087022,-0.04067337,0.14149201,0.45485738,0.12834576,0.24396664,0.05145618,-0.28769135,-0.22625701,-0.13731493,-0.10036210000000001,-0.30008113,0.010140538000000001,0.18732893,0.47787082,0.14782445,-0.35790527,0.13888684,0.28984940000000003,0.77950203,0.11711012,0.24779586,-0.40023023,0.09737785,-0.09576318,-0.21230316,-0.09996467,0.44261999999999996,0.33854353,-0.30055314,-0.22541884,0.13975604,-0.42222357,-0.1260081,-0.345269,-0.11627293400000001,-0.10961796,0.0039709127,0.36264640000000004,0.039961465,0.19388172,0.32511824,-0.24966703,-0.09762679,0.023807342999999998,0.30285475,-0.0009250349,-0.077305846,0.13242191,-0.20117608,-0.25640628,0.096129924,-0.30356079999999996,0.326707,-0.07910314,-0.036596,0.28443277,0.061493598,-0.04945538,0.2585675,0.3221051,0.1252547,0.12624678,0.07065634400000001,-0.21786247,-0.08987358,-0.16656716,-0.4663447,0.7938568,-0.07210701,-0.12892947,-0.15587221,0.24355952,0.12863587,0.11823389,-0.084358945,-0.5912861,0.42438918,-0.10241203,0.124084815,0.17030835,0.01112248,-0.030452372999999998,-0.14930677,0.058253214000000005,0.05112201,0.036106445,-0.31894362,-0.042821303,-0.30784829999999996,-0.024451743999999997,-0.35090032,0.09960277,-0.025410772999999998,-0.3438786,0.29446504,0.23106952,-0.054043733,0.44098645,0.16410385,-0.15520531,-0.010725823999999998,0.20695385,0.15716968,0.037828482999999996,0.2545918,-0.24198765,0.3957113,0.04260997,0.2143248,0.01658849,0.0029507046999999995,0.20484227,-0.39078924,0.27633137,0.058200255,0.016145127,-0.19893469,-0.19592299,0.25326103,0.07374429,0.86369526,0.07479135,-0.10721658,0.1634172,0.38936016,-0.12654623,-0.3527355,0.72051454,-0.013602421000000002,0.17709514,-0.022504875,-0.18145765,-0.31265859999999995,0.14212386,-0.15790017,-0.12134214,0.21208458,0.104149744,0.17422937,0.037673432,-0.1886375,-0.08833378,-0.27044475,-0.15220648,-0.13084607,-0.3868448,-0.432566,0.013545554,-0.27769822,-0.0392654,-0.27555630000000003,-0.31171423,-0.26248825,-0.08843454,-0.15483825,0.1696945,0.29958802,0.004556253,-0.031238727,-0.43925485,-0.48126766,-0.03617328,0.45721114,0.4159334,0.0051960503,-0.14881231,0.051320527000000005,0.016873331999999998,0.5962328,-0.13522707,-0.021179872000000002,0.30335957,0.16025318,0.06600506,-0.09439192,0.10505091400000001,0.47356915,-0.2075286,-0.022878671,-0.077787645,-0.30119327,0.13111344,0.20435309999999998,-0.36324179999999995,-0.41825387,-0.13231327,-0.02211229,-0.5034119,-0.17336462,0.586527,-0.04118266,0.07498389999999999,-0.045294344,0.11650246,-0.30885303,-0.04732186,0.18828492,0.16012421,0.028340334,-0.41138938,0.21962945,-0.32660370000000005,-0.11037516,-4.5203094,0.17216685,-0.01107271,-0.36880159999999995,0.28908312,-0.15359685,0.06859826,0.12871873,-0.32143053,-0.066934116,-0.0128226,-0.27763899999999997,0.18929110000000002,0.22280775,0.24574359,0.2506427,0.21028002,-0.12830259,-0.20173576,0.5205820999999999,-0.10058689999999999,-0.40998557,0.33022103,-0.051225322999999996,0.27773833,0.17783247,-0.09298296,-0.19721167,-0.23024191,-0.17733788,0.25460836,-0.15145609,-0.14802293,0.3197389,0.15071833,-0.046164672999999996,0.05686449,-0.29336047,-0.26522598,-0.124346256,-0.028193532,-0.5401866,0.07500688,-0.06905584,0.71503294,-0.13970783,0.13436370000000003,-0.21152157,0.07877150000000001,0.014330088000000001,-0.095010765,0.033497557000000004,-0.22091544,-0.13317586,-0.0036731541999999997,0.18977633,0.35355192,0.9232610000000001,-0.45116090000000003,-0.31180707,0.09176206599999999,0.01160349,-0.26276675,-0.43872008,-0.15524188,-0.2578165,-0.6173513,-0.21657889999999996,0.103627555,0.12833768,-0.26030576,0.048882975999999995,0.010016353,-0.7975488000000001,-0.20298953,-0.049269438,-0.070885874,0.11195364,0.10857506,0.16526425,-0.23347472,-0.27812192,-0.15190744,-0.06474985,-0.13930520000000002,-0.11623468,-0.32471702,-0.21131803,0.054989237,-0.47586906,0.34555359999999996,0.11532012400000001,0.036705665,0.29364437,0.07871576,0.09962259,0.33920228,-0.39495359999999996,0.45082754,-0.28208098,0.07869357,0.120066345,0.41842690000000005,-0.55817735,0.10025482,0.043801982,-0.25801554,-0.008094246999999999,0.051311493,-0.2837524,0.3659615,-0.5420514,0.19270606,-0.26824147,-0.5035685999999999,-0.30449390000000004,0.3521836,0.16116796,0.002768842,-0.19835192,-0.36553209999999997,0.7603563,-0.28876352,-0.32730266,-0.8444644,0.0013946098999999999,-0.25344983,0.1639293,-0.18672015,-0.064467944,-0.24762265,-0.116118036,-0.04268702,0.40418223,0.20359014,0.25514567,0.038419302999999995,-0.31015748,-0.09595695,-0.34033957,0.20565931,0.03227293,0.22081615,-0.029096844,0.10980957,0.042139772,-0.2188784,-0.19104677,-0.28077063,-0.17260458,0.053697537999999996,-0.42715707,-0.025409179,-0.24694097,-0.22305784,0.32281658,0.29231074,0.18150632,-0.37109283,-0.294554,0.30069196,0.008330708000000001,0.3126736,0.3476988,0.14207442,0.4652125,0.14798844,0.11196373,-0.08624578,0.26695162,-0.2574021,0.060509104,-0.26002379999999997,-0.26454335,-0.09028946,0.53050643,0.06441554,-0.23200658,-0.07949816400000001,0.22267453,0.13933307,-0.32551540000000007,-0.13318318,0.04427048,0.3561704,0.28668272,0.13910948,-0.2498286,-0.00893874,-0.018352478999999998,-0.38572413,0.31818813,-0.18481986,-0.17887154,-0.32668236,-0.13910405,0.3680487,-0.032763615,0.01111619,0.3153377,0.29843447,-0.027783355,-0.1290165,-0.12646511,0.018769022,-0.20816457,0.172433,-0.13051651,0.14945260000000002,0.043417394000000005,-0.19224513,-0.52741134,-0.36680102,-0.24074546,0.14780124,-0.11177938400000001,-0.14054306,0.06399887,-0.40405467,0.13361496,-0.07404738,0.2639698,0.3624093,0.062471185,-0.18416978,-0.14242620000000003,0.1328218,-0.17835781,-0.05709289,0.10045134,-0.04301884,-0.8048265,0.03775795,0.2154256,-0.20335323,-0.11072960000000001,-0.0818221,-0.14506151,0.092750825,0.059617567999999996,-0.32885033,0.091707885,0.05250002,-0.69217646,-0.051213123,-0.037545446,-0.093376055,0.43738297,-0.24808396,0.5220239000000001,0.10622489,0.058260493,-0.050064515,-0.3617651,0.35049134,-0.26518387,-0.2567249,0.0033751044,-0.2719823,0.10348157599999999,-0.05683819,-0.12694493,0.06851322,0.16460182,0.13695918,0.26913983,0.0008917119699999998,0.08484225,0.043012466,-0.40115705,0.09752818,-0.112128004,0.20200375,-0.16026495,0.2851152,-0.13536234,-0.013137495,-0.35042456,0.34905142,-0.33216774,0.04311035,0.09689513599999999,0.2590703,-0.020121055,0.31081593,-0.08470366,-0.12407447,-0.034055762,-0.23389842,0.1158685,0.38934374,0.30957702,-0.30404413,0.035067762999999995,-0.16763937,0.035306487000000004,0.46621284,0.0797069,0.21295352,0.12805207,0.06260812,0.111813724,0.11316097,0.27376083,-0.45099629999999996,0.19053069,0.025199402000000003,-0.40424988,0.2865574,0.14015023,-0.38442683,-0.43984893,0.6223642,0.66158336,-0.09855266,-0.37292197,0.2607819,-0.33119392,-0.27854574,-0.04010946,0.22269113,-0.31968070000000004,0.68872106,0.10808006,-0.056267212999999996,0.21323511,-0.28875068,-0.052882645,0.25166354,0.29706344,0.062668994,0.2542042,-0.35776648,0.44825983,-0.29275978,-0.021941211000000002,0.036309715,-0.103682175,-0.0057235113,0.31666553,-0.010956849,0.35226297,0.5236022,0.32160473,0.31400076,0.18444866,0.0019431639000000002,0.20093346,0.65729517,0.08699196599999999,0.23924189999999998,0.45132375,-0.23428597,-0.14668201,-0.2844547,0.34358922,-0.12312462,0.020237379,-0.28915787,0.30060259,0.073231936,-0.10322078,0.2965339,-0.27740246,-0.19716987,-0.02756672,0.45554882,-0.20901811,-0.20582315,-0.013133688999999999,-0.25508289999999995,0.0040319579999999995,-0.29143512,-0.20068726,-0.40611690000000006,0.23904362,-0.09948113,0.008059838,-0.260617,-0.33635238,-0.18785441,-0.12842512,-0.6698319,-0.16627167,-0.08747292,-0.76414454,-0.08046207,-0.041550963999999996,-0.33866504,-0.0699867,0.14157414,-0.16544732,0.24158096,-0.33782008,-0.10407904,-0.1918874,0.2564843,0.1419866,0.6477698000000001,0.1344028,0.2225964,-0.36761940000000004,-0.058260365999999994,0.026439999999999998,0.33534148,0.35910338,0.16561991,0.28716576,-0.23806977,0.21750085,0.14675146,0.5697114999999999,-0.5572672,0.3177177,-0.033886812999999995,0.11540577,-0.02150648,0.10102033,-0.18035749,0.23056628,-0.21814609,-0.056666374000000005,-0.028443898999999998,0.14143182,-0.13666126,0.14832231,0.022887487,0.36144105,-0.25563094,-0.049695842000000004,0.07005346,0.38058394,0.20768534,-0.085212,-0.361084,-0.07294174,-0.0047556893,0.07550999,-0.2953469,0.49928063,0.16540220000000003,0.13098699,-0.06931962,0.20740017,0.36905658,-0.12625502,0.08435539,-0.33012837,-0.41340494,-0.46751973,-0.13427128,0.04140029,0.04667396,-0.16966204,0.08452943,-0.06788222,-0.18504772,-0.36598167,0.22049974,0.14060396
114,20,-0.1348432,-0.16839376,0.45096368,0.05390515,0.36804724,-0.17245132,-0.17905942,0.2687256,-0.13246408,-0.1940717,0.2329804,-0.14730087,-0.014302634,0.23157823,-0.063659035,0.5754404000000001,0.011698219,0.09338848,-0.13473335,0.24168131,0.5362276999999999,-0.043812505999999994,0.18768562,0.17438616,0.011655986,-0.31977177,0.10424953,-0.31460783,-0.1377428,-0.05816238,0.097885184,0.052131422000000004,-0.003282401,-0.12116325,-0.04661479599999999,-0.10201873,-0.08233748,0.0030297765000000003,-0.05982098,0.1343781,-0.57971525,-0.5409861999999999,-0.010324656,0.20462671,-0.358545,-0.37509024,0.28528705,0.025546448,0.0029867312,0.0023242577,-0.36646986,0.24407068,-0.17890012,-0.027693607000000002,-0.12151353,0.48186168,0.2512242,-0.35889295,-0.40324634,-0.44845462,0.5142172,-0.16042185,0.10048688,-0.17199552,-0.05864880000000001,0.054971438,0.25036046,0.45734575,-0.4290621,-0.07162473,-0.11396159,0.0050000018,-0.37172765,0.09744602,-0.01565181,-0.061169907,-0.17673136,0.36926329999999996,0.10889225,-0.047555435,-0.23185956,-0.09286687,-0.42051727,0.36054313,0.017528193,0.037267935,0.11052745,-0.06521615,-0.3003778,0.5206856,0.06528227,-0.21226373,0.07018595,0.0004296937,0.14780872,-0.098167874,0.07491159,-0.08416389,-0.19313984,0.5083603,0.20493348,-0.26534316,0.12536559,0.05039455,-0.12142371,-0.2552103,0.11113186,0.2785001,0.04795967,0.24417424,-0.08369949,-0.21987692,-0.08619825,-0.2995389,-0.15772171,-0.35094118,-0.08744634,-0.18578656,0.14718118,0.21368869,-0.04657594,0.21218373,0.22946838,0.64995325,-0.0037691512,0.12290824,-0.043455727,0.31981164,0.046754286,0.013892006,0.24201767,0.12761965,0.07840157,-0.42754309999999995,-0.07139113,-0.07949193,-0.22450493,-0.14674489999999998,-0.30807266,-0.08518488,0.10705455400000001,-0.0039800033,0.22610296,0.06683655,-0.11285292,-0.12980326,-0.29222417,-0.32676557,-0.15475437,0.19400825,-0.039360013,-0.03147785,0.044090807,-0.23671460000000002,-0.11034181,-0.14559256,-0.25028375,-0.13423832,-0.21761008,0.13628425,0.46655762,-0.0526173,-0.20022933,0.096495576,0.43999022,-0.03646389,0.04237549400000001,0.25404567,-0.07524469,-0.0036139062,-0.05244518,-0.35081393,0.6813096,-0.16109891,-0.16479924,0.10586293,0.17264469,0.05435051,0.2594937,0.03291449,-0.52080315,0.103092216,-0.018233106000000002,0.061361982999999995,0.28515345,-0.19825232,0.23392995,-0.10241534,0.36980623,0.021574597999999997,-0.21868455,-0.22858772,-0.06649059,-0.11194849,0.24796697,-0.38682395,0.0054518925,-0.0776415,-0.28990203,0.015418481000000001,-0.0326981,0.24382824,0.41280672,0.19236375,-0.19760945,-0.08732089400000001,0.18787523,-0.11421117,0.0010396388000000001,0.43271488,-0.107180186,0.20671038,0.06053709,0.014184971000000001,-0.061331548,-0.123779275,-0.010222722,-0.08720713,0.38091820000000004,-0.02868368,-0.05185294,-0.08187689999999999,-0.17761923,0.35610166,-0.13016681,0.8367931000000001,0.17015778,-0.46493029999999996,0.19506212,0.27238256,-0.18775973,-0.27284488,0.43753907,-0.23232527,0.046929862,-0.013894655,-0.07998393,-0.03562418,0.074710794,-0.18330567,-0.27487165,0.3845491,0.3111737,0.018165652,-0.062194335999999996,-0.09755229,-0.07390379,-0.26582867,-0.192295,-0.38516536,-0.32198995,-0.043781225,-0.0005511847,-0.41730538,-0.11085927,-0.17507550000000002,-0.16181709,-0.30842614,0.0781969,0.0055127786,0.26102307,0.0112651875,0.077708125,0.12207374,-0.1677692,-0.446892,-0.29320765,0.10522592,0.28254819999999997,0.14845924,-0.20926020000000004,0.29010838,-0.15299512,0.60192144,-0.10643591,-0.048650704,0.3995273,0.1346918,0.011674508,-0.02192989,0.27673492,0.024600241000000002,0.22091755,0.0010999669999999999,0.16412355,-0.42047197,0.024215614,0.04923837599999999,0.09004709,-0.2357567,-0.032316557999999995,0.37228787,-0.28649250000000004,-0.32251483,0.43969718,-0.014188798999999998,-0.006820599,-0.02824514,0.27354914,-0.24735062,-0.086627856,-0.17212501,0.20542422,-0.016755583,-0.27338004,0.008428264,0.009578033,-0.3078152,-4.4776635,-0.290804,-0.04383529,-0.30416802,0.062094893,-0.22888815,-0.17687945,-0.008911136,-0.26923713,-0.29333606,-0.15486646,-0.22227997,-0.004563747,0.20922849999999998,0.23361765,0.47071009999999996,0.39377138,-0.11994277,-0.13595775,0.46525687,-0.00015926402,-0.48505092,0.32584625,-0.0027888769,0.33963972,0.24865712,-0.1275351,0.028312202999999998,-0.22334911,-0.18950191,-0.09878438,-0.100108325,0.12328024,0.39603299999999997,-0.00759906,0.060916483,0.06065397,-0.39371654,-0.23210703,-0.26645297,-0.15023279,-0.28555593,-0.0222126,-0.17608836,0.6175584,-0.16772157,0.042425952999999995,0.15194997,0.10727368,-0.0258849,0.0007399111,0.0778589,-0.15577783,-0.13719909,-0.11686673,-0.15004043,0.24824117,0.5780188,-0.13532631,-0.34112874,0.11164651,-0.07640269400000001,-0.54412353,-0.13515220000000003,-0.053683075999999996,-0.05742475,-0.2358491,-0.028157955,-0.08851493,0.117691495,-0.25378690000000004,0.13585970000000003,-0.24404624,-0.6196776999999999,-0.32411328,-0.013689337,0.15453626,-0.006249435699999999,0.051440056,0.13048592,-0.32931125,-0.27929145,0.24211816,-0.047873273,-0.13959575,-0.30533904,0.062356994000000006,-0.051810432000000003,-0.21572246,-0.05255866,0.117574535,-0.08495846,0.23631474,-0.15821178,0.25417766,0.051116746,0.42114228,-0.2845785,0.11138653,-0.23657699,0.24061419,0.19285616,0.45091438,-0.23252624,-0.082083486,0.2702242,-0.45670920000000004,0.13068716,-0.026533585,-0.019047325,0.34961158,-0.37771443,0.4187722,-0.18143989,-0.1991258,-0.18188427,0.20542242,0.35537565,-0.026375692000000003,-0.26590008,-0.28724095,0.24140675,-0.3870548,-0.6609929,-0.69057685,0.01630864,-0.21939422,0.23688214,-0.07385789999999999,0.16529985,-0.29554942,-0.08914016,-0.07108141,0.22369689,0.22372279,0.022771321,0.18116535,-0.33891976,0.13707049999999998,0.034518078,0.05904273,0.22634308,0.2568687,-0.04138361,0.18393944,0.27159712,0.1097715,-0.074062616,-0.0335542,0.132191,-0.14293595,-0.12649459,0.08836745,-0.049240395,0.13627443,-0.08117164,0.25081529999999996,-0.3633067,-0.27806056,-0.26666704,0.32001773,0.10731292,0.350733,0.034548424,-0.13587555,0.25132433,0.05375925,-0.14666335,0.26772043,0.19524607,-0.17995878,0.016017413,-0.030852014,-0.14831348,-0.109952465,0.51275957,0.27385490000000007,-0.21457972,-0.1619847,0.35765275,0.0010694775999999999,-0.0041946205,-0.039674584,-0.088739395,0.40806228,0.08002675,-0.17260455,-0.10716617,0.176374,0.27151033,-0.11922601599999999,0.42801505,0.045512877,-0.10670942,0.026063927,-0.12660375,0.47159009999999996,-0.054534886,0.046762396,-0.046952303,0.14440255,0.0026469287,-0.30699998,0.055517983,-0.12102199,-0.11730666,0.16174112,0.29049942,0.11117939,-0.016085713999999997,-0.37847543,-0.27334642,-0.4104887,-0.15106584,0.08340862,-0.17012674,-0.12041248,-0.049455132,-0.0050736290000000005,0.067300305,-0.06126855,0.026158567999999997,-0.07885268,-0.05049234,-0.26284507,-0.28805444,0.19305086,-0.14598937,-0.42883268,-0.05169591,0.17328127,-0.7032568,0.083401114,0.13656726,-0.09891479,0.10448834,-0.23323946,-0.23973116,0.18986139,-0.05435585,-0.4011706,-0.030147256,-0.11056335,-0.29817337,0.21150433,-0.026880035,0.024083594,0.23970526,-0.12010744,0.44839013,0.0915808,-0.14420085,-0.100570135,-0.44386148,0.2585786,-0.54865205,-0.30954748,0.11429824,-0.2965972,-0.24523021,-0.17709775,0.05534229400000001,-0.10983121400000001,-0.07485152,0.11810651,0.08304972,0.09318085,0.034668896,0.15745753,-0.36139095,0.2056175,-0.07799026,0.06387316400000001,-0.106858276,0.17856546,-0.086231284,-0.23040736,-0.31804678,0.48091555,-0.54703194,-0.12740289,-0.0010099773,0.08719535,0.041614662999999996,0.30944595,-0.17302212,-0.107638665,0.20405412,-0.05489268,0.036515303,0.31367484,0.05321383,-0.17498039999999998,-0.15298647,-0.10881505,0.21852374,0.6148464,-0.056711134,0.04094075,0.09083088,0.11474968,0.016123383999999998,0.23740740000000002,0.24551634,-0.26777670000000003,0.22572154,0.05494117,-0.37497586,-0.24246834,0.038208228,-0.04709298,-0.2642943,0.45390159999999996,0.22736964,-0.2835992,-0.597813,-0.04547752,-0.13864626,-0.17047898,0.04406765,0.038521867,0.24190292,0.5775601,-0.20934962,0.11019345,0.01194101,-0.110156626,-0.14494404,-0.06319714,0.2765458,0.20213147,0.41029257,-0.1900785,0.3947624,-0.28771820000000004,0.03464626,-0.042339124000000006,-0.12641965,0.12482112,0.03794840000000001,-0.0061048693,0.14887938,0.30934632,0.21980678,0.18812913,0.33353907,0.13697995,-0.21286626,0.5303095,0.45844913,0.12987128,0.16252609,-0.14556268,-0.095964365,-0.0052061220000000005,0.30424932,-0.03813739,0.25927743,0.1871856,0.69039416,0.1720303,0.31652516,0.20451517,-0.47139725,-0.34692990000000007,0.013362016499999999,0.036064953,0.00556001,-0.2762426,0.07099777,0.10502247,0.24666559999999998,-0.03125345,-0.09162416,-0.15010622,0.2958274,-0.08662225,-0.006266381600000001,-0.081855595,0.28487927,-0.018114828,0.035765752000000005,-0.29624775,-0.12414971,-0.22009444,-0.4798454000000001,-0.05105599,0.134292,-0.24551578,-0.3784648,-0.04745892,-0.39694977,0.15985224,-0.20018707,-0.18517007,-0.24424617,0.13858417,-0.034242194,0.53469026,0.15191500000000002,0.18386766,-0.42979315,-0.05838717,0.1417618,0.28460386,0.06161238,-0.04905733,0.4889277,-0.35397340000000005,0.1297077,0.092336796,0.2362194,-0.47181064,0.23398755,-0.34088853,0.033754658,0.055409342,-0.028904615,-0.1793495,0.099753425,-0.42477977,-0.31153402,0.07922267,0.10243912,0.012651791,0.12845667,0.08065178,0.20215188,0.040635906,0.028160378,-0.06937182,0.04767688,0.13001189999999999,0.19906057,-0.18752065,-0.27498826,-0.025819797000000002,0.04434043,-0.18340677,0.17214224,0.34291753,0.30505472,0.011847533,-0.14346576,0.58634734,-0.04264525,0.14561899,-0.20133848,-0.18532538,-0.18012896,-0.008354393,-0.049637266,0.04582492,-0.06690997,-0.08670734599999999,0.07917357,-0.29687822,-0.07984768,0.22169939,-0.039613432999999997
115,1,-0.0046156426,0.21238159,0.5266884000000001,-0.20578697,0.12738551,-0.16785493,0.09146622,0.46846044,-0.11207168,-0.04297851,-0.03994008,-0.26934582,-0.027001299,0.29676852,-0.052879732,0.43409452,-0.0022821254,0.0018842962,-0.23449294,0.08728031,-0.035986133,-0.12694068,0.107884355,0.24103706,0.45416692,0.059736904,0.10496288,-0.22206410000000001,-0.14107318,-0.07103953,0.40644816,0.19264708,-0.1547973,0.09897916,0.15570001,0.09567696,-0.024835232999999998,0.062926225,0.024385907000000002,0.1681694,-0.37506342,-0.52963483,-0.07095402,-0.2305419,-0.4280001,-0.36275584,-0.12333135,-0.13135187,0.37123957,-0.11153514,-0.46038467,0.202685,-0.45747766,-0.32334933,0.0025085686,0.7908795999999999,0.059034746,-0.47324628,-0.55587775,-0.15050836,0.48038036,-0.10746715,-0.12555446,-0.19924176,0.09577935,0.18028764,0.24631928,0.5992858,-0.57096696,-0.11792776,-0.13582827,0.053683932999999996,-0.07258201,0.11311232,-0.22387002,-0.12503769,-0.42370787,0.2590409,0.1461152,-0.24752586,-0.20114443,0.29864612,-0.22982539999999999,0.35967422,0.167376,-0.04565634,0.062941834,0.05446394,-0.26231465,0.46386859999999996,0.3944256,-0.34626806,0.006702614,-0.0024128511999999998,0.15886123,-0.041675426,-0.066898175,-0.14447604,-0.093955435,0.42726865,0.15619422,-0.2618301,0.041708063,-0.24026966,-0.08169847,0.10725254,0.23286109,0.036687315,-0.016041027,0.08236647400000001,0.123882756,-0.21970922,-0.33995616,-0.26918924,-0.1062423,-0.01259561,0.1767579,0.091938265,0.35621518,0.2160098,-0.01834783,0.055933464,0.12524974,0.5329676,0.081214875,0.13320415,-0.20743386,0.123649895,-0.21948373,-0.35255918,0.20445499,0.19021988,0.16276726,-0.2707697,-0.25692874,0.032673463,-0.3079349,-0.24717939,-0.43981640000000005,0.15097348,0.039381344,-0.09413171599999999,0.25866428,-0.07671704,0.2517908,0.092883065,-0.12204102,-0.03751623,-0.0924433,0.38402256,-0.046656918,-0.044883147000000005,-0.10700016,-0.17789985,-0.18607132,-0.15619875,-0.29316923,0.37208223,-0.19474056,0.16440089,0.42775159999999995,-0.017765777,-0.08771946,0.092987366,0.30608090000000004,0.19883093,0.16454895,0.26134127,-0.3830652,0.016003701999999998,-0.26243064,-0.29988855,0.87557614,-0.11165741,-0.3445732,0.065178856,0.29066363,0.21824878,0.10860083,-0.0075373217,-0.6116868000000001,-0.013324891,-0.036259543,0.11744323,0.4873164000000001,0.010132097,0.16591282,-0.21733952,0.27025184,0.14570136,-0.35726696,-0.2749904,-0.07306403,-0.24224027,0.31034952,-0.52502275,-0.08337757,-0.16586013,-0.27338898,0.11819211,0.05004946,0.08294470599999999,0.33456105,0.016856229,-0.19762206,0.038677864,0.39467248,-0.13006535,0.054206452999999995,0.17971751,-0.17964111,0.46706706,0.07351831,0.11583471,0.0012750272,-0.15945655,0.10090534,-0.34629583,0.16677750000000002,0.04483501,0.08785336,-0.2624425,-0.16428247,0.3318442,-0.17947397,0.74295807,0.25288360000000004,-0.50377357,0.15025751,0.35073936,-0.2022018,-0.5827839,0.5403784,-0.00918149,0.15859924,0.43434292,-0.34377655,-0.44352326,0.07183136,-0.23184285,-0.07559206,0.29639527,0.14687723,0.29655698,0.08705927,0.027841836000000002,-0.0949447,-0.022317316,-0.06109657,-0.28448978,-0.39158088,-0.5117797000000001,0.03737871,-0.26297018,-0.36109704,-0.32174847,-0.16736503,-0.28472885,-0.22998682,-0.010610851999999999,0.24346705,0.116200395,0.3297279,0.0012531313,-0.18875746,-0.52104396,-0.18282132,0.18809338,0.36661127,-0.033931457000000005,-0.44276902,-0.11815935,0.07499502599999999,0.6410102,-0.32697672,-0.04996096,0.3262663,0.07889108,-0.09628618,-0.14570393,0.29892626,0.32189742,-0.0074525937,0.029553303,0.014643008999999998,-0.27555043,0.09300698,0.43625966,-0.038032472000000005,-0.3406631,-0.07228613,0.21786189,-0.2870844,-0.20922749,0.4925145,-0.017788711999999998,0.14150739,-0.15492724,0.36711589,-0.13515592,0.036797437999999995,-0.21724059,-0.02159204,0.40318259999999995,-0.30901295,0.21252738,-0.24929792,-0.43002754,-4.422858,-0.17510208,-0.24248716,-0.27290207,0.3650155,-0.13577181,0.21703924,0.09514376,-0.49385777,-0.25217086,0.050791647,-0.2847755,0.15145679,0.20127596,0.20487362,0.43984285,0.31253759999999997,-0.13169439,-0.25763595,0.76335704,0.16548079,-0.29944712,0.03353254,-0.03164126,0.51776296,0.11529573,-0.17626265,0.010895786000000001,-0.29492688,-0.25277287,-0.016147707,-0.1896402,-0.17321956,0.3716939,-0.018283887,-0.051413565999999994,0.04532314,-0.42356807,-0.31383163,-0.22593254,-0.041064333,-0.6813509,0.12154643,-0.10251487,0.7315153,-0.17281760000000002,0.04474863,-0.12010211,0.19586308,0.035715416,-0.11628001,0.1365949,-0.14476399,-0.35619609999999996,-0.08748585,0.039372622999999995,0.46903163,0.7383119,-0.20337671,-0.2329708,0.34229687,0.036565196,-0.4523863,-0.09870004,-0.47818726,-0.4084538,-0.36846936,-0.078843,-0.15682481,0.22053458,-0.19632235,0.24306138,-0.2302051,-0.81195927,-0.27865317,-0.15272036,0.070907995,-0.0028796140000000004,0.11970879999999999,0.07033108,-0.24655038,-0.3126596,-0.031008689,-0.037387855,-0.15012574,-0.12118041,0.11209886,-0.15856566,-0.19780411,-0.32874709999999996,0.048879426,0.12079566,0.23197877,0.32999685,0.25664833,-0.028782045,0.38609740000000004,-0.33892342,0.31698862,-0.33375338,0.3520112,0.22378674,0.5590099000000001,-0.57462955,-0.10008538,0.0656475,-0.37261465,0.12387915,0.11512163,0.040195152000000005,0.3321639,-0.38560495,0.3090177,-0.059226166,-0.44631281,-0.17015362,0.09133891,0.32489493,-0.078929864,-0.11930981,-0.4471947,0.562954,-0.44380388,-0.31673425,-0.86859995,0.09850963,-0.12717937,-0.06150314,-0.25909618,-0.08601886,-0.26290277,-0.1712992,-0.01529204,0.36753792,0.05557953,0.11777288,0.22772129,-0.21964638,0.12751435,0.032891717,0.091509126,0.3226884,0.1442579,-0.014804581,-0.154353,0.25387508,0.12863798,-0.12596297,-0.15081711,-0.023882715,0.062721565,-0.35611162,0.27820158,-0.32337540000000004,0.018897079,0.14394398,0.38384122,-0.27895316,-0.18903884,-0.36999464,0.23416738,0.1911954,0.19496638,0.23967376,0.19201827,0.47398427,0.11793269,0.005597533000000001,0.049707413,-0.020045966000000002,-0.28436857,-0.07393395,-0.18149010000000002,-0.2819629,-0.33472437,0.6984345000000001,0.07285388,-0.43100068,-0.23287798,0.08553417,0.11899667,-0.04352641,-0.08079886,0.06067387,0.25935706,0.13005792,0.008292839,-0.20784034,0.14661949999999999,0.23837923,-0.22321945,0.36322695,-0.17042458,-0.30066909999999997,-0.37523794,-0.19925244,0.43544170000000004,0.19268346,0.12858973,0.5053521,0.3363821,0.087952755,-0.15776609,-0.022108605,0.06245952,-0.08168539999999999,0.083844826,0.033060822999999996,0.14796476,-0.10960243,-0.051952727000000004,-0.42629683,-0.38721555,-0.07404827,0.13939181,-0.09052279,-0.42902429999999997,-0.03032838,-0.45982890000000004,0.067307495,-0.19759752,0.044546597,0.30793256,-0.021673925,-0.32272217,-0.32947,-0.0035513705,-0.25480949999999997,-0.385445,-0.119368255,0.08286992,-0.70024174,0.08893419,-0.0639558,-0.3500997,0.057705853,-0.107019484,-0.08652411,-0.02989547,-0.12630443,-0.5856104,0.033226985,0.045292225,-0.6758864,-0.09952647,-0.21418418,-0.12980446,0.31694543,-0.18036613,0.47256744,0.21107386,-0.008932072,0.22651722,-0.51386166,0.21869706,-0.24662824,-0.030623987000000002,-0.11493861,-0.26995742,-0.12281783,0.107454464,0.058950335,0.011598593999999999,0.20461084,-0.07166563,0.27861968,0.13215223,0.019875247,0.3329808,-0.39201975,-0.08425651,0.13178143,0.20156255,0.24147323,0.34903103,0.012306346000000001,-0.17867664,-0.103504665,0.3754177,-0.16304985,-0.06909855,0.12473703,0.09984369,-0.012372085,0.5284701,-0.18814161,-0.09952366,0.09653942,-0.04815372,0.037264753,0.34062370000000003,0.011000348,-0.2269877,-0.036588717,-0.15260825,0.1914602,0.43294263,-0.15016855,-0.09380295,0.13128941,0.027084047000000003,0.046814494000000005,0.36373922,0.27722729999999995,-0.6211191,0.29234140000000003,0.1437904,-0.4146008,-0.15449004,0.13814348,-0.22586642,-0.5381079000000001,0.5942259,0.52733,-0.24953246,-0.51287466,0.052494604,-0.18216637,-0.12083204,0.13675205,-0.048619017,0.09728386,0.69409096,-0.036713388,-0.18836151,0.22321105,-0.19863318,-0.21680474,0.12756549,0.14619263,-0.1649717,0.300361,-0.16539754,0.5940343000000001,-0.15020529999999999,-0.00094744726,0.031265903,0.06133463,0.17919616,0.14508037,0.077732585,0.27794886,0.6112401999999999,0.27853623,0.27354035,0.09154553,-0.041443016,-0.15944934,0.7623843000000001,0.3740905,0.27087659999999997,0.28297862,-0.30933663,0.011956323,-0.034761086000000004,0.2963535,0.1523014,0.15735777,-0.0643204,0.34438694,0.09935545,-0.017664405,0.15980543,-0.30709228,-0.29206017,-0.10057589,0.33447078,-0.3729539,-0.30285054,-0.08404138,-0.14242165,0.17488433,-0.0987508,-0.044461127,-0.12860806,0.122806445,-0.14933337,-0.29606035,-0.1151116,-0.07839997,-0.10613442,-0.16323341,-0.19146581,-0.064850934,-0.21516210000000002,-0.4654392,0.017962012,0.015144493,-0.3665226,-0.25589103,0.18079716,-0.22445431,0.11222255,-0.31022736,0.17710319,-0.25200957,0.21102689,0.093360975,0.73461056,0.12963648,0.18755229,-0.53621244,-0.009790219000000001,-0.025448252,0.31934359999999995,0.103049666,0.084546275,0.55087805,-0.08384168,0.21162319999999998,0.20880505,0.5018537000000001,-0.5694504,0.3676373,-0.10602607,0.13150051,0.09558177,0.14344501,-0.29680577,0.47551274,-0.55768853,0.011208858,0.07524034,0.232504,-0.25296107,0.17692138,-0.19538195,0.3672543,-0.019023947,-0.021492861000000002,0.10454261,0.18226604,-0.01184511,0.127341,-0.15814157,-0.51320934,-0.38045102,0.021605082,-0.10488927,0.13245028,0.04255289599999999,0.28380278,-0.042119199999999996,0.120260306,0.49222168,-0.1666525,-0.012016808,-0.33857518,-0.17646442,-0.41827086,0.046383522,0.0022469792,-0.10112442,-0.14862342,0.064617135,0.08158541,-0.17442627,-0.12148426,0.25166884,0.057434532999999996
116,20,0.06482937,0.007823682,0.40036994,-0.049943224,0.1541279,-0.21397660000000002,-0.041893516,0.14317137,-0.05651242,-0.09177901599999999,0.081337415,-0.05252735,0.01357559,0.30360487,-0.142707,0.559919,-0.24738076,-0.0027282357,-0.11583147,0.15980093,0.61500835,0.0113699855,0.18419558,0.21005411,0.17182699,0.017639708,0.15550594,-0.010754762,-0.11603029,0.017609935,0.37259594,-0.06244219,-0.06257582,-0.015656896,0.03027085,-0.23742257,-0.10566557,-0.016332931999999998,0.0585403,0.14408664,-0.39561757,-0.36210328,-0.07268363,0.07069785,-0.24833862,-0.20682214,0.49198142,0.066738226,-0.038169272000000004,-0.036969262999999995,-0.15443973,0.05853082,-0.36744237,-0.060163215,-0.04851073400000001,0.49339426,0.101662524,-0.34906729999999997,-0.5190632000000001,-0.03246209,0.42964122,-0.2212221,0.014826222,-0.2668836,0.340943,0.21062727,0.0050729336,0.28663373,-0.33210468,0.15248938,-0.18256082,-0.16898248,-0.14865267,0.29922527,-0.15799235,-0.09489595,-0.08969142,0.2985743,0.104924664,-0.21188879,0.0030653805,0.08481057,-0.17095783,0.5175393,0.06915262,0.03157058,0.35921913,0.049857207,-0.3372989,0.20025456,0.03311513,-0.17607157,-0.027014728999999998,-0.040506307000000005,0.20296378,-0.1674153,-0.029063147,-0.049090795,-0.11559745,0.3054042,0.21982904,0.03834701,0.034205448,-0.3252959,-0.058157645,-0.21454537,0.22295684,0.32541022,0.13474898,0.1565342,0.19780059,0.06460422,-0.119821645,-0.2729076,-0.1365145,-0.18640265,0.04103237,-0.042377032,0.05177519,0.15635931,-0.10448716,0.02410568,0.15972921,0.59772325,-0.012533923999999998,0.24272372,-0.031179795,0.11721794,0.056289088,-0.0072808596,0.14756470000000002,0.14977217,-0.017918719,-0.53349304,-0.23730660000000003,0.20743716,0.06530374,-0.19504096,-0.26053786,-0.3032616,0.21658875,0.07283839999999998,0.20528875,0.008346237,0.13689363,0.23260622,-0.16836824,-0.2431161,0.031647592999999995,-0.051661767000000004,0.00094471325,0.24051985,-0.11988438,-0.24302344,0.008892431999999999,-0.2726712,0.122634925,0.14869082,-0.040668175,0.12924571,0.43668094,0.028676842999999997,-0.07317234,0.34030822,0.29674566,0.013512233,-0.22569993,0.055989347,-0.11979635,-0.15123689,-0.09442689,-0.35671264,0.6524249,-0.20766972,0.044603273,0.12284452,0.42421827,0.31033558,0.17084232,-0.0075841513000000004,-0.62136346,0.030351117,-0.08962911,0.08671252,0.13322544,-0.24510314,0.14989057,-0.17303903,0.25339055,0.06646726,-0.29161978,-0.44069123,-0.22162379999999998,-0.089234725,0.08340836,-0.18527901,0.01328243,-0.26723486,-0.006078804,0.22925447,0.0984579,0.3117978,0.43034318,0.07637751,-0.48178583,0.16768885,0.20025785,-0.016711766,-0.20520699,0.43766409999999994,-0.09233073,0.49688279999999996,-0.019762453,-0.18015502,-0.19932154,-0.16767506,-0.12558593,-0.17798999,0.18871923,0.11334605,-0.14696133,0.19151439,-0.32173055,0.23327428,0.027255865,0.8612155,-0.098639145,-0.42249018,0.11635833,0.16092877,-0.14919037,-0.3536988,0.29839605,0.37261617,-0.06790215,0.17855683,0.08132376,-0.24820195,0.17143215,-0.32329565,-0.3634195,0.17590526,0.29348853,0.21188691,-0.014352232,0.00075377134,-0.12252578,-0.41737170000000007,-0.24676542,-0.13132727,-0.33904794,-0.17402983,0.0034950090000000003,-0.46841702,-0.005743535,0.15305483,-0.3402614,-0.32262036,-0.09481893,-0.22355112,0.070315264,0.018887712,0.15268306,0.07722180000000001,-0.49647176,-0.2237526,-0.074546024,0.18420987,0.35534215,0.17014445,-0.43192285,0.24040227,-0.10545777,0.48242745,-0.07381714,-0.03708742,0.5361108,0.15563970000000002,0.08505299,-0.20892648,0.47783756,0.41815853,-0.024382273,-0.13126528,-0.010243309,-0.4175009,0.11053304,0.03576432,-0.0187112,-0.1500205,-0.10642506,0.20678525,-0.17293137,-0.24638774,0.36506740000000004,-0.05486041,0.13925399,-0.11248773,0.105675384,-0.19387077,-0.11729688,-0.08330828,-0.029680029,0.17734006,-0.249319,0.33018106,0.037861787,-0.4695937,-4.6661806,-0.20057906,-0.07757457,-0.51120216,0.42666143,-0.23466228,0.039162487,0.025817886,-0.4971417,-0.27320203,-0.10061573,-0.21446843,0.32173875,-0.002134127,0.062050488,0.18229714,0.24751706,-0.07860218,-0.44732818,0.32403338,0.11487585,-0.14847223,0.35391500000000004,-0.2979039,0.22189552,0.40258038,0.13097374,0.1981321,-0.40924045,-0.25167087,-0.09791949,-0.12699343,0.10259574,0.28215417,-0.14276858,0.04643205,-0.10908629,-0.2565215,-0.21187057,-0.08532863,0.029100532000000002,-0.5117569000000001,0.013446446,-0.41229492,0.7915446999999999,-0.31588128,-0.11948439,0.0037735421000000004,0.13971402,0.032339322999999996,-0.07572129,0.022604877000000002,-0.03334061,-0.016023507,-0.022409229,0.039088316,0.3098772,0.5196996,-0.26262513,-0.36204076,0.29079935,-0.025694724,-0.37973288,-0.14522922,-0.03958513,0.04203253,-0.25732487,-0.3548397,-0.22583997,0.10469586,-0.1080317,-0.0831142,-0.15502824,-0.67407,-0.33721128,0.1632958,-0.101948485,0.11774705,-0.006711646,0.06545019,-0.33304873,-0.116965316,-0.0031966313000000002,-0.08870745,-0.31166622,-0.15013093,0.059107296,-0.17817289,-0.34011707,-0.28733924,0.059559245,0.12675735,-0.05101319,6.489534e-05,0.07736426,-0.016039789,0.35721532,-0.033875097,0.13561745,-0.12762423,0.34688884,0.042030077,0.6002268,-0.5873434000000001,-0.09334379400000001,0.021972455,-0.09948987,0.22988793,0.087896414,-0.36529645,0.33932298,-0.5392093000000001,0.42709607,-0.27057782,-0.2765057,-0.5069520000000001,0.03532219,0.39983088,0.007029719,-0.21340986,-0.21473078,0.37063262,-0.5306744000000001,-0.43707728,-0.8929681,0.06421835,-0.12124771,0.0396578,-0.08108658,0.09901171,-0.23135497,-0.10928297,0.0822045,0.017573958,0.07200119,0.11719307,0.10411587,-0.35048229,-0.09989869,-0.13131005,-0.049793332999999995,0.13974747,0.024087902,0.15745771,0.26947123,0.15394352,0.1088657,-0.116746075,0.08592866,0.2305861,-0.16583169,-0.25219288,0.15420525,-0.35703596,-0.016853873000000002,0.16457297,0.24472558,-0.23980716,-0.05681718,-0.22855179,0.05939631,-0.07599442,0.23400874,0.24430162,0.025835305,0.15476432,-0.101421006,-0.28394032,0.03628437,-0.12564197,-0.13627325,0.43647313,-0.087886274,-0.2558302,-0.10659721,0.5290815,0.27767113,-0.0856896,0.09804893,0.43833974,0.0050317923999999995,-0.18043101,-0.022217032999999997,-0.07238526,0.18601756,-0.07124202,-0.024002557999999997,-0.3515428,0.14768969,0.18093356,-0.27042732,0.35812309999999997,-0.0077693486,-0.33275953,0.010497746,-0.24102883,0.37541366,-0.059710942,-0.16802233,0.07356161,0.40752962,0.08021534,0.035763152,0.13510713,-0.17855448,-0.30063736,0.18104349,0.18652816,0.07100438,0.019891234,-0.23826785,-0.30726996,-0.16868328,-0.28104436,0.27330592,-0.39738533,-0.03460745,0.016109234,-0.37379238,-0.04245318,0.06534069999999999,-0.032750953,0.25433484,0.07835558,-0.39041659999999995,-0.29249050000000004,0.0059542245999999995,-0.22114398,-0.16731744,-0.115319215,-0.09269499,-0.5970599,0.014690113000000001,0.3679221,-0.09493463,0.021154799,-0.042017356,-0.11076384,-0.03270164,-0.02377955,-0.34841964,0.025964922999999997,0.27077493,-0.21270406,0.031043326,-0.02476678,-0.28403953,0.45753193,-0.39889768,0.34986436,0.07549571,0.084884584,-0.22284479999999998,-0.3625432,0.19513826,-0.63008803,-0.26646729999999996,0.0068082693,-0.055473547000000005,-0.028711563,-0.26601785,0.19398014,0.04635505,-0.092759274,-0.03343901,-0.17193393,0.15983522,0.23471260000000002,0.08165493,-0.5490391,0.11566492,0.13387537,0.1383122,-0.3672641,0.23066492,0.13558902,-0.3170614,-0.4059824,0.63094944,-0.6090826,0.1379292,0.1808185,-0.06476894,-0.07286055400000001,0.17834544,-0.432593,-0.013369957,0.19348352,-0.11989465,0.067951076,0.24871884,0.27889332,-0.10159537,0.060300287,0.055033464000000004,0.016239808999999997,0.35603055,-0.007555353000000001,-0.09603499,0.11623641,0.06542939,0.09380374,0.18918304,-0.017452776,-0.18326515,0.12325923,0.41574243,-0.27258879999999996,-0.032195,0.10189841,0.110841565,-0.20160744,0.59972143,0.35650727,-0.14875038,-0.42718090000000003,0.23992233,-0.038670752,-0.307569,-0.026315227000000004,0.08530831,0.017496489,0.7928390000000001,-0.07163646,0.20738134,-0.09922897,-0.48576320000000006,0.050539218,-0.030680945,0.46513072,-0.09877230000000001,0.25003242,-0.22499363,0.33332074,-0.13693699,0.0034595296999999996,0.031579785,-0.086627945,-0.0029544171,0.21636398,-0.07604999,0.27355614,0.16491224,0.26683977,0.2911599,0.12345146,0.08943763,0.088134274,0.5814578,0.41012922,0.12580295,0.19817902,-0.29239770000000004,-0.26183105,0.16625781,0.31097904,-0.018165939,0.25473788,-0.014739511,0.38590646,0.13852155,0.055687234,0.06260106,-0.10709774,-0.15359218,0.059205983,-0.017504973,-0.023437338,-0.32778445,-0.0023970737,-0.030099982,0.10624194,-0.32382244,-0.10986091,-0.28432688,0.19647866,0.09289270000000001,-0.1597927,-0.028517032,0.12951615,-0.01631215,0.028562358,-0.17315681,-0.002796624,0.031869043,-0.6331503,-0.08459308,0.0028871916999999997,-0.052026885999999994,-0.45696400000000004,-0.17591166,-0.15246344,-0.06708768,-0.056132246,-0.12902673,-0.17497063,0.19122076,-0.07951722,0.38545972,0.20271695,0.20301914,-0.17337464,0.112852186,0.38701165,0.41484390000000004,0.063659385,-0.08089178,0.28084552,-0.40701362,0.09235222,-0.006505439,0.25608984,-0.6313546,0.23407482,-0.13139051,-0.22810154,0.120468415,-0.0050692824,-0.106635936,0.077932976,-0.270214,-0.25838858,0.08270235,0.24501657,-0.31885016,0.08534909,0.23777203,0.4633534000000001,-0.15636049,0.08535229,0.055852026,0.20606620000000003,0.009090616999999999,0.20527136,-0.11361203,-0.14851017,-0.071429946,-0.19507053,-0.23080944,0.0112316925,0.18877019,0.38603744,0.14635114,-0.06984633,0.26068202,-0.07819084,0.02873159,0.10097134,-0.3821268,-0.094731234,-0.08860133,0.18730897,0.08651279,-0.005328119,0.080504306,0.29855478,-0.21078032,-0.27749816,0.026117107,0.050786767000000003
117,1,0.032550268,0.069283724,0.2558118,-0.026979537999999997,0.048494674,-0.35257205,0.10938813,0.34032506,0.24059144,-0.15617906,-0.009849446999999999,-0.12677298,-0.1525307,0.32447508,-0.1833404,0.5318946,-0.19211891,-0.21059854,-0.17720494,0.16718024,0.26098052,0.04366721,-0.025869964,0.26271212,0.17097765,0.12217541,0.0052767163,-0.17120984,-0.18073368,0.115508154,0.43925372,0.14198662,-0.0057243406999999994,-0.22974738,-0.028461175,-0.12740427,-0.07111976,0.10582952,0.03547679,0.047068432,-0.47733018,-0.26824477,-0.04158496,-0.26303834,-0.31111209999999995,-0.3751129,0.24552917,0.0673217,0.06507111,-0.118203856,-0.32286566,-0.115015626,-0.37923735,0.048650168,0.09795038,0.5121238,0.037935246,-0.31873542,-0.45289698,-0.1340953,0.16704862,-0.04351511,-0.039861593,-0.132224,0.2544478,0.08198345,0.15801965,0.38310700000000003,-0.44012117,-0.24496354,-0.0881919,0.026207974,-0.16108711,0.084266886,-0.08141939,0.09225111,0.06156425,0.15367442,0.14052783,0.058435835,-0.1233812,0.29174690000000003,-0.21278408,0.6116577,0.028844052999999998,0.16789822,0.12966329,0.07442537,-0.31683284,0.5343818,0.12932613,-0.365818,0.08441959,-0.09925223,0.22028753,-0.17497970000000002,0.059596736,-0.13256089999999998,0.0167602,0.37226444,-0.15051176,-0.27671078,0.048944768,-0.26571158,-0.12980695,-0.12476742,0.20966531,0.35699746,0.04608145,0.09335605,0.03087264,0.05098437,-0.33761325,-0.22252965,0.07515642,-0.15612407,-0.17777471,-0.12068362,0.39783016,0.31780106,-0.08686532,0.0800908,0.35802698,0.7000130999999999,0.11871072,0.09202429,-0.14543822,0.24549581,-0.23582797,-0.067063466,0.15089343,0.42890435,0.33207282,-0.5294945,-0.31306034,0.033264954,0.042010065,0.01463825,-0.25421587,0.038316235,0.134757,-0.048138265,0.14560184,0.023668375,0.07019796,-0.047112897,-0.19898470000000001,-0.20893659,-0.13268028,0.11877031,0.028255595,0.21547155,0.04885264,-0.37657538,-0.07568462,-0.17998157,-0.18049160000000003,0.22239539999999997,-0.019918203,0.009390325,0.26944342,0.20690022,0.087425746,0.2829826,0.40556985,-0.12051639,-0.3383373,0.25816914,-0.40839395,-0.19952595,-0.120442145,-0.23118305,0.49121562,-0.036785726,0.120615005,0.17044128,0.49526352,0.20148699,0.25964114,0.10955426,-0.49932456,0.2117982,-0.035208166,-0.20226589,0.17969126,-0.08082967,0.16523637,0.04688409,0.43731612,0.07910936,-0.4283012,-0.24714701,0.15636136,-0.25536522,0.020444108,-0.22768041,-0.019569563,-0.052094645999999994,-0.09763732,0.10239169999999999,0.13925979,-0.067143016,0.14045501,-0.17511772,-0.24765688,0.032690752000000003,0.24349537,-0.14684768,-0.14573318,0.21440062,-0.09861697,0.45076314,0.032433335,-0.035782017,0.0048116376,-0.18069884,0.24535085,-0.23914886,0.34515572,-0.05197518,0.012162891,-0.03784735,-0.12898721,-0.035292447000000005,-0.14359587,0.96178055,-0.021272423,-0.3479463,0.18106146,0.18073945,-0.23097457,-0.2593777,0.27871498,0.15831771,0.13547985,0.12458397,-0.12145199,-0.124138296,-0.043838307,-0.18326849,-0.1790454,0.30046815,0.16798024,0.1746014,-0.14856163,-0.00871093,-0.14984752,-0.27810296,-0.13908255,-0.12309097,-0.52483904,-0.5676171999999999,0.055169857999999995,-0.26723197,-0.28502494,-0.08098792,-0.17885187,-0.27090776,-0.22912854,0.04817252,0.17061995,0.09791374,0.070625834,-0.010032965999999999,-0.29431048,-0.33650032,0.010107703000000001,0.31478852,0.36233243,0.1485422,-0.11380589,0.044720814000000005,-0.07701495,0.47250307,-0.28362309999999996,-0.050398044,0.30774733,-0.045391727,0.15268229,-0.11753399,0.18641178,0.37128446,-0.102871925,-0.03883187,-0.1255375,-0.23280294,0.022695765,0.18153055,0.020285835,-0.19659637,-0.093325086,0.05865685,-0.359121,-0.26378405,0.49217764,-0.005991076999999999,0.032855425,-0.16925564,-0.26091072,-0.07878039,-0.33865902,-0.049007904000000005,0.11497360000000001,0.10559531,-0.2304674,0.15357289,-0.15456153,-0.12899046,-4.9835935,0.05421202,0.07118885,-0.33038592,0.11671139,-0.19460858,-0.015152703,-0.18706211,-0.37305194,-0.25242853,-0.23661819,-0.22914316,0.18820661,0.095971495,0.34864277,0.23640816,0.09589074,-0.030778293999999998,-0.09554428,0.58727425,-0.03308857,-0.41333076,0.20721641,-0.20443334,0.33893666,0.21145326,-0.16405477,0.10931579,-0.43842924,-0.14317518,0.027491473,-0.06230103,-0.0594924,0.0961603,0.045252155999999995,0.013770916999999999,0.18214625,-0.42238290000000006,-0.17762132,-0.28672704,-0.044042155,-0.5159369,0.009693759,-0.40831354,0.5843163,-0.13767536,0.03730378,-0.11307071,0.09662092,0.1462973,0.016307129,0.022173971,-0.22538809999999998,-0.20737519999999998,-0.1998438,-0.08264116,0.2628755,0.69775254,-0.19978753,-0.50288844,0.35240206,-0.0748043,-0.53034896,-0.04390464,-0.12881221,-0.13866425,-0.21937798,-0.13210662,0.007689382,0.0081849145,0.07996673,0.17281803,-0.42660509999999996,-0.7740866,-0.14909157,-0.03610488,-0.1422062,-0.049046772999999995,0.12117276,0.11020814,-0.24280900000000002,-0.1679786,0.15118735,-0.16424105,-0.13798381,0.044151865,-0.011465191999999999,-0.32158163,-0.26470008,-0.32367408,0.10986574,0.07316228,0.073634885,0.22561146,0.08950783,-0.07828709,0.41890790000000006,-0.16890344,0.26897556,-0.23544154,0.33818412,0.17531356,0.6097626,-0.2859065,0.006899728000000001,-0.008394882,-0.13954708,-0.05654624,0.23072715,-0.26422292,0.39905348,-0.35708985,0.3261825,-0.19130191,-0.39077407,-0.23282608,0.28426890000000005,0.27946347,0.045901917,-0.2020616,-0.3041223,0.36197457,-0.5014704000000001,-0.26830859999999995,-0.62696135,0.17301258,-0.098835655,0.13259478,-0.11814312,0.100979805,-0.24537399999999998,-0.28079757,0.094495945,0.18786965,0.24361154,-0.056304444,0.105677046,-0.28124833,-0.048587255,-0.25613585,0.17694181,0.21817024,0.16958897,0.23166105,0.07408004,0.47352892,0.13320483,-0.080110855,-0.14868139,0.24386115,0.035693653,-0.238717,0.20607644,-0.2642854,0.11917914,0.17526694,0.27805096,-0.24127674,0.029993303,-0.21920024,0.16227078,-0.004987969,0.23267399,0.362693,0.16969194,0.38229766,0.1457025,-0.18139395,-0.14412503,0.030401256,-0.27994946,0.08507376,-0.24842693,-0.27710235,-0.06093252,0.604509,0.068840526,-0.17746823,-0.07379475,0.40251163,0.115078874,-0.10112656,-0.11851594,-0.28007020000000005,0.22136463,0.1620996,-0.21938734,-0.17643708,-0.14479537,0.21729285,-0.24500252,0.26925254,-0.0945687,-0.18012084,-0.1316379,-0.108733505,0.3200422,-0.14886351,0.16066934,0.31582937,0.39246222,0.25670558,-0.04414714,0.1602253,0.024662264,-0.14422427,0.13124537,0.084417485,0.18775639,0.09032616,-0.009862636999999999,-0.46381825,-0.25083724,-0.13523410000000002,0.17659323,-0.25316286,0.03319979,-0.13595821,-0.15826267,0.19867787,0.12678345,-0.0051293657,0.093269005,0.14746296,-0.5057662,-0.18885848,-0.0940377,-0.16922779999999998,-0.21108784,-0.1904244,0.08885348,-0.6500284000000001,-0.0044752974,0.36833245,-0.25163442,0.027217215,-0.19695134,0.17602712,0.20098856,-0.20748398,-0.24550939,0.13750602,-0.04392966,-0.23711671,0.1644943,-0.10683116,-0.11797806,0.33307993,-0.33525142,0.41677970000000003,0.0152432965,0.03334576,-0.17479952,-0.5078782000000001,0.37628064,-0.35963926,-0.28503263,0.07037897,-0.18080993,-0.16030762,-0.06266679,0.22662327,-0.11771945,-0.23154326,0.021850843,0.17261828,-0.11145457,0.19392909,-0.13237134,-0.47148797,-0.07049113,0.015446073999999999,-0.050635464000000005,-0.062713824,0.23989643,0.060282245,-0.22149713,-0.35014784,0.6240770999999999,-0.28925052,-0.021983037,0.02518991,0.21352583,-0.22421792,0.14674042,-0.05937955,-0.04973842,-0.037235644,0.04501715,0.12184927599999999,0.28627217,0.11706148,-0.18379459,-0.009239678000000001,-0.15966262,0.052880563,0.6377712,-0.16266236,0.09439811,0.22174138,0.023420608,-0.14866965,0.08747745,0.17378931,-0.33596164,-0.0033151654,0.2845001,-0.49602664,0.25463495,0.23356487,-0.12008729,-0.43229014,0.34998924,0.38571859999999997,-0.13522317,-0.43821084,0.07750901,-0.18720491,-0.097015195,0.15627103,0.20970021,-0.14803466,0.6599429,-0.14381567,0.15757652,0.04592361,-0.13519242,-0.11347692,0.115964785,0.2599785,0.0726245,0.26185918,-0.4345657,0.36801103,-0.19157125,-0.118430726,0.18433559,0.110900044,-0.01801481,0.060624477,0.01690664,0.21550716,0.41950765,0.37343022,0.26197267,0.09592124,0.11275999,-0.04775375,0.5460590999999999,0.20554642,-0.014759051,0.22615968,-0.18742386,-0.21412710000000001,0.31703112,0.34262928,0.11616853,0.20020148,-0.06266394,0.54143757,0.20923270000000002,0.13036135,0.19183934,-0.21641754,-0.11696167,0.123496875,-0.061349362000000005,-0.21202939999999998,-0.22593987,0.17414571,0.006081849,0.038950913,-0.3482252,-0.19246726,-0.2945233,0.15685952,0.16624926,-0.07643381,-0.09851202,0.006519918299999999,0.12084825,-0.23697251,-0.272407,-0.12375098,-0.035934575,-0.7152361999999999,-0.1423395,-0.06252827,-0.23934431,-0.12985492,-0.03813448,-0.111680195,-0.029652257999999997,-0.26364017,-0.12739258,-0.20980403,0.14335014,0.05232213,0.35070103,0.20971439999999997,0.30660433,-0.15421882,-0.091798335,0.19283952,0.35300872,0.14140591,-0.20422924,0.12758134,-0.21370983,0.48142925,0.047022622,0.3138978,-0.48339027,0.22686039,-0.12590419,-0.06891231,-0.11169127400000001,-0.030730486,-0.15542346,0.39080453,-0.59968054,0.05514432,-0.030058572000000002,0.24985111,-0.35588545,0.13344757,0.15135284,0.23245111,-0.17374134,0.064457685,0.1812084,0.31187847,-0.06286594,-0.11224551,-0.3828514,-0.27272147,-0.31955259999999996,0.19433312,-0.06880496,0.39461216,0.29666153,0.38143864,-0.14265679,0.13547534,0.42077544,-0.2712777,-0.07846655,0.03976619,-0.5439361,-0.073092625,-0.13732463,0.12584022,0.08248909,-0.15666614,0.06298364,0.10262821,0.082997575,-0.072067805,0.16226876,-0.11198907
118,0,-0.084037445,-0.37721285,0.36713195,-0.14446735,0.26222515,-0.104345776,-0.0027398868,0.36378708,-0.08720035,-0.18564041,0.07369866,-0.2615529,0.001939005,0.53576523,-0.24996923,0.37273866,-0.34218347,-0.033695407000000004,-0.17384455,0.16965452,0.14431185,-0.06660962,0.046450857000000005,0.36955413,0.43548509999999996,0.03992914,-0.29365435,-0.05991169,-0.43396202,0.081981495,0.071276285,0.13414736,-0.10940829,-0.49398237,-0.29240006,-0.2757673,-0.19518515,-0.13316348,-0.10565528,0.20946364,-0.39838308,-0.11432963,0.16256872,-0.07358817,-0.21305210000000002,-0.27000225,-0.24234171,-0.15880714,0.1310264,-0.23710361,-0.5125453,0.30121928,-0.20424160000000002,0.31181782,0.1267643,0.28672296,0.07348576,-0.57015127,-0.3397969,-0.33747897,0.26370390000000005,-0.06807206,0.10667258,-0.04547431,0.07258886,0.19312322,0.028141191,0.19760275,-0.6466163,0.51185805,-0.14594123,-0.06791926,0.086556345,-0.3519585,0.11398259,0.15831189999999998,-0.084146515,0.30742338,-0.083283916,0.15266488,-0.21581559,0.2820028,-0.19191198,0.15783004,0.16382419,-0.24546322,-0.13191299,0.0034088783000000003,-0.09291492,0.35092705,-0.32441273,-0.12982671,0.02436844,0.19956966,0.32035217,-0.57934654,0.09266085,-0.028010637999999997,-0.10395632,0.68300813,0.10457054,-0.33911937,-0.12970825,0.032027103,-0.14520423,-0.21101427,0.029729067999999997,0.11660728,0.019536741,0.04438311,0.049984448,-0.10100653,0.2875205,0.0753251,-0.23346464,0.48889170000000004,0.17687920000000001,0.011147168,0.057868194000000005,0.13638129999999998,-0.3103486,0.107941516,0.28429740000000003,0.75392544,0.15747838,0.39476165,0.06122919,0.21392199999999997,-0.122803085,-0.46238187,0.060056575,0.16742177,0.24840929999999997,-0.12672879,0.017993532,0.03797306,0.10573488,-0.14456157,-0.002581957,0.009665390500000001,0.11857462,-0.027648091,0.35544509999999996,-0.009481217,0.030621422000000002,-0.20134923,-0.22018804,-0.15412220000000001,0.2699954,0.20405835,-0.07436184,0.25602502,-0.11663444,-0.30667713,-0.08694503,-0.0186947,-0.35375008,0.07560808,0.14554544,0.31317833,0.34721538,0.100543916,-0.094468415,0.14022121,0.2950157,-0.06387419999999999,-0.024655364,-0.16380039,-0.18662556,0.09526168,-0.33223024,-0.23726225,0.5339001999999999,-0.18208972,0.15874207,0.16001222,0.19721887,0.08915436,0.0916785,-0.07574903,-0.79834604,0.28488255,0.009985401,-0.3009921,0.40045664,-0.28727317,0.3228765,-0.1456192,0.16368623,0.18650115,-0.11932628,-0.14277722,0.12381313,-0.008296361,0.14840420000000001,-0.5152542999999999,-0.32891315,-0.21109195,-0.12203064599999999,0.19941647,0.11208171,0.015201043000000001,0.10502958,0.009577213000000001,-0.11194653,0.18158099,-0.046995483,0.03148277,0.13355967,0.4477149,-0.37401095,0.3824134,-0.09570867,0.00072961417,0.24442144,0.040669065,0.33875865,-0.058343787,-0.07058710000000001,-0.10714225,-0.04754046,-0.068088055,-0.31593284,0.24091351,-0.28996027,0.77972,-0.12883678,-0.3909551,0.07897095400000001,0.24064398,-0.10460617400000001,-0.015703497,0.37646890000000005,-0.14949319,0.2789228,0.098302744,-0.09548679,-0.19240059,0.080395035,0.020485988,-0.13139002,0.27310932,0.21294202,0.3272684,-0.014119951,0.15951024,-0.15386131,0.12532437,-0.20547684,-0.33256778,-0.41474178,-0.42755613,-0.09483641,-0.31356528,0.041519653,-0.31893903,-0.2000347,0.11504817,0.058355104000000005,0.08578177,0.21286121,0.09351414400000001,-0.06321019,0.20516679,-0.5135527,0.07304063400000001,-0.045951594000000005,0.2520596,0.48623332,0.10340748,-0.23525549999999998,-0.046833467000000004,0.15938571,0.2596058,-0.15502822,0.17498584,0.31302333,0.051812912999999995,-0.060880773,-0.0013053276,0.23730704,0.30897602,-0.1576405,0.17946468,0.0042412705,-0.25197253,0.34396678,0.050020732000000005,-0.19587944,-0.19049801,0.05923285,0.035883542000000004,-0.30782,0.005834898000000001,0.20934466,-0.21279229,0.13737006,0.25712338,-0.25195402,0.013341438999999998,0.059174526,-0.14379255,-0.08299574,0.26795188,-0.20652872,0.008260766,0.011526443,-0.56339777,-4.7479825,-0.35284367,-0.11525879,-0.18981342,0.25169978,-0.1996798,-0.048069105,0.03194363,-0.47777066,0.048800003,-0.23399852,-0.26971385,0.408677,0.00916345,0.38006622,0.1251633,0.006919438000000001,-0.18025097,-0.23012322,0.60790217,-0.26486698,-0.24308121,0.065950595,-0.20631158,0.08434043,0.43313724,-0.21307948,0.11371049,-0.23696852,-0.27876014,-0.15431996,-0.1952942,-0.036669776,0.11649763,-0.23263560000000003,-0.08909309,-0.057516802,-0.05661856,0.07987399,0.062316123,0.033994433,-0.06309443,0.08187205,0.0029451032,0.60262144,-0.24502112,-0.20230107,-0.35704955,-0.15513779,0.15041716,0.15524884,-0.075295456,0.23087655,-0.17241643,0.27118862,-0.078966975,-0.0020489723,0.3712966,-0.10953043400000001,-0.32789029999999997,0.13247581,-0.27177748,-0.23120052,-0.091944695,-0.09183467,-0.44880778,-0.27026376,0.16205664,0.34778446,0.066226885,0.13730778,0.2221935,-0.071256734,-1.0877959,-0.11780302,0.095763065,0.020757359,0.016263648999999998,0.19403264,-0.09251696599999999,-0.5056469,-0.23544479999999998,0.043513563,-0.0070251995,-0.24365605,-0.41056943,0.11329858,-0.29221565,-0.054596193,-0.24948,-0.0007854393,0.29395609999999994,-0.08260481,0.21388318,0.10132658,0.099606566,0.3190002,-0.27808928,0.25613138,0.090326294,0.5568626999999999,0.032719865,0.33250263,-0.031734057,0.009919968000000001,0.31907037,-0.41507113,0.14212094,-0.05183836,0.019639213,0.030204698,-0.30941609999999997,-0.03834879,-0.30465454,-0.3207977,-0.03213597,-0.1784076,0.41378385,-0.031991027000000005,0.09991644,-0.29340340000000004,0.5429046999999999,-0.11591378,-0.55362993,-0.42534205,-0.10971516,-0.26110479999999997,0.19008946,-0.03735088,0.014494431,-0.04439919,-0.11164419,-0.012873488,0.10751369,0.08256218,-0.14805233,-0.28701314,-0.4224744000000001,0.049661584,0.08006512,0.13807349,0.11093077,0.08883128,0.31503364,0.24842122,0.22923271,0.07138751,-0.13410199,-0.10647730000000001,0.12166665,0.03277793,-0.38113397,0.21336925,-0.17701654,0.17576726,-0.2819647,0.39473274,-0.10533654,-0.41879502,0.10904533,-0.007895375999999999,-0.20462206,0.25759748,0.32160878,-0.2756114,0.25945798,-0.10282793,-0.057487199999999995,-0.098345675,0.011517383999999999,-0.44299462,0.12402107,-0.17881449,0.18536894,-0.016034747,0.042721365,0.19219524,-0.23822388,-0.0038238472999999997,0.11542639,0.11294676,0.056690842000000005,-0.21365607,0.030054748,0.4756246,0.10100764,0.45830059999999995,-0.07668842,0.1559121,0.1480702,-0.31013072,0.16813733,-0.5202777,-0.13153374,-0.5491539000000001,-0.3162957,0.22576721,-0.29362136,0.08430451,0.41600695,0.05503238,0.14706947,-0.36115208,0.0017734199,0.28953788,-0.16000398,0.14076793,-0.05381255,0.028306328,0.19191651,-0.2521153,-0.3425212,0.116783015,-0.36719835,0.020128055,-0.20814444,-0.12169291,-0.074706174,0.02990631,0.14294825,-0.043921784000000005,-0.48464704,0.08117426,-0.037282098,-0.20671071,-0.08869768,-0.043613803,-0.10655787,-0.2287152,0.027460067,0.18088035,-0.62771785,0.3053468,0.048501175,-0.17332329999999999,-0.09902642,-0.32407942,-0.016625248000000002,-0.10719822,-0.07547377,0.08578127599999999,-0.2130252,-0.12733679,-0.43525952,0.19226737,-0.19134077,0.043901652,0.23129614,-0.031862892000000004,0.55566555,0.20805413,-0.030805701,-0.14211766,-0.30440342,0.4146693,-0.2880547,-0.10115457,0.036019433,-0.39816704,0.035231818,-0.26938653,-0.007484079300000001,-0.118776105,0.06985021,0.04516818,0.08620896,-0.011393133,0.38899323,0.16770542,-0.10284801,-0.120778106,0.13976768,0.14527078,0.17714916,0.010025934,0.028721781000000002,-0.25641012,-0.04843191,-0.055111985999999995,-0.30273718,0.14912224,0.13000758,-0.26961437,0.1310755,0.63755304,-0.18097416,0.0030925728000000003,-0.12536024,-0.05566159,0.11422579,-0.17947072,0.43082700000000007,-0.005572537,0.17100625,0.10368209,0.22712891,0.6924775,0.030550777999999997,0.036546387,0.21676274,0.07284115,-0.07932075,0.0071140380000000005,0.40860635,-0.29334956,0.2612389,0.15902135,-0.36245623,0.17214139,0.41152874,-0.040168688,-0.43930070000000004,0.31809899999999997,0.27874679999999996,0.11717279,-0.37058845,0.20205197,-0.3167275,-0.22877498,0.023978481,0.110109426,-0.14302552,0.30595377,-0.060158584,-0.036539067,0.21098155,-0.2916577,-0.19068412,0.02173226,0.16844961,0.082196146,0.6926258000000001,-0.165506,0.2937744,-0.12929136,-0.14107436,0.31338376,0.02569239,0.17813726,0.05872114,-0.20576738,0.21571578,0.12794283,0.2206397,0.19155633,-0.025381213,0.210269,0.091118194,0.58854765,0.4580616,-0.07441556,0.22808446,-0.24870802,-0.2667159,0.21639714,0.03562213,0.18535936,0.10387406,-0.14469326,0.20234045,0.111824386,-0.08993,0.38854006,-0.31386820000000004,-0.20909247,0.113619745,0.15142974,-0.18124287,-0.15007098,-0.004408921,0.011521985,0.33005238,-0.017338533,0.07840641,-0.42716935,0.13880138,0.092716016,0.10738443,-0.14348751,0.27425233,0.2196437,0.01686798,-0.48692346,0.039575476,0.12239904,-0.2833415,0.0031988448,0.12737478,-0.05707771,-0.35265452,0.11563028,-0.35284352,0.12795705,0.065853275,0.04296294,-0.29016593,0.410616,0.18548448,0.28464709999999993,0.077956446,0.40143374,0.029130917000000003,0.05084341,-0.033966817,0.03824497,0.23887374,-0.07971702,-0.119657315,-0.38984713,0.049590635999999993,0.3134102,0.33208126,-0.63816446,-0.1372116,-0.1974105,-0.06426976,0.07637334,-0.15872046,0.019214785,0.12620787,-0.44644567,-0.14372487,-0.11036436,0.21011885,-0.04723209,-0.12011194,-0.22731197,0.25193986,0.11954812,-0.0014433751,0.41963574,0.17140995,0.2848718,-0.27731895,0.2798474,-0.4644132,0.024950932999999998,-0.01947605,-0.18467183,-0.19892879,-0.053774882,0.26033485,0.06342659,0.14089015,-0.3689466,0.17765793,0.024486542000000003,-0.28533453,-0.24069312,-0.4564054,-0.30652627,-0.014559019,-0.19770597,-0.18999103,-0.19771689,0.0021872928,-0.057167705,0.00095129345,0.13870776,-0.08052263400000001
119,17,-0.07622821,-0.002589058,0.29078278,0.18414737,0.1099951,-0.17403425,-0.050555047,0.37055865,0.039328247000000004,-0.29706540000000003,0.21671404,-0.21227774,-0.07419337,0.1500815,-0.10665619400000001,0.5259229999999999,-0.10643025,-0.010283182,-0.17491691,0.29407385,0.089241326,-0.10850227,0.06057599599999999,0.5130685,0.33378664,0.006271588000000001,-0.04713338,-0.21280338,-0.28880490000000003,-0.14594242,0.67938495,0.20335227,-0.21838856,-0.22909981,0.15216461,0.060095023,-0.2703855,-0.07541625,0.15701589999999999,0.07629305,-0.71797144,-0.26095387,-0.11221639,-0.057014315999999995,-0.26068145,-0.35155440000000004,0.06951884,-0.26712084,0.17560910000000002,-0.035715234,-0.3253388,0.06450775,-0.31992638,0.027215306,0.13980669,0.6977048,0.036661334,-0.49440283,-0.6301053000000001,-0.26765808,0.37964198,-0.15676564,-0.06134294,-0.30851033,0.15984137,0.12518647,-0.021711994,0.4252641,-0.6904220999999999,-0.074598536,-0.38680017,0.038904835,-0.12614213,0.16197497,-0.14073217,-0.0045501627,-0.17984281,0.30717245,0.033487696000000004,-0.020595500000000003,-0.26386303,0.34173554,-0.45666304,0.4055646,0.0384354,0.21551664,0.27446184,0.16317646,-0.24982522,0.61052424,0.5103456000000001,-0.5771603,0.24881019,-0.09830230000000001,0.10714474,-0.15162638,0.29405174,0.028320625,-0.10273126,0.6355309,-0.09903609,-0.15018037,-0.16009732,-0.44924647,-0.010662306000000002,-0.25842857,0.1803641,0.23847003,0.20787896,0.32383662,-0.09691571,0.06925425,-0.2479187,-0.18277456,-0.05262736,-0.12436833,0.012358933,-0.05410637,0.13121127,0.29484853,0.132436,0.063492805,0.33807465,0.6686930999999999,0.20700029,-0.13198866,-0.34923150000000003,0.2947754,-0.03659916,-0.19387387,0.102495246,0.20559625,0.12148891,-0.36514220000000003,-0.3082999,0.015310828,-0.08793826,-0.14755520000000003,-0.40577474,-0.18978235,-0.0006466433,-0.19256254,0.28767642,-0.02840222,0.025333987999999998,0.0025946492999999998,-0.15567786,-0.29767027,-0.10052969,0.32622463,0.029349696,0.12632482,-0.10932996,-0.38734987,-0.18187006,-0.04124727,-0.26025498,0.21204889,-0.19391938,0.028427262000000002,0.42780176,0.05604465,-0.12454465,0.1479331,0.26824692,-0.07497005,0.08610903,0.43148223,-0.10382261,-0.028794546,-0.090157956,-0.22459213,0.7456913000000001,-0.093542956,0.1500319,-0.022900392999999998,0.34159708,0.04065345,0.28252846,0.01049277,-0.4694108,0.42467526,-0.10040598,-0.012808653,0.17979979999999998,-0.017849503,0.23082983,-0.21796058,0.30415833,0.12932713,-0.37187943,-0.20991333,-0.17816874,-0.06645406,0.33904988,-0.46063557,-0.15678237,0.097999714,-0.27846998,0.042823106,0.031877674,0.016016843,0.16603582,0.085039765,-0.34225170000000005,-0.24523151,0.13853164,-0.32026687,-0.09181679,0.45237505,-0.041603807,0.3252938,-0.07272215,-0.05716569999999999,-0.0054592337,-0.060801707,0.0037510276000000003,-0.32884535,0.3413047,0.04890565,0.19506128,0.06270267,-0.2700813,0.39745779999999997,0.002989484,0.6199964,0.2812928,-0.77640444,0.24329045,0.3352361,-0.23565555,-0.2942017,0.50559455,-0.13924652,0.09534146,0.043860237999999996,-0.33222820000000003,-0.14882843,0.08819792,-0.12339767,-0.2845062,0.55328494,0.13651229999999998,0.21034895,0.026760878,0.1022939,-0.3977719,-0.17452025,-0.17780697,-0.23472938,-0.60612154,-0.1404652,-0.11036559,-0.5309005,-0.048051465,-0.34463894,-0.13379185,-0.2768286,-0.2756652,0.05927613,0.43906054,0.2408888,-0.17438361,0.06140925,-0.20301874,-0.27631417,-0.21714559,0.22334942,0.18750711,0.24243975,-0.06698967,-0.090134315,-0.026612692,0.55759376,-0.29560497,-0.14776766,0.35999167,0.17472777,-0.056300983,-0.09959427,0.18906184,0.3616601,-0.12382039,0.24767496,-0.0090698525,-0.19270296,0.325925,0.1361661,-0.25889270000000003,-0.2520487,0.048721692999999996,0.06891309,-0.34083459999999993,-0.21485175,0.38814387,-0.14365101,0.11666924,0.11552922,0.13587670000000002,-0.17259538,-0.13874674,-0.18589173,0.34986928,0.20127259,-0.35205477,0.13834405,-0.13896877,-0.20493667,-4.1382766,-0.17792287,0.13194306,-0.29104155,0.21167575,-0.15468594,0.046529505,-0.1255653,-0.3486863,-0.19504263,-0.05131619999999999,-0.29938555,0.18220055,0.037450082999999995,0.10830272,0.29629752,0.15802273,0.06476919,-0.29831799999999997,0.5104913,-0.26444924,-0.47900414,0.39577293,-0.018330982,0.2847918,0.22821648,-0.22670536,-0.0606365,-0.36664018,-0.06972285,0.13888933,-0.09656307,0.06907949599999999,0.22172412,0.10254261,-0.14156836,-0.04330419,-0.2895895,-0.040090255,-0.2194739,0.007420454,-0.57821274,0.13022932,-0.30414462,0.659853,-0.32009137,-0.0071174456,0.06805492,0.08404199999999999,0.25459507,0.23175152,-0.048645876,-0.3206651,-0.13826555,-0.08356330000000001,-0.034294523,0.3033836,0.67151767,-0.17675374,-0.36186716,0.10868223,-0.10767587,-0.5933404,-0.022060938,-0.056965552,-0.32965806,-0.27233765,-0.115928486,0.19359726,-0.105610535,-0.09191219,0.26169768,-0.25880274,-0.5569812,-0.11769429599999999,-0.07388316,0.029217418,-0.08462896,0.22644669,0.003207967,-0.33604383,-0.32180798,0.11712517,-0.012615039,-0.21643476,-0.35461620000000005,0.070978865,-0.21291299,-0.3321813,-0.3743572,0.032810923,0.16041397,0.1119165,0.09051341,0.21851279999999998,-0.10359454,0.44246164,-0.30931357,0.014525868,-0.25627226,0.24563363,0.030725192000000002,0.42557868,-0.11143221,0.08983775,0.1857325,-0.15857346,0.34538543,0.22943948,-0.17668897,0.31297565,-0.4403358,0.4035907,-0.42486045,-0.31530747,-0.10328103,0.100701645,0.40400296,0.06384355,-0.20367248,-0.31744870000000003,0.57466555,-0.44047034,-0.32505643,-0.9038958,0.1301513,-0.32415602,0.08624967,-0.23697805,0.1407847,-0.0013298895999999999,-0.36131009999999997,-0.42343286,0.3369312,-0.04322845,-0.03656721,0.2677888,-0.16080667,-0.008157812,-0.16752721,0.26376852,0.28997573,0.25402358,-0.08588694,-0.30301785,0.43433762,-0.18225987,-0.24112336,-0.22322474,0.122514635,-0.19259620000000002,-0.38044226,-0.010466284000000001,-0.3935586,0.3449653,0.27216622,0.20540473,-0.19967571,-0.04734303,-0.42641026,0.43800414,-0.02610134,0.3157685,0.18462193,-0.15362832,0.6497884,0.13776968,-0.25370616,-0.113875434,-0.12571654,-0.38641807,-0.11664737,-0.095516555,-0.29821587,-0.05279792,0.6525586999999999,0.13965229999999998,-0.27180701,-0.17077683,0.067401476,-0.08875217,0.033656772,-0.06797001,-0.038148347,0.37055743,0.07494323,0.29086187,-0.3516287,0.009665846,0.27520308,-0.23323444,0.5354946,0.02009437,-0.04724529,-0.16094701,-0.09906485,0.4590079000000001,-0.24746212,-0.16703591,0.13689484,0.26948375,0.03351712,-0.31714943,0.26278484,-0.16334474,-0.24288423,0.21107596,0.37710822,0.09411567400000001,0.09920996,-0.27060372,-0.38171940000000004,-0.53395903,-0.042662202999999996,0.030651161,-0.42032709999999995,-0.037107247999999995,-0.091768794,-0.29856563,0.16706619,0.03747444,-0.09393571,0.17019983,0.016884705,-0.43094254,-0.12607571,0.041426692,-0.10967255,-0.20453559,-0.12994556,0.046132617,-0.8777625,-0.03120998,0.37634078,-0.36989823,0.30177155,0.15278307,-0.12431199999999999,-0.0025706824,-0.42200023,-0.32782659999999997,0.15325013,-0.14553648,-0.5953722,0.19461466,0.28001344,-0.26838678,0.2891889,-0.28934377,0.48457238,0.13976057,0.15884249,0.09144038,-0.37430182,0.2018947,-0.48653567,-0.48042753,-0.053972654,-0.28315577,-0.14831470000000002,-0.17655815,-0.25786206,-0.03768654,-0.0020714665,0.025149701,0.10276365,0.11940289,0.01712275,-0.040432997000000005,-0.48687148,0.15935937,0.050378412000000004,0.07112348,-0.17751265,0.15338786,-0.018527893,-0.20265855,-0.32809445,0.44960466,-0.43859422,-0.20790875,-0.35352582,0.13174368,-0.119160205,0.17298229,-0.20470410000000003,0.020372685,0.13852334,0.02135752,0.04329149400000001,0.3864875,0.07150882,-0.024681266,-0.073316194,-0.07664457,0.2541093,0.7885420999999999,-0.13355884,0.28008056,-0.021846775,0.07184817,-0.21922068,0.32716703,0.3802321,-0.29251656,0.33349308,0.14644179999999998,-0.5255167,0.15677217,0.044549387,-0.21907039999999997,-0.14747117,0.5942675000000001,0.48864198,-0.16444774,-0.35705557,0.015799286000000003,-0.22441620000000004,-0.008814793000000001,0.023375427,-0.0467028,0.03966865,0.6322180000000001,-0.23508044,0.131287,0.09319142,-0.20035413,-0.23223089,0.14738691,0.33731306,0.09670219999999999,0.40148222,-0.54891646,0.33158734,-0.11997016,0.006945181999999999,-0.06482802,-0.12310750000000001,0.3132868,0.22352885,-0.102780215,0.0648821,0.62236357,0.42216566,0.39988634,0.2716382,0.49846986,-0.16038272,0.49296996,0.62708116,0.23483769999999998,0.3291344,-0.11058771,-0.19400524,0.012752201999999999,0.37636712,0.18791068,0.2478783,-0.12650799999999998,0.65523547,0.38311663,0.015467159,0.23117039,-0.39594454,-0.22337458,0.006108184,0.20347333,-0.08226442,-0.11553536,0.08579289,-0.24412449,0.057801705,-0.24586472,-0.34453538,-0.23299244,0.5395001,0.24055666,-0.014182593,-0.12909362,0.22926776,0.0325408,0.024496645,-0.3613451,-0.19051178,-0.16262785,-0.41093025,-0.111503564,0.072123595,-0.05255783,-0.33930162,-0.019734455,-0.025212336000000002,0.089028426,-0.17573541,-0.07697227599999999,-0.18036778,0.20154344,0.19419348,0.5004142,0.05007131,0.08120724,-0.060641485999999994,0.04320979,0.16504996,0.23725373,0.19277817,-0.09097468,0.44196123,-0.42844513,0.021501416000000002,0.07487139,0.21926148,-0.5159104,-0.01904124,-0.10861635,-0.06378725,0.04437855,0.09432645,-0.21601537,0.34897012,-0.44709578,-0.14284186,0.0054407767,0.050172697999999995,-0.20379469,0.12608443,0.09798157,0.26915842,-0.39530328,0.18529765,-0.04902037,0.23839217,0.08459003,-0.053157624,-0.020821348,-0.2510385,-0.29989943,0.1328615,-0.026913028,0.27544487,0.15261529999999998,0.31749415,-0.17155114,0.12579706,0.51002914,-0.06537673599999999,-0.059268307,-0.33058740000000003,-0.21829312,-0.29388103,0.02790241,-0.059261426,0.09265295400000001,-0.14799161,0.07870182,0.0757622,-0.17358792,-0.15794092,0.28081223,0.0126499925
120,1,-0.13673928,0.10296601,0.3327153,0.19585471,0.13484754,-0.08017998,-0.24075785,0.516932,0.14577165,-0.44094336,0.37034902,-0.18480496,0.054106694000000004,0.30267948,-0.14715676,0.42927575,-0.034451477,0.06470379,-0.072844915,0.15633148,0.12844026,0.039485265,0.080603704,0.42308977,0.28790328,-0.18494117,0.018154819,-0.35199899999999995,-0.010784183999999999,-0.123838276,0.54099864,0.21800914,-0.057155773,-0.20430043,0.11557974,0.11655539,-0.0908863,0.05334754,-0.118808515,0.019204093000000002,-0.69392526,-0.26134014,-0.09236433,0.03898894,-0.40472746,-0.19671339,0.16402759,-0.28795454,0.17183287,-0.05701079,-0.55510384,-0.07034713,-0.2852833,-0.10791761400000001,0.15345575,0.67693585,-0.0358973,-0.35079667,-0.6742073000000001,-0.24823233,0.4442876,-0.12701762,-0.20318789999999998,-0.33390316,0.29264385,0.05642155,0.18652342,0.34410593,-0.6483439999999999,-0.10925432,-0.33773208,-0.08966146400000001,-0.31526724,0.15402701,-0.14141761,0.05162235,-0.22988057,0.26553807,0.06194668,-0.038025502,-0.26198119999999997,0.33514196,-0.4509247,0.3161738,0.14416079,0.1533451,0.203717,0.11428145,-0.47303393,0.6344255999999999,0.38575634,-0.42971483,0.26319772,-0.08325251,0.0750206,-0.10966843,0.30197012,0.16746233,-0.0771291,0.62189883,0.17922284,-0.14453384,-0.11734565,-0.40947095,0.12997118,-0.37583974,0.30329108,0.27825466,0.23207659,0.0365873,0.07765525,-0.11127582,-0.29664037,-0.14984637,-0.1426983,-0.08332379,0.09143342,-0.056937537999999996,0.25660515,0.16978163,0.07840502,-0.051461462,0.1422702,0.5562669,0.10562351,-0.11580762,-0.3123876,0.12695351,-0.19660436,-0.20015636,0.030424517,0.14859264,-0.05581982,-0.4438193,-0.25425833,0.07398002599999999,-0.21038157,0.055145435,-0.2748368,-0.013103222,0.1540776,-0.02769686,0.41271624,0.031172553,-0.0427258,0.07911483,-0.11667821,-0.22820759,-0.24967343,0.33004034,-0.052350663,0.031555567,-0.0440551,-0.2255097,0.059459366,-0.16611992,-0.16408077,0.23288488,-0.28305137,-0.07440996,0.32848313,-0.045914166,-0.013067558,0.21707107,0.34752768,-0.17244524,0.009729366,0.28370386,-0.22369029,0.17955914,-0.0924772,-0.16563274,0.9069931,-0.25979063,0.17308669,0.014072308,0.33359694,0.07244286,0.33809024,0.059265636,-0.40665802,0.2511271,0.034512907,0.06005697,0.30735500000000004,0.05662513,0.10945699,-0.2671882,0.3583302,0.026394077000000002,-0.4482691,-0.3128665,-0.24085087,-0.073235795,0.19843988,-0.48662922,-0.19438529,-0.012408279,-0.5189258,-0.25133684,0.13100977,0.060937795999999995,0.12646917,0.29508767,-0.26812379999999997,-0.16214657,0.17625703,-0.2609607,-0.07418172,0.49414214,0.17706198,0.30318326,-0.13926975,-0.0046070768,0.05698693,0.016658331999999998,-0.1312263,-0.23855194,0.35383493,0.059542473,0.19401774,0.042495754000000004,-0.14697770000000002,0.24178392,0.0030274806,0.6429519,0.026422622000000003,-0.76654464,0.20994282,0.3314508,-0.0075615940000000005,-0.28294098,0.7075576,-0.25929657,0.14536186,0.012850832,-0.29929748,-0.38643909,-0.006185711,0.101414666,-0.20132788,0.41854754,-0.0032406845,0.19072013,0.064045906,-0.07725164,-0.23743662,-0.06086965,-0.10011615,-0.26192403,-0.64925206,-0.30147564,-0.071554065,-0.46922627,-0.058683365999999994,-0.30407763,-0.19317293,-0.22582276,-0.20125929999999997,0.09083525,0.46272036,0.23996742,-0.30705777,-0.027761366000000003,-0.1806395,-0.5139068,-0.12586905,0.20220459,0.23424849,0.21223097,0.019670676,-0.13845553,0.08632225,0.5311731,-0.37464878,-0.08677198,0.3126735,0.12372984,0.06364141,-0.077390544,0.24695063,0.3892812,-0.20153873,0.118025616,0.021591999,-0.31407964,0.14935589,0.26084962,-0.2031036,-0.29032959999999997,-0.079206705,0.067190304,-0.26411137,-0.31631705,0.48092833,0.20388661,0.019853039,0.21440393,0.11226338,-0.044663455,-0.34855556,-0.034864817,0.28813094,0.3364812,-0.27953744,0.10067823,-0.18873136,-0.35208090000000003,-4.0974307,-0.06460367,0.22136483,-0.45601276,0.25146237,-0.073971845,0.24868268,-0.091016725,-0.27979282,-0.22058211,0.17446361,-0.184395,0.05417371,0.33807364,0.23035574,0.26497898,0.067771204,-0.024595582999999997,-0.2102609,0.50599474,-0.2340641,-0.44525507,0.29555264,-0.15916191,0.23127432,0.42540550000000005,-0.12176289400000001,-0.08517474,-0.46693838,-0.12706727,0.045013145,-0.08998951,0.0027312236,0.27583579999999996,0.06284351,-0.13842152,-0.009557179,-0.5854607,-0.18878689999999998,-0.42587918,-0.063055485,-0.6521399999999999,0.06854015,-0.0864177,0.78609085,-0.35471088,-0.059259035,0.14306398,0.20427185,0.17434129999999998,0.25328323,0.23055081,-0.35589380000000004,-0.27499179999999995,-0.2899183,0.05609543,0.26504016,0.6323844,-0.13407984,-0.29616168,-0.18651772,-0.14926936,-0.52996737,-0.15290293,-0.19031198,-0.28611344,-0.3047399,0.13139209,0.02630186,0.07702637,-0.031775742999999995,0.35822785,-0.40210065,-0.60811305,-0.2142502,-0.18806402,0.11851531,-0.0654737,0.22414438,-0.14118822,-0.12016343,-0.16487096,0.024350122000000002,-0.21704811,-0.21563435,-0.2748414,0.026722476000000002,-0.11891772,-0.36493190000000003,-0.481627,0.12208782,0.17919868,0.6102399000000001,0.17702128,0.24680881,-0.024095206,0.4521576,-0.18068129,-0.12325922,-0.37959465,0.09047250400000001,0.35858026,0.52362067,-0.14560309999999999,0.1913099,0.12970296,-0.20764175,0.1923822,0.25873572,-0.0355414,0.33671397,-0.4033692,0.45814374,-0.33757043,-0.49069342,-0.098898515,0.15846299,0.35333833,0.034305096,-0.2499132,-0.24564959,0.55264443,-0.33188259999999997,-0.40946853,-0.8829423000000001,-0.1721188,-0.14914508,0.116941355,-0.10139374,0.0976165,-0.2050038,-0.12484048,-0.32160175,0.25482416,-0.10144519,0.02631597,0.26476097,-0.3380393,0.117617026,0.06954517,0.18553257,0.34329432,0.07396027,-0.028379714,-0.29964772,0.32706812,-0.13205965,-0.10760444,0.0049297465,0.049038474000000006,-0.25097975,-0.27804726,-0.07497766,-0.24348114,0.05472063,0.14544111,0.29658959999999995,-0.21151109999999998,-0.20606442,-0.50111896,0.38578805,0.20604104,0.23917328,0.21407299,0.05649312,0.4986214,0.2622251,-0.22644775,-0.028002968,0.15484472,-0.42017683,-0.049174614000000005,0.059629295,-0.32619432,-0.14497827,0.7309318,0.1987256,-0.19138893,-0.21839997,0.07291656,-0.037359692,0.03198059,-0.31132793,-0.052904848,0.15103619,0.22536387,0.13461797,-0.21099694,0.005738999,0.10012223599999999,-0.24653018,0.41371998,0.07950876,0.076580934,-0.22988868,-0.010391058,0.21516679,-0.47822472,0.032679476,-0.048721905999999995,0.4144737,0.048988725999999996,-0.18491067,0.214736,-0.17157626,-0.30788073,0.22797514,0.04104948,-0.017150745,0.184577,-0.3326717,-0.36362216,-0.4985945,0.10678901,0.008959823,-0.32489514,0.05172569999999999,-0.04139297,-0.4886393,0.30183366,-0.034739107000000005,-0.15903017,0.13128431,0.08926016,-0.4983513,-0.14135396,0.07181405,-0.011067545,-0.12199069,-0.27112487,-0.064149395,-0.8600270000000001,-0.02857143,0.11666423,-0.3645521,0.28167704,0.33107359999999997,-0.40900153,0.13511935,-0.04603734,-0.3818811,0.26264867,-0.008532392,-0.5095503,0.25935563,0.14666948,-0.12960376,0.34353796,-0.33088112,0.533852,0.16312428,0.17237034,0.09840046599999999,-0.34185240000000006,0.23659103,-0.24328145,-0.4449875,-0.03494423,-0.39872420000000003,-0.23820038,-0.17036949,-0.23164658,-0.15626381,-0.09677918,0.21177347,0.14662045,0.018732091,0.094007924,0.23175049,-0.7033763000000001,0.07364680000000001,0.03313489,0.106816016,-0.07852999,0.60243,-0.1280007,-0.053681504000000005,-0.23721899,0.72054434,-0.2747394,-0.20400462,-0.089434825,0.26026922,-0.17638475,0.16737552,-0.30264759999999996,-0.08551437,0.23263697,-0.2313585,-0.014376141,0.31877372,-0.049788777,0.012836775,-0.15242559,-0.17104828,0.12650986,0.7390785,-0.19988015,0.22646481,0.14419334,0.018326622,-0.027682218999999997,0.38524404,0.19128849,-0.076182365,0.23150210000000002,0.10955105,-0.61033285,0.26680183,0.07263389,-0.32424104,-0.33693627,0.63652027,0.39676386,-0.36025682,-0.48292854,0.13216428,-0.3210676,-0.047777228,0.022682166,-0.01902608,0.08647545400000001,0.6407953000000001,-0.22269672,0.26510224,0.1705246,-0.13632596,-0.26994840000000003,-0.067540124,0.21052809,0.05269891,0.35097873,-0.40286940000000004,0.4156148,-0.2185508,0.048773196,-0.11816963,-0.105466895,0.022319274,0.22175835,-0.006198637700000001,0.049135532,0.4953617,0.34765843,0.27144584,0.37627977,0.26511490000000004,-0.06959603,0.6327889,0.50900906,0.26296379999999997,0.35528275,-0.22652751,0.0056478903000000006,-0.07593468,0.45016035,0.21829980000000002,0.3540636,-0.014026288999999999,0.6643468000000001,0.11076646,0.23280722,0.23295352,-0.3842601,-0.19258556,0.03547524,0.2654123,-0.3065116,-0.19651815,0.03319831,-0.33951370000000003,0.038383823,-0.25180733,-0.14196713,-0.2440095,0.42798552,0.025528658,-0.10095949,-0.02307552,0.13598357,0.035149463,-0.09671981,-0.44140702,-0.26235336,-0.13091019999999998,-0.42644826,-0.028711999,-0.06413679,-0.14239751,-0.2816321,0.17324542,-0.032857664,0.2916341,-0.13418470000000002,-0.07026719,-0.26376972,0.13287546,0.31187463,0.31302002,-0.023137283999999998,0.05040995400000001,-0.3255858,-0.09531186,0.25599587,0.3330517,0.15655729,-0.077525735,0.40603690000000003,-0.15222476,0.08776729,0.07966578,0.34097943,-0.5985784000000001,0.18217161,-0.20644501,0.033678256000000004,-0.055049237,0.3645869,-0.34540114,0.36640692,-0.4304702,-0.04214505,0.03836879,0.01963733,-0.16774309,0.10261983,0.097561315,0.30210012,-0.40812108,0.06430089,-0.040551588,0.35387665,0.1432226,-0.03231002,-0.25601820000000003,-0.33360618,-0.30251983,-0.008985073,-0.0110417595,0.453884,0.27502245,0.28996804,-0.07108371,-0.22042611,0.645396,-0.22779274,-0.08166077,-0.175646,-0.24451752,-0.41590795,-0.20279692,-0.06955484,0.054422397000000004,-0.28454298,-0.05881299,-0.10040328,-0.07762193,-0.3012591,0.27495277,-0.015405706000000002
121,1,-0.082965605,0.13863328,0.26754525,0.15798567,0.11773568,-0.19411992,-0.1628378,0.66958475,-0.0060602040000000005,-0.53644973,0.36588722,-0.28835809999999995,0.020826114,0.27832338,-0.20810108,0.33072048,0.017215319,-0.050692,0.16318856,0.23331001,-0.009003513000000001,-0.023242591,0.24656577,0.6044074,0.27389562,-0.2966063,0.04231229,-0.15487209,-0.19625979999999998,-0.10889516,0.6213924,0.15039062,-0.38343644,-0.24072756,0.022351826,-0.0055000236999999995,-0.24439506,-0.061218377000000004,-0.20400569,0.07751269999999999,-0.6451965000000001,-0.25842276,-0.23940076,-0.22754712,-0.31831518,-0.3033296,0.018278503999999998,-0.1405134,0.28060713,-0.0362575,-0.5212399000000001,-0.20692505,-0.14268366,-0.061206378,0.23518026,0.67746675,0.031664155,-0.39165917,-0.7193601,-0.33997992,0.337947,-0.43825474,-0.051814947,-0.41762602,0.48063249999999996,-0.1419741,0.2800297,0.32612315,-0.8455216999999998,-0.2683554,-0.66867393,-0.21347447,-0.42764664,0.20966183,-0.11947666,-0.16572747,-0.26665795,0.27158603,0.048457395,-0.06540091,-0.29426324,0.5570891,-0.5049061,0.51356155,-0.08294609,0.36177087,0.07622364,0.23531479999999996,-0.44812143,0.60708505,0.44264847,-0.48736575,0.2054203,0.06909614,0.26082155,0.13987170000000002,0.52606696,0.23836978,-0.023668263,0.87274396,0.35594505,-0.7069675,0.16762494,-0.37206763,0.31068566,-0.41405225,0.3876401,0.2913166,0.1267151,-3.6227804e-05,0.07822183,0.0400753,-0.23566464,-0.1436169,-0.08428948,-0.03520669,0.067561835,0.03443467,0.17371407,0.25827327,-0.0040684524,0.19145633,0.23385857,0.6606312,-0.0152713265,-0.07211545,-0.39446422,0.4509787,-0.13388546,-0.32184166,0.10699892,0.20900398,-0.014262867,-0.5171834,-0.36179283,0.18809105,0.15251815,-0.10200223,-0.35144356,0.08997234,0.075160496,-0.49539894,0.5214369000000001,0.012257286000000001,0.14076835,0.06818503,-0.16855870000000003,-0.26552662,-0.009049264,0.35529673,0.021891357,0.17872597,0.0010612085,-0.23329172,-0.15433441,-0.18731663,-0.5136127,0.22223018,-0.20025393,0.09603927,0.3585272,-0.24473302,-0.16080232,0.4342222,0.11546173,-0.09574255,0.15560518,0.35046852,-0.20089823,0.22868429,-0.074254744,0.00048162485,0.7272354,-0.17762393,0.09821791,-0.074839495,0.29436702,-0.07525328,0.23519601,0.20317157,-0.6154524,0.5215439000000001,0.032231458,-0.015781514,0.15787596,0.08184099,0.21257213,-0.25383645,0.023771046,0.10013901,-0.3403145,-0.23980758,-0.28457767,-0.34608257,0.29855149999999997,-0.5699281999999999,-0.09517953,0.13792147,-0.7564361999999999,-0.08096439999999999,0.013310793999999999,-0.097215585,0.4633504,0.07671755,-0.22490394,-0.35826084,0.16862136,-0.28164852,-0.10008571,0.44407535,0.06275675,0.47948205,0.07664765400000001,-0.015794337,-0.13124168,0.04011023,-0.014256884,-0.18410318,0.3781853,0.08611178400000001,0.35491252,-0.026696268,-0.12032098,0.42468249999999996,-0.072312295,0.5791447,0.071424104,-0.7644849,0.3325875,0.5899324,-0.051089725999999995,-0.11807071,0.61855227,-0.310265,-0.08269818,0.11573855599999999,-0.38543767,-0.31106308,-0.1832457,-0.038505856,-0.25005955,0.6485771,0.113038145,0.114313774,0.30242932,-0.1342674,-0.18297422,-0.16715872,-0.24709524,-0.37953243,-0.6724772,-0.2553356,0.07110984599999999,-0.5722541999999999,-0.24184784,-0.33119770000000004,-0.18851204,-0.31750515,-0.13204023,0.03494963,0.5430489000000001,0.23891245,-0.30671147,-0.014667987,-0.12727837,-0.5375485,-0.21980917,0.22937858,0.20209852,0.008144576,0.037455954,-0.19082025,0.25429904,0.5462706,-0.32223174,-0.33585015,0.33680585,0.26149720000000004,-0.14302108,-0.13483109,0.08312893,0.52080125,-0.14489911,0.10982967,0.26544264,-0.17505743,0.13703343,0.1151903,-0.17906979999999997,-0.264052,0.050619199999999996,-0.027053222000000002,-0.45139366,-0.59942806,0.60137165,0.22579315,0.15516487,0.26780933,0.14177160000000003,-0.1101857,-0.33316937,-0.22654691,0.3131107,0.3214351,-0.1649154,0.015618942,0.006257083,-0.33843032,-3.746068,-0.22412734,0.24069372,-0.20256567,0.21739487,-0.23283954,0.07505522,-0.22435981,-0.5145329000000001,-0.33432803,0.08589384,-0.23842922,0.24747439,0.13862056,0.29142186,0.27488443,0.058152515,0.027434686,-0.024310807,0.44668016,-0.15330946,-0.69884723,0.15882967,-0.07649471,0.21447097,0.13336745,-0.14842404,-0.01806349,-0.4875714,-0.12950218,0.3512984,-0.099006705,0.11572935,0.07428979,0.11098002,-0.026234867000000002,0.05848337,-0.39517808,-0.38006535,-0.45912802,-0.14994374,-0.60284746,0.027931925,-0.21345177,0.7187653,-0.34882674,0.09300702,-0.20252658,0.18404345,0.34425409999999995,0.33675522,0.06572029,-0.3794622,-0.39495617,-0.28355125,-0.07872152,0.50305235,0.58591425,-0.10780614599999999,-0.21376073,-0.1514235,0.015612561,-0.6219355,-0.122668535,-0.123848036,-0.37882173,-0.45236257,-0.13187161,-0.0740198,-0.20329668,0.0033122646000000003,0.42872402,-0.33543298,-0.44293302,-0.041827273,-0.25641185,0.29114825,-0.20474401,0.13691637,0.09008573,-0.2147621,-0.3575116,0.08456085,-0.10871003,-0.30207416,-0.24527654,-0.051020632999999996,-0.19355156,-0.47513829999999996,-0.5459393,0.18272002,0.08689983,0.23559844,0.37468782,0.32871163,-0.18551299,0.42896742,-0.19688886,-0.1267567,-0.5158055,0.26672497,0.22828904,0.42247412,-0.050255336,0.38113588,0.001839921,-0.14992842,0.24692944,0.35737747,-0.05655934,0.42679578,-0.34384093,0.5987754,-0.23459221,-0.64105326,0.091862515,0.19652036,0.4800707,0.07240838,-0.3091717,-0.07049855,0.45805794,-0.25647935,-0.37856734,-0.55723554,-0.089056976,-0.38635775,0.11459762,-0.2995994,0.19043759,-0.32353085,-0.28454792,-0.21312778,0.4454526,-0.08535416,-0.01949931,0.1830205,-0.2668362,0.15769169,-0.12402244,0.3897771,0.505718,0.15636405,-0.12963444,-0.20459327,0.5583679,-0.24195632,-0.04359707,-0.31542072,0.16001718,-0.45612532,-0.41455197,-0.31861976,-0.47463548,0.28579709999999997,0.06610993,0.41563475,-0.15861413,0.009973873000000001,-0.573317,0.26187295,0.15932928,0.16817507,0.26296207,-0.030410178,0.6859629,0.28070059999999997,-0.36828890000000003,0.06850776,0.20516287,-0.22576092,-0.1980449,-0.33297697,-0.5262366999999999,-0.30125672,0.57823175,0.01586455,-0.1638296,-0.24560955,0.22706622,-0.11414163,0.08027026,-0.26178455,-0.21422897,0.2772422,0.44466826,0.12647864,-0.40207735,-0.06409579,0.26659617,-0.038509525,0.51032627,-0.06634252,0.18830696,-0.044587467,-0.15456943,0.46668285,-0.35820124,-0.23248905,0.02537862,0.35724425,0.046879485,-0.064441994,0.123018034,-0.15006585,-0.24130143,0.21994409,0.5386491,0.18884124,0.05476869,-0.5205458,-0.25966704,-0.6530876999999999,0.21757583,0.12441026,-0.57481396,0.27349684,-0.011398654,-0.45212534,0.23856604,0.06429861,-0.13704535,-0.12997772,-0.0027988951,-0.32221383,-0.17500591,0.052145625999999994,-0.13831796,-0.22799625,-0.25962663,0.14449325,-0.63046753,0.14814186,0.17788479,-0.4392366,0.41667659999999995,0.21086285,-0.30357435,0.21069069,-0.25665608,-0.38746083,0.08243175,-0.11788113,-0.5316734000000001,0.33790678,0.25945002,-0.31380597,0.36995083,-0.41205886,0.552679,-0.2502273,0.03801464,0.13388774,-0.3434429,0.13401619,-0.49311279999999996,-0.5164310000000001,-0.12843333,-0.46191293,-0.4265753,-0.16931403,-0.31370246,-0.1642958,0.0013820817,0.3991508,0.190334,-0.030157786000000002,0.028407801,0.0692233,-0.3909756,-0.027714545,-0.041962585999999996,-0.059531923,-0.15009908,0.40034407,-0.10694094,0.018828653,-0.32077417,0.48078339999999997,-0.36652628,-0.34718156,-0.32710734,0.20338549,-0.25025725,0.14358823,-0.28115818,-0.06919795,0.325629,0.22802745,-0.16377485,0.24393748,-0.24682070000000003,0.04051244,0.113201186,-0.25037032,0.1618625,0.7158538000000001,-0.2492425,0.30714056,0.057053022,0.13292181,0.12570442,0.105224304,0.23659727,-0.34757262,0.33267933,0.34208784,-0.34964746,0.24240520000000002,0.29964545,-0.136906,-0.41001394,0.70652664,0.46920288,-0.40555757,-0.39746314,-0.033155076,-0.13356371,0.20437016,0.07548873,-0.04103172,-0.035087243,0.5491164000000001,-0.28928435,0.19363678,0.39050317,-0.35756007,-0.23463029999999999,-0.15383817,0.34830153,0.088666186,0.39474836,-0.5121529,0.544622,-0.024946986,0.14128637,-0.19830910000000002,-0.037635975,0.3087703,0.05875926,0.18525504,0.16599354,0.6348024,0.52613586,0.38601944,0.2989349,0.30051708,-0.19889129999999997,0.6223249,0.48304603,0.29684976,0.40277767,-0.0053317645,-0.07990821,0.31668332,0.30905142,0.22289857,0.45632306,-0.04961505,0.9486515999999999,0.3221941,0.3193034,0.07588391,-0.5616730999999999,-0.13431148,0.1428122,0.29929662,-0.42089337,-0.35061634,0.08506895,-0.20584670000000002,0.079266004,-0.17557156,-0.38064298,-0.070902884,0.5472195,-0.06851578,-0.31662726,-0.28601459999999995,0.28521964,0.23036057,-0.041160725,-0.47873497,-0.09869296,-0.36779332,-0.28628087,0.0077307904000000005,0.049295295,-0.12315366400000001,-0.31218997,0.037979162999999996,-0.105457254,0.25940585,-0.32349008,0.011825463,-0.17161283,0.20774445,0.44815233,0.6033245,0.15724495,0.079295084,-0.26563147,-0.15253605,0.17683777,0.19422308,0.08556921,-0.26986733,0.42228678,-0.16018766,0.100247994,0.13605858,0.42735717,-0.6411601,0.06082445,-0.25894183,0.03903743,0.12234061,0.26033717,-0.44382426,0.35090959999999993,-0.2925435,-0.22809188,0.06714412,-0.0987285,0.0019612254,0.049610782,0.13683242,0.4379741,-0.31454408,-0.15864752,-0.12230271,0.26809314,-0.20289339,0.0033727086,-0.2796509,-0.22809215,-0.47336537,-0.006376314,0.021096922,0.23738956,0.35105556,0.23645018,0.11673982,0.06637666,0.6866701999999999,-0.18567571,-0.15307885,-0.22440399,-0.020308776,-0.10007239999999999,-0.094552666,-0.2408346,0.11005197,-0.110571705,-0.122112766,0.21107188,0.010143303000000001,-0.41814023,0.312411,-0.30806756
122,6,-0.28810826,0.06536078,0.19165853,0.22426704,0.20121127,-0.298737,-0.119914666,0.6748866,0.033473685,-0.47499755,0.22440863,-0.2600573,0.093755096,0.13344018,-0.058217898,0.28930900000000004,0.014389681000000001,-0.011030781000000002,0.06761782,0.48251742,0.08625085,-0.030818015,0.0694028,0.57075566,0.28134316,-0.25984716,0.24330798,-0.10323773,-0.19596022,-0.1457572,0.54942036,0.07919753,-0.32114035,-0.26668626,0.12524821,-0.033140395,-0.0679822,0.06697701,-0.060176667,0.05453747,-0.5595041999999999,-0.24984473,-0.08075936,-0.16990627,-0.35497525,-0.21557343,0.12491345400000001,0.021370446,0.10633684,-0.08559814,-0.34278098,-0.060836865999999996,0.008749512,-0.113382615,0.15509555,0.5003884,0.0057047904000000005,-0.36092868,-0.5495015999999999,-0.23833378,0.3576843,-0.18979849999999998,-0.11791041,-0.4575031,0.3046023,-0.15971,0.22913328,0.37997073,-0.5526789000000001,-0.31925118,-0.2932223,-0.086429216,-0.34122968,-0.03545833,-0.20636365,0.087919645,-0.08801883,0.20371224,0.109323926,-0.053865965,-0.27765527,0.2595056,-0.4094026,0.31424709999999995,-0.0091213435,0.29503047,0.34912798,0.109214306,-0.48078677,0.6358022,0.34583518,-0.33743224,0.20320020000000003,-0.053951632,0.090887435,0.12241063,0.43480575,0.19101818,-0.10985050000000002,0.58602047,0.14493117,-0.48314232,-0.18920101,-0.3816225,0.17228904,-0.37911683,0.17312954,0.32849459999999997,0.003465192,-0.0357288,-0.008951968499999999,-0.0898728,-0.25066972,-0.1886924,-0.24812241,-0.025517981000000002,-0.09858860000000001,-0.22033148,0.27851328,0.39035149999999996,0.29968053,0.14015381,0.11320058,0.57618326,-0.00883367,-0.07393999,-0.23820170000000002,0.29419179999999995,-0.16024794,-0.18232379999999998,0.12302295,0.30171773,0.06307301,-0.5913892,-0.08379808,-0.014644826000000001,-0.035009953999999996,-0.091703914,-0.3155597,-0.06178433,0.09264852,-0.06648405,0.35436648,-0.016499424,-0.20356841,-0.046840495999999995,-0.15370218,-0.3416659,-0.20397475,0.20315455,-0.09360681,0.025290146,0.009394900999999999,-0.24676178,0.03334227,-0.019812573,-0.25426078,0.18019141,-0.27914998,0.07646710000000001,0.31770742,-0.099561416,-0.22180706,0.29586723,0.24593539999999997,-0.09845255,-0.010605525,0.34837273,-0.19964622,0.26671818,0.021364102000000003,0.006388749,0.57450545,-0.22576116,0.15111873,-0.18722503,0.43067795,0.0079840515,0.22708842,0.104749285,-0.55545837,0.36347637,-0.09791264,-0.0022484537,0.3519804,0.047805086,0.1501094,-0.16047207,0.18801689,-0.06112295400000001,-0.47509453,-0.23086214,-0.13626944,-0.17773925,0.30160359999999997,-0.59247357,-0.013983181,0.1321321,-0.3566072,-0.023149952,0.035878714,-0.014898676999999999,0.2847225,0.29414198,-0.04593294,-0.12169877,0.2398009,-0.23871695,-0.06084285,0.3779386,0.07752874,0.2619549,0.16816859,-0.25067696,-0.025676977,0.05068298,-0.0093841795,-0.20827517,0.31245866,-0.17240573,0.22850348,-0.11031565,-0.16762659,0.29547173,0.042844757000000004,0.72568816,0.1387899,-0.6666835,0.29930532,0.27264318,-0.16890566,-0.12141026,0.39550215,-0.28884667,0.06671261,-0.013997617,-0.26379752,-0.20692676,-0.23581786,-0.011386108999999998,-0.23178028,0.5509009,-0.11601473400000001,0.039601285,0.0797204,-0.069636956,-0.106434345,-0.1428583,-0.029199846,-0.37650824,-0.47492936,-0.12643053,-0.041916955,-0.3170063,-0.22611423,-0.33051790000000003,-0.14365171,-0.2633659,-0.09875107,-0.017964616,0.45560017,0.31070164,-0.2866194,-0.047495417000000005,-0.24252804,-0.40012833,-0.21371889,-0.012176218,0.123104885,0.18318357,0.16937403,-0.05685098,0.008665546,0.4210069,-0.2952667,-0.05421348,0.2209263,0.2471616,-0.096242495,-0.09364075,0.18615821,0.3226146,-0.117587335,0.034661815,-0.029592572,-0.21277857,0.16394138,0.061911553,-0.22135025,-0.24385743,-0.07727395,-0.08392623,-0.3538162,-0.42198345,0.44976577,0.120951705,-0.01956492,0.23888063,0.18277548,-0.03940641,-0.28912297,0.030888167999999997,0.16904149999999998,0.24413623,-0.23616304,0.045217562,-0.13736024,-0.20046672,-4.521511599999999,-0.08352872,0.08296481,-0.47109297,0.15563332,0.10072245,0.20145291,-0.23378503,-0.31006652,-0.2224951,-0.04401489,-0.25469238,0.11714851,0.21119763,0.24135369,0.3404337,0.24482141,-0.0031477918,0.078578055,0.6394721,-0.18642712,-0.49690363,0.32568368,-0.17853643,0.38789305,0.34079203,-0.3528185,-0.109618835,-0.36991742,0.014908555,0.11668717,-0.01028359,0.08101702,0.20996356,0.12977037,-0.07158065599999999,0.063020304,-0.31099840000000006,-0.359091,-0.43441236,-0.15622097,-0.44180742,-0.018953022,-0.06098223,0.6086369,-0.2732408,0.12890042,0.11818731,-0.027063922999999997,0.4015015,0.098608956,0.16632675,-0.36817893,-0.18569097,-0.32876205,0.05652973,0.3458119,0.43963385,-0.15812579999999998,-0.3432551,-0.16863187,-0.09257001,-0.6858109,-0.0022179103,-0.09672237,-0.096456625,-0.19290277,-0.054464335999999995,0.15954454,0.032518833999999996,0.017734647,0.22011673,-0.41666633,-0.63661486,0.08619496,-0.07719844,0.056401808,-0.013800066000000001,0.06351072,-0.048087213,-0.12924297,-0.06131758,-0.014316813000000001,-0.08689617,-0.10629735,-0.13479315,0.05211972,-0.1730425,-0.33631667,-0.49788025,0.337296,0.10182342,0.34166473,0.09684072,0.33112812,-0.013945103,0.50983185,-0.26764464,-0.04082942,-0.54057246,0.073083185,0.23288941,0.33221328,-0.089613296,0.13795058,0.07804663,-0.16880342,0.2552793,0.38786754,0.0511103,0.46064785,-0.52594244,0.34335908,-0.16308194,-0.35747296,-0.017464006,0.31523895,0.26662576,-0.039533857,-0.18651064,-0.14395097,0.49908100000000005,-0.4320308,-0.20268887,-0.84108776,-0.011969902,-0.35777706,0.19682795,-0.12554082,0.15421121,-0.14236587,-0.17495002,-0.29442218,0.30870223,-0.060653824,0.059684042,0.12934755,-0.29766512,0.25978762,-0.06356440000000001,0.3604515,0.27037656,0.02270712,-0.14944609,-0.15816058,0.34925100000000003,-0.033858955,0.047555897,-0.09831636,0.22246359999999998,-0.3365136,-0.45317867,-0.10312049,-0.26479759999999997,0.023206393999999998,0.10497551,0.31803977,-0.20558567,-0.07472893,-0.46223393,0.44525146,0.13721958,0.06502982,0.3883439,0.27402246,0.43935728,0.21357311,-0.34167245,-0.13518247,0.32594829999999997,-0.29081997,-0.011143761,-0.15485662,-0.34806797,-0.06391796,0.3298006,-0.022279603,0.09609272,-0.24738723,0.22309291,0.08302045599999999,0.04773983,-0.1964283,-0.105993636,0.27594352,0.26020312,0.20412256,-0.36198682,-0.099478684,0.26873168,0.06271001,0.22746415,0.05050765,0.09395216,-0.020978006,-0.051153462000000004,0.29162028,-0.40755385,-0.09580653,0.07020379,0.29395309999999997,-0.002349418,-0.059990185999999994,0.24287336,-0.027922368,-0.05115464,0.15875566,0.31802670000000005,0.17362367,0.17727455,-0.30113870000000004,-0.31658262,-0.5261140999999999,0.25088254,0.0036626395000000003,-0.3245221,0.09769571,-0.012105742,-0.38956872,0.19140610000000002,-0.21383841,-0.12770982,-0.06746836,-0.036073633,-0.34281272,-0.2208958,0.005780088199999999,-0.12826242,-0.42412946,-0.31018656,-0.06352387,-0.7155451,0.04766575,0.12087036,-0.29769614,0.49833855,0.26240233,-0.408978,0.217704,-0.14809102,-0.31754723,0.119331405,0.020841857,-0.38814136,0.101431504,0.13119103,-0.119340114,0.3177624,-0.28377432,0.49100256,0.015701275,0.021848028999999998,-0.09162289,-0.37520152,0.047094464,-0.30175826,-0.6034151999999999,0.09227349,-0.39367318,-0.3085095,-0.18612488,-0.06822989,-0.053967547000000005,-0.12089635,0.10835142,0.07738315,-0.16853334,0.05843695,0.013607572,-0.54325235,0.040063057,-0.11108399,0.14067636,-0.041765973,0.39078432,-0.12819731,-0.030244313,-0.30613384,0.47870730000000006,-0.33265597,-0.15375552,-0.11610746400000001,0.21683882,-0.13775387,0.17171814,-0.20470524,-0.20716648,0.37800977,0.07837283,0.0014744358,0.24292193,-0.13010239999999998,0.038317394,-0.06827236,-0.18617038,0.08573378,0.60106075,-0.19932611,0.19602297,-0.01640577,-0.027524833,-0.012954753000000001,0.26615453,0.2237145,-0.2762335,0.22827183,0.11064383,-0.6161430999999999,0.27186337,0.11148165,-0.29501137,-0.36610806,0.59506196,0.43163955,-0.29144895,-0.45242637,-0.016810453,-0.27556990000000003,0.08103981,0.023304299,0.20779341,-0.22023436,0.4905133,-0.33117425,0.122137494,0.19934776,-0.29860154,-0.17409016,0.040548425,0.23376743,0.21495137,0.46882674,-0.37424347,0.3494541,-0.1576151,0.024866177000000003,-0.05530815,-0.13372907,0.16133706,0.16164963,0.040769599999999996,0.12816083,0.5928243000000001,0.32039613,0.43378615,0.27943933,0.17421648,-0.1722775,0.56551266,0.41297397,0.27111867,0.32915005,-0.04588326400000001,0.043181135999999995,0.07651709,0.52772516,0.033615295,0.33307659999999994,0.17510839,0.8666246999999999,0.3210993,0.19981004,0.35421318,-0.23634364,-0.10458548,0.08955449,0.056565724000000005,-0.31180334,-0.24572186,0.012479325,0.017784038999999998,0.023129685,0.0044722403,-0.26803887,-0.2023367,0.43777457,-0.082006395,-0.07389644,-0.20850521,0.20581056,0.09894029,0.05272545,-0.38113478,-0.16970472,-0.2910247,-0.4019908,0.006113118000000001,0.020217037,-0.09471221,-0.14786784,0.009419998,-0.10092459599999999,0.10822107,-0.22655465,-0.10497511,-0.2550656,0.10618798,0.23948850000000002,0.36347207,0.15488926,0.15408215,-0.13681010000000002,-0.057555277,0.20299286,0.16640283,0.106739745,-0.06889378,0.4167037,-0.25486985,0.037924398,0.06804829,0.37532887,-0.4813794,0.1350244,-0.2522388,0.10261657,-0.011405482,0.25207302,-0.23521852,0.30755556,-0.29843357,-0.30789262,0.0911796,-0.057686567,-0.08351178,0.046664685,0.19897984,0.41663826,-0.3025928,0.05104504,-0.08872739,0.36874422,0.13241874,0.025564122999999998,-0.43111864,-0.28811370000000003,-0.3696744,-0.10520412,-0.15641865,0.12788376,0.30688995,0.2961669,-0.09388095,0.06199084,0.66622704,-0.33418557,-0.10818956,-0.22861344,-0.1638154,-0.22773278,-0.12001342,-0.20695100000000002,0.26239732,-0.10575485,-0.011651695,0.10458636,0.014473673999999999,-0.48424795,0.29918602,-0.11443316
123,17,-0.11018771,-0.012627403999999998,0.5107598,0.09027087,0.24277565,-0.39772075,-0.24809733,0.34816867,-0.013470906999999999,-0.02718337,0.021322709,-0.27906448,0.011453443,0.40429905,-0.21782078,0.1889905,-0.35527948,0.111970305,-0.25248957,-0.13250032,0.04877468,-0.19173518,-0.11992127400000001,0.26743808,0.38025890000000007,0.09203652,0.12260150000000002,-0.10172326,-0.3097525,0.071799554,0.5358092,0.34640044,-0.3347642,-0.25639996,0.07765344,-0.044213217,-0.21339372,-0.056977034,-0.27207026,0.16566554,-0.43076786,-0.12360904,0.05017968,0.13321054,-0.39902347,-0.09147985,0.14629774,-0.16491328,0.080929846,-0.051231824,-0.40361009999999997,-0.14236738,-0.43410832,-0.054759637,0.191468,0.7706225,0.020329881,-0.790032,-0.3088694,-0.20734662,0.26841974,-0.1692786,0.24537638,-0.20337829,0.23438859,-0.20601921,-0.110684626,0.5208898,-0.60245067,0.013023224,-0.22331412,-0.09977051599999999,0.072653405,-0.028619692000000002,-0.22213633,0.008097776999999999,-0.32067740000000006,0.38927677,0.16199932,-0.18927954,-0.15104707,0.33803390000000005,-0.1805364,0.45248374,0.04481786,0.25048485,0.15786546,0.0002671934,-0.3889661,0.7202708000000001,0.3306866,-0.49820990000000004,0.08175352,-0.06253835,0.12736627,-0.08089386,0.020268729,0.044579543,-0.036530662,0.47553676,0.1712267,-0.05062467,-0.08976015400000001,-0.28387463,-0.07721072400000001,-0.18095665,0.08875386,-0.032027856,0.16636476,0.25596905,0.07709006,-0.09637323,-0.01325601,-0.048364893,-0.39869878,0.044738367,-0.27490735,0.048350357000000004,0.34049147,0.12696123,0.1485382,0.18084309,0.26359957,0.7087091999999999,0.45863640000000006,0.20406699,-0.27459493,0.52075315,0.04731771,-0.13928103,-0.021995801000000002,0.22212470000000004,0.29313958,-0.45514023,-0.40162605,0.25630197,-0.11524971,-0.33996624,-0.30045232,-0.07212633,-0.09632427,-0.08388082,0.25927988,-0.0034557832,0.14489818,0.27280608,-0.05826496,-0.21015188,-0.15664563,0.3691152,0.073674306,0.14705408,0.17777921,-0.27528393,-0.021080635,-0.18683851,0.035061203,0.17304097,-0.107197456,0.17381823,0.6335937,0.08901172,-0.07908259,0.09286010000000001,0.13225833,0.11462997,-0.05804233599999999,0.09777508,-0.15864779999999998,-0.021763347000000002,-0.05447482,-0.22797047,0.8229049,-0.12484968,0.2873926,0.04993178,0.33324128,0.032685163999999996,0.38716385,0.17194463,-0.5043489999999999,0.15584818,0.016842704,-0.14565825,0.24479987,-0.07540126,0.23541655,-0.36081266,0.25180349999999996,0.14617005,-0.27893752,-0.27352600000000005,-0.17035726,-0.11916803599999999,0.17021011,-0.5032229,0.010076858000000001,-0.25958234,-0.055915333,0.03833117,0.09957579,0.061329614000000005,0.022094725,0.029476399,-0.26872957,0.033426475,0.25451276,-0.23573826,-0.21887574,0.2927564,-0.11687296,0.34167176,-0.035994947,-0.11737292,0.051317792,-0.15121761,0.16135062,-0.23469284,0.21045464,0.108922675,0.16025916,-0.061042268,-0.3214198,0.40597588,-0.19403356,0.82579356,0.12533948,-0.5331335,0.11910339999999998,0.29522797,-0.032085504,-0.15193066,0.37670475,-0.040551875,0.21929039,0.17958003,-0.40950993,-0.14658594,0.14633827,-0.07619928599999999,-0.12331479,0.3565256,0.2108356,0.020680027,0.045512000000000004,0.054990154000000006,-0.040770046000000004,-0.026571205,-0.06099737,-0.21140082,-0.34021866,-0.42100337,-0.03127369,-0.43843883,-0.36089766,-0.2738952,-0.31959903,-0.21750535,-0.30305257,-0.08291929,0.42620605,0.12863047,-0.060808722,0.08351628,-0.29204974,-0.59818655,-0.10445165,0.34644178,0.34038183,0.07267235,-0.14024349,-0.10581742,-0.17535044,0.42421640000000005,-0.15245381,0.022120367999999998,0.38320532,-0.115808316,0.060487494,-0.24035129,0.31733605,0.41652116,-0.019337747,-0.06781655,-0.019095402,-0.20203082,0.27099526,0.08790321,-0.30401537,-0.37183774,-0.059134305,0.04958017,-0.50683206,-0.12648837,0.50625813,0.039012864,-0.08408485,0.15026966,-0.08164049999999999,-0.21102518,-0.09272349,-0.16312894,0.35112214,0.10802139,-0.24309917,0.19568066,-0.20813778,-0.474254,-4.5435615,-0.13447675,-0.03351958,-0.46829748,0.29562983,-0.22929120000000003,0.21142921,-0.06885473,-0.39961335,-0.22537893,-0.23333485,-0.31566665,0.30912882,0.07918363,0.4184988,0.45515984,-0.0127710095,-0.00030624305,-0.05293426,0.28986302,-0.18277046,-0.43058825,0.11399008,-0.1145713,0.36439425,0.16071129999999997,-0.27445126,0.14633705,-0.38099247,-0.13787302,0.0036441826,-0.122926034,0.20997581,0.16067553,0.0064102609999999996,-0.2829282,-0.014102696999999999,-0.13024497,-0.13461126,-0.2615926,0.18960394,-0.40134240000000004,0.14851134,-0.14158568,0.84468895,-0.36166063,-0.043562002,-0.14400262,0.04622825,0.129395,0.047717947999999996,-0.02924416,-0.39047750000000003,-0.16305251,-0.21442819,-0.031219217999999996,0.13871695,0.5701409000000001,-0.41664013,-0.057270914000000006,0.2747342,-0.099610955,-0.34232065,-0.104122564,-0.33108899999999997,-0.05366322,-0.4423049,-0.41289398,0.037996962999999995,0.01301166,-0.089980006,0.31756327,-0.15122646,-0.91798437,-0.17081581,-0.12284944,0.08521648,0.043022454,0.37308994,0.010006702,-0.2402687,-0.33120865,0.08552248,-0.08922494,-0.11644569,-0.11567861,-0.08698710000000001,-0.26209518,-0.22816688,-0.5136145999999999,-0.10682813,0.04641441,0.23257339999999999,0.17190382,-0.065552704,-0.22791992,0.28336890000000003,-0.21633895,0.10514753,-0.08910983,0.32446015,-0.012367325,0.5282007,-0.19723146,-0.090937346,0.23148237,-0.32177776,0.14235601,0.22767825,-0.12510021,0.44134232,-0.35051936,0.39686212,-0.26463082,-0.3505159,-0.015488261000000001,0.16644892,0.52055365,-0.005242639,-0.011011822,-0.20614317,0.5184675,-0.31433904,-0.39830118,-1.1777438,0.027810536,-0.26734895,0.061980325999999995,-0.11050165,0.124028474,-0.43845257,-0.3257762,-0.11753395,0.17304678,0.22934793,-0.06436518599999999,-0.09231758,-0.08342791,0.011721555,-0.17616014,0.20029104,0.35029479999999996,0.15499625,0.032551203,-0.1257251,0.14637266,0.048061457,0.13186286,-0.15758856,0.16326521,-0.2955707,-0.29439273,0.040624852999999995,-0.29789886,-0.06004874,0.09444557,0.41747588,-0.015147922,-0.06891535,-0.37055907,0.19102120000000003,0.018346459,0.33050784,0.3863638,0.07315138,0.60999167,0.12654169,-0.042726457,-0.27151096,-0.066197835,-0.19154803,-0.15549739999999998,-0.08728231,-0.42916527,-0.027888642999999998,0.77799946,0.31672212,-0.3137634,-0.018580911999999998,0.40120468,0.11927796,-0.16592279999999998,-0.10579451,-0.01257264,0.38153607,0.06415687,0.13433129,-0.273741,0.11880402,0.10689645,-0.27755,0.6046185000000001,-0.1295829,-0.016659848,-0.19543305,-0.18677992,0.54593825,-0.34859627,-0.013082880500000001,0.08047393,0.43314132,0.15855129999999998,-0.15311848,0.16191584,-0.03423064,-0.26526007,0.26570305,0.23036325,-0.0032350114,-0.016556888999999998,-0.080827855,-0.5532781,-0.58228266,-0.04106735,0.3028663,-0.12566346,-0.13510127,-0.0027680695,-0.35922152,0.26937437,0.17914952,-0.03649021,0.31314656,0.16082458,-0.5268419,-0.06269684,0.10453299999999999,0.09769701,-0.43807936,-0.09225245,0.11264294400000001,-0.7969321999999999,0.07928385,0.21728441,-0.15572542,0.0933115,-0.28825262,-0.14760916,0.08759814,-0.42853358,-0.60976565,0.14682856,0.075760245,-0.6419123999999999,-0.030593274,-0.019048478,-0.08831839,0.38681042,-0.44498226,0.37428293,0.08585942,-0.11170335,-0.15480879,-0.39042336,0.3140962,-0.36642966,-0.22750016,-0.053857487,-0.5281321999999999,-0.031363137,-0.14620867,0.06626627,-0.13221496,0.10479029,0.07982691,0.21856643,0.08422544,-0.061841085999999997,0.03642523,-0.6064278000000001,0.043607883,0.14770567,0.27498016,-0.101571076,0.09093155,-0.030035887,-0.13021773,-0.3926048,0.40092126,-0.09731423,-0.12821860000000002,0.05553242,0.21228720000000004,0.12659614,0.30034935,-0.07726037,-0.30984214,-0.03651249,0.07142186,0.051570512,0.25048524,0.2654738,-0.1717558,0.13335897,-0.043531254000000005,0.12366752,0.5704306,-0.29170429999999997,0.34676528,0.20686677,0.28743535,0.16352919,0.3264272,0.23731147,-0.207618,0.34524056,-0.085508965,-0.5065962,0.04824722,-0.014415561,-0.039732516,-0.4151311,0.42083842,0.43056908,-0.195286,-0.26558605,-0.003155978,-0.07878722,-0.05887098,-0.03120888,0.14917274,-0.05900752,0.7527014,-0.09918968,0.034812607,0.03209887,-0.32946178,-0.19060397,0.19307354,0.2544828,0.11532044,0.20058154,-0.24327455,0.43346304,-0.14896278,-0.19962437,-0.14499967,0.120434105,0.08169182,0.22840570000000002,-0.027497668,-0.033094797,0.42703688,0.32877818,0.24636179,0.19740225,0.38699684,0.00014469888999999998,0.5887031999999999,0.5550114,0.20557493,0.2847429,-0.12987307,-0.25987777,0.01668286,0.13666049,0.16973132,0.4829231,0.027659313999999997,0.5542083999999999,0.0642554,0.16234684,0.16131864,-0.45304653,-0.06596131,-0.08090978,0.04293579,-0.15848862,0.0054801954,0.0007639335,-0.14149562,0.20621048,-0.1198692,-0.06941497,-0.22993855,0.24021621,0.22576492,-0.07590042,-0.047095414,0.21299559,-0.14574364,-0.08451785,-0.30753204,-0.10812238,-0.11476735,-0.7336135,-0.08391330400000001,0.2686216,-0.17535776,-0.38292843,-0.091209315,-0.09414947,0.06806622400000001,-0.19163994,0.09745146,-0.31628796,0.52956325,0.19607593,0.5738321999999999,-0.01763343,0.18926574,-0.25818712,-0.17865132,0.033430874,0.39118272,0.17591847,0.022335105,0.2961391,-0.3331553,0.07962029400000001,0.15752272,0.34352645,-0.7616839,0.10594438,0.07236845,-0.02322554,0.011542016,-0.013886204,-0.4625289000000001,0.36840959999999995,-0.4500093,-0.30589879999999997,0.20452978,0.016797422,-0.26362747,0.18842967,0.024874017000000002,0.30163452,0.07137804,0.13979287,0.14341933,0.1259742,0.168399,0.04881697,-0.014164031,-0.3269942,-0.59057325,0.09533431,-0.12337477,0.13739684,0.12359722,0.1332004,0.038050852999999996,0.10161698599999999,0.21520565,-0.19146805,-0.04988912,-0.28831908,-0.44623703,-0.1882151,0.032242414,0.037836697,0.14389089,-0.33214995,0.07070443,0.065122284,-0.21571176,-0.3032924,0.30782366,0.05482299
124,1,-0.17701413,0.060156588,0.34366348,0.19768962,0.19240011,-0.36287037,-0.121473305,0.48349875,0.098206885,-0.15457971,0.10105122,-0.12211514,0.09646888,0.3540505,-0.283059,0.25878248,-0.08909471,0.013140516999999999,0.058105823,0.10854334,-0.027263673,-0.1754341,0.08829053,0.35873377,0.47686320000000004,-0.06706026,0.09832757,-0.06842738400000001,-0.21548025,0.032304093,0.4944895,0.45767263,-0.30774853,-0.28721420000000003,0.15783225,-0.077984884,-0.27397567,-0.14058451,-0.13797975,0.07720103,-0.5403017,-0.19380327,-0.19043586,-0.04414109,-0.3523375,-0.2200406,0.075081475,-0.14088649,0.15698445,0.020099799999999998,-0.55070466,-0.06534535400000001,-0.61857265,-0.08855384599999999,0.100477524,0.7685014,0.075585544,-0.27844796,-0.4986481,-0.21576257,0.5115138,-0.16907081,-0.034170065,-0.1814037,0.33746204,-0.0135389725,0.08520693,0.41133434,-0.7117587,-0.13846971,-0.3938596,-0.060996115,-0.23911275,0.033361625,-0.13569437,0.07549966,-0.30573294,0.12361549599999999,0.049803995,-0.27010617,-0.22922142,0.35684305,-0.35542428,0.36029029999999995,0.10648276,0.19543633,0.29681247,0.11661300000000001,-0.41418818,0.56107527,0.5505715999999999,-0.38398263,0.23611312,-0.059340958,-0.017046738,-0.021617934,0.25408065,-0.014125051999999999,0.017417101,0.6187479,0.29159516,-0.38122368,-0.048383173,-0.46117133,-0.07929431,-0.19474907,0.26617506,0.07217197,0.09569453,0.19580652,-0.10001165,0.031226061,-0.24644059,-0.11260869999999999,-0.20829917,-0.10479461400000001,0.009970075,-0.057155047,0.44848233,0.21483906,0.074078485,0.09610310000000001,0.17892182,0.44351214,0.17883809,0.06951381,-0.19494939,0.34425459999999997,-0.14537272,-0.15148897,0.040243395,0.14727838,0.23879539999999996,-0.50243956,-0.39228016,0.016150076,0.052940864000000004,-0.15406774,-0.34232453,-0.12053729,0.11986596,-0.11580331599999999,0.4088334,-0.06615844,0.21023919,0.124241084,-0.12432406,-0.15886801,-0.092326224,0.3774616,0.016957592,0.1753125,0.114902,-0.2808834,-0.15635985,-0.072512336,-0.07976082,0.37082872,-0.11084679,0.15460457,0.3485926,-0.14886856,-0.10039601,0.3273812,0.12745294,-0.18725229999999998,0.07393624,0.21650484,-0.40762272,0.12432918,-0.042485735999999996,-0.27262035,0.84904814,-0.17797227,0.24369568,-0.014117768000000001,0.20227523,0.14888410000000002,0.30713636,0.096729755,-0.65551,0.14813498,0.063153535,-0.13844815,0.18669066,0.026932342,0.18820655,-0.23527423,0.19848669,0.07473931,-0.40445518,-0.31380078,0.020937067,-0.21188885,0.20004167,-0.52950823,0.24618787,-0.121056564,-0.4514611,-0.09860795,0.06953828,0.01764956,0.23025057,0.02401379,-0.17448914,-0.010232854,0.195748,-0.13964084,-0.08767621,0.31361577,-0.0029306812,0.44399852,0.13377966,-0.16835828,0.06725729,-0.13817869,0.15987718,-0.19994073,0.3789175,0.025550257000000003,-0.0036027844,-0.12728418,-0.17816864,0.26889518,-0.08667638,0.8142583999999999,0.10477329,-0.44928193,0.079929,0.48547572,-0.30972314,-0.14679036,0.5821929,-0.098834895,0.19942826,0.13040264,-0.37063409999999997,-0.2353006,-0.06622539,-0.053325072,-0.16631691,0.5524650999999999,0.029687243999999998,0.30461583,0.08379216,0.06073924,-0.06479294,-0.14320354,-0.12447518,-0.26831576,-0.6050224000000001,-0.34518927,0.08501382,-0.47514993,-0.36044037,-0.16429909,-0.20852960000000004,-0.14684601,-0.31366012,-0.20413871,0.27200878,0.24536504,-0.22086842,0.09689064,-0.32332364,-0.46636700000000003,-0.2783151,0.14637604,0.3165249,0.09071649999999999,0.037403747,-0.13267674,-0.020013861,0.5100657999999999,-0.36541718,-0.02795959,0.38286605,0.12816012,0.0582789,-0.27235535,0.30461082,0.4884709,-0.047047782999999996,0.06943532,-0.006456567,-0.14903615,0.11465487,0.12071507,-0.035802145,-0.32173806,0.016564995,0.027676767,-0.2515426,-0.15736452,0.40511644,0.21201867,-0.12206222,-0.07469812,0.012462421999999999,-0.028842187000000002,-0.18772504,-0.04944073,0.22448945,0.3557012,-0.3027161,-0.035672877,-0.2465491,-0.23582096,-4.589354,-0.21588174,-0.20090635,-0.26923788,0.33715287,-0.22143397,0.18805750000000002,-0.10341619,-0.43437815,-0.28985667,-0.040059383999999996,-0.32882790000000006,0.24695586,0.21276732,0.41592476,0.40953466,0.014697636000000002,-0.05374035,-0.008055268,0.69805,-0.13142742,-0.38505918,0.251042,-0.10888646,0.31573105,0.26741729999999997,-0.099347554,-0.07361688,-0.49969846,-0.29816514,0.04678508,-0.12779896,0.10332952,0.27188402,0.009130441,-0.03711417,0.02559397,-0.3392823,-0.25251713,-0.22286257,-0.111735515,-0.36744264,0.08303605,0.1653955,0.77141666,-0.19752388,-0.034427263,0.07736013,0.14834534,0.18427469,0.049657144,0.18070896,-0.2930682,-0.31102172,-0.32174477,0.022028292,0.252224,0.6724568,-0.2786802,-0.16726184,0.04516102,0.05797999,-0.40974307,-0.18016285,-0.22507119,-0.29074177,-0.35492066,-0.32775307,0.11767018,-0.065144084,0.15178819,0.3377254,-0.085142635,-0.77338564,-0.16321726,-0.11092175,0.043543313,-0.05785272599999999,0.28034693,-0.04636664,-0.2874733,-0.35038036,-0.08652053,-0.10756924,-0.112737514,-0.28306833,0.04885805,-0.24539202,-0.27710387,-0.59823567,0.032000665,0.07790189,0.4457749,0.32548562,-0.031794716,-0.15118448,0.5013801999999999,-0.18639381,0.013977612,-0.43863726,0.26923874,0.21717329999999999,0.28385252,-0.19718076,-0.0005829722,0.09293395,-0.11937707,0.02675527,0.19612753,-0.27188727,0.5731441999999999,-0.5316965,0.37931436,-0.21012615,-0.5171742,-0.066765144,0.086434774,0.21956626,0.09679979,-0.102999404,-0.21633516,0.5273489,-0.51541615,-0.47968775,-0.8958105,-0.019762432,-0.17113526,0.11946836,-0.31739897,0.08866283,-0.36227929999999997,-0.15898958,-0.073513106,0.17641553,0.14389348,0.060095592999999996,0.16242476,0.0036056172,0.09417792400000001,-0.12343071,0.23914513,0.30916348,0.19593185,-0.0026869471000000003,-0.25278515,0.2517233,-0.048684205999999994,-0.030347882000000003,-0.2507042,0.062191997,-0.23468281,-0.29219207,0.0031239196999999995,-0.28771797,0.1503308,-0.099138804,0.4049817,-0.1412889,-0.1987371,-0.51738304,0.19313857,0.10888732,0.06768085,0.34256503,0.22278942,0.58032763,0.1694299,-0.3048931,-0.09066466,0.086900145,-0.35662222,-0.09267874,-0.24018416,-0.46297565,-0.09080358599999999,0.60520536,0.19214462,-0.019802805,-0.23219314,0.16717914,0.08570285,-0.13133638,-0.20650749,-0.14557655,0.42164817,0.3319486,-0.06384029,-0.26249477,0.110771425,0.24011196,-0.28915825,0.35389879999999996,-0.14637652,0.027975094,0.010538401000000001,-0.07662628,0.50567925,-0.19430403,0.051138114000000005,0.19116743,0.50070906,0.14821027,0.019811218999999998,0.11936118,-0.2500128,-0.15440449,0.04922963,0.36896777,0.04646826,0.013158952,-0.11157397,-0.3617605,-0.605907,0.103597715,0.14295775,-0.26375905,0.05815071,-0.024790662999999998,-0.28805733,0.32975920000000003,0.06375375400000001,-0.27987286,0.116726875,0.24225068,-0.35076430000000003,-0.32756448,0.119369306,0.007951351,-0.11333088599999999,-0.2317318,-0.063920274,-0.6358914000000001,0.15557344,0.16609944,-0.24305294,0.2143266,0.111572854,0.09761555,-0.002490972,-0.2522475,-0.6781547,0.17623447,0.0037747654,-0.48225424,-0.025101105,0.19069806,-0.199312,0.28906566,-0.40458062,0.50402933,0.18381885,-0.06014769,-0.10184442,-0.22790559,0.18931906,-0.18276344,-0.26170278,-0.17356004,-0.5311153000000001,-0.03380064,-0.03614572,-0.15019692,0.0149906995,-0.0077773634999999995,0.13051306,0.24278672,0.06504275,0.16188985,0.106787436,-0.62173533,0.007491546700000001,-0.12022301,0.13263343,-0.06728822,0.24919587,-0.08641557,-0.21705438,-0.2772412,0.46616974,-0.275348,-0.0534862,-0.18464439,0.25877553,-0.10019163,0.17347576,-0.057722922,-0.13803512,0.041834377,-0.12945689999999999,0.021967122000000002,0.1500185,-0.0045326216999999995,-0.19545531,0.1389928,-0.19228515,-0.0009501772599999999,0.6965125,-0.29416817,0.22869807,0.25554204,0.18703279,-0.07274881,0.31514627,0.39356127,-0.18279126,0.259255,0.18472311,-0.55329865,0.34831449999999997,-0.05881426,-0.18509677,-0.44137186,0.584332,0.42778710000000003,-0.37595776,-0.51544225,0.056673992,-0.20864101,0.0062623136,0.037345957,0.07070728,-0.049710277000000004,0.64398605,-0.18337877,0.05183203,0.04803222,-0.29451436,-0.09001992,0.06146296,0.16185482,0.12081284,0.28523505,-0.4065053,0.5912411999999999,-0.19623892,0.009977988,-0.06668974,-0.020226648,0.07228158,0.17147714,0.04719678,0.084198736,0.58280826,0.14860949,0.10087295,0.14000867,0.15004742,-0.12435339,0.4780263,0.57980937,0.14693142,0.29184815,-0.08810929,-0.0069030765,-0.15485542,0.4839146,-0.012292684,0.26921788,-0.17158484,0.60478413,0.035309307000000005,0.2587574,0.23928046,-0.33151522,-0.028306896,0.13286799,0.033793926,-0.28679714,-0.22605489,0.0019003031,-0.14502879999999999,0.057294595999999996,-0.11710508,-0.051708106,-0.033400133,0.40964273,0.10619591,-0.07645237,-0.1714755,0.23935139,-0.059209347,0.029899854,-0.42969725,-0.27511397,-0.093538836,-0.59231305,-0.10577787,0.09927527,-0.33956668,-0.11385639,0.23079066,-0.12789157,0.18220152,-0.058428764,-0.13558236,-0.10606343,0.46316287,0.22150123,0.30847709999999995,-0.021584636,0.24002582,-0.31029922,-0.10162627,0.06585817,0.36623130000000004,0.14037149999999998,0.015867291000000002,0.31096625,-0.28112864,0.031709883,0.20014332,0.34570694,-0.617499,0.18073785,0.06748051,0.19295155,0.005524874,0.19495724,-0.36463470000000003,0.48394516,-0.5308155,-0.10514282400000001,0.077236235,-0.17477418,-0.17542553,0.2270279,0.17276731,0.28785235,-0.2914055,0.12925835,-0.017706867,0.08914955,0.19849529999999999,0.034624413,-0.15856266,-0.13884346,-0.43485640000000003,-0.01201756,-0.065065205,0.25913697,0.18065844,0.13795777,-0.059214868,-0.06535987,0.54460573,-0.14801869,-0.12392895,-0.32453024,-0.34678876,-0.22658834,0.033907764,-0.07807489,-0.017562242,-0.07570069,0.07628589,0.077283315,0.050457977,-0.47215083,0.4115695,0.040383313
125,0,-0.105659105,-0.28438592,-0.06998137,0.01196196,0.33026177,-0.24065912,-0.058314323,0.5268023000000001,-0.19101492,-0.08508909,0.21861945,-0.36151698,-0.119023465,0.47697935,-0.18991949,0.28209123,-0.16534488,-0.05240048,-0.27768034,0.117499374,-0.10916238,-0.045777767999999996,0.091976605,0.37972805,0.35021836,-0.16551425,-0.12260204,-0.11233362599999999,-0.23508435,0.14873776,0.38998720000000003,0.100505106,-0.3619412,-0.41329694,-0.14474373,-0.09527916,-0.08116063,-0.112925015,-0.29134196,0.21731999999999999,-0.6002784999999999,-0.03372046,-0.0044125696,0.20897011,-0.14648563,-0.39258578,-0.06371111,-0.055046577,0.23299561,-0.30687553,-0.39183235,0.09761777,-0.35390115,0.11527137,0.19474305,0.56933147,-0.41687724,-0.37613606,-0.44335485,-0.29156083,0.21285753,-0.11251653,0.17762537,-0.30394062,0.22680224,0.18772541,-0.08317871,0.28726554,-0.661611,0.28899696,-0.18892245,-0.12170941,-0.0175103,-0.31891873,0.16370827,0.12673438,-0.13610311,0.38581887,-0.34275228,0.13259472,-0.33241352,0.28092217,-0.18272460000000001,0.11212236,0.13787146,-0.05063189,-0.22551797,-0.07158965,0.0804072,0.5869843000000001,-0.43553698,-0.18603171,-0.26325282,0.07843472,0.15226758,-0.579591,0.29096252,0.033277843,-0.3152853,0.6063246999999999,0.24540189999999998,-0.43016192,0.081832945,0.06532841,-0.17215335,-0.2825958,0.08032432,0.15297832,-0.012685670500000001,-0.16976963,0.23100857,-0.13510859,0.29895434,0.030773645,-0.16173184,0.3342235,0.17496428,-0.0045223966999999995,0.0884479,0.29579458,-0.048335012000000004,0.11735254,0.22125839,0.7131173000000001,0.04085294,0.28268385,0.18022756,0.29393187,-0.20946144,-0.3976613,0.18362756,0.24929886,0.1049754,-0.15924564,-0.14721647,0.26806009999999997,0.27236867,-0.24422412,-0.054470696,0.2185172,0.30271968,-0.22456579999999998,0.13519776,-0.052510194,0.28635427,-0.087464936,-0.036697093,-0.21098629,0.48045534,0.20682514,0.120097615,0.006765033,-0.06703429,-0.13121341,-0.08631319,-0.0029485784000000004,-0.18291855,0.13392119,0.44672373,0.31876750000000004,0.41696215,-0.11668854,0.12323803,0.20622176,0.16082211,0.054279327,0.13062268,-0.003131948,-0.3687882,0.17272489,-0.40316415,-0.26048902,0.67788714,-0.32966813,0.09389501,0.11246696,0.0059813275,-0.008955885,0.2655437,-0.061088435,-0.8403411,0.3734551,0.10592881,-0.16006798,0.6085448,-0.32810409999999995,0.52136195,-0.22641039,0.058604863,0.15713608,0.015501463,-0.25479734,-0.1707594,0.011179733,0.10018065599999999,-0.45140773,-0.37212586,-0.2639547,-0.23326987,0.18237782,-0.010166235,-0.17888857,0.07613745,-0.11266465,-0.17432028,0.23742688,0.008067300999999999,-0.11124129,0.13425507,0.49353290000000005,-0.461128,0.49507418,-0.32653704,0.006340946,0.16554873,0.053991757,0.35537425,-0.12748635,-0.05798315,0.054903626,-0.0005425591400000001,-0.06418907,-0.33911213,0.32219390000000003,-0.121260844,0.9275375,-0.20927910000000002,-0.3875239,0.057448436,0.30769283,0.021240965,-0.07359508,0.34482998,-0.27361223,0.13105018,-0.26421136,-0.267805,-0.16133127,0.2291449,0.15878525,-0.34340632,0.42959338,0.0034855965000000003,0.20450181,0.011129762,0.01640045,-0.17836858,-0.033684768,-0.29576215,-0.42402944,-0.8468935,-0.45427870000000004,-0.47346422,-0.39333305,-0.14263429,-0.174596,-0.10109224,0.3300219,-0.010573259,0.049055625,0.36643190000000003,0.36979184,-0.10707032,0.36847758,-0.5996009,-0.17282155,-0.11334911,0.17307453,0.37724343,0.24056841,-0.13254023,-0.19801456,0.105799586,0.38161874,-0.016961403,-0.007558095,0.17732461,0.3213061,-0.06466696,0.14726207,0.32354525,0.7021438,-0.31899408,0.20685287,-0.24639988,-0.38537416,0.22609286,0.19321679,-0.03542038,-0.3233429,0.13465731,0.06631579,-0.3666264,-0.07515106,0.10343664,-0.123020984,0.30324695,0.12395485,0.13942105,0.060751325999999994,-0.063095175,-0.24497479,-0.09266646,0.09109532,-0.03818974,-0.00024188976,0.011235926,-0.41375157,-4.1045894999999994,-0.3424645,0.06535989,-0.24648644,0.30796409999999996,-0.106349304,-0.16578738,-0.031642992,-0.64363515,-0.16655897,-0.3431071,-0.43470478,0.43624979999999997,-0.1383897,0.26408905,-0.053496525,0.17168486,-0.1925596,-0.09559015,0.6216963000000001,-0.27170283,-0.3708626,0.16253810000000002,0.07882102,0.32512113,0.6588318,-0.14171758,0.015546868,-0.38196084,-0.26406413,-0.040926237000000004,-0.23086277,0.24159098,0.30889928,-0.16459508,-0.1867182,-0.075374104,0.020462625,0.026949492999999998,0.09637636,0.02744548,-0.12210701,0.33826917,-0.0055971085,0.8769170000000001,-0.369185,-0.27375075,-0.41487563,-0.06788542,0.13413861,0.1696363,-0.08404587,0.053099725,-0.23566374,0.105137095,-0.1307147,0.07560748,0.33934593,0.08061536,-0.3907059,0.31711632,-0.3164197,-0.17754784,0.06793711,0.0110333795,-0.61075515,-0.28812417,-0.048124325,0.43434775,0.13438673,0.09020016,0.45738,-0.12924549999999999,-1.0299591000000001,-0.4377728,-0.114893615,0.12978610000000002,0.05705769,0.40249118,-0.352088,-0.44240153,-0.18374006,-0.111476436,-0.031536743,-0.11371224,-0.52086806,0.008887807,-0.114033476,-0.13575102,-0.2762987,0.06933318,0.3268712,-0.10487646,0.18054274,0.22835322,0.15152402,0.23733832,-0.26779559999999997,0.38396817,-0.1254749,0.4818157,0.066117115,0.61994064,-0.23517634,-0.08582598,0.30164656,-0.32465959999999994,0.025980457999999998,-0.14608058,0.26959,0.19360776,-0.71631616,0.28203416,-0.4703053,-0.3780332,-0.012678203,0.08501712,0.2721272,0.043629777,0.0047331327,-0.29812223,0.63602304,-0.050766636,-0.5497171,-0.30271003,-0.085822284,-0.25804920000000003,0.04786103,-0.19802824,0.021548538,-0.20194648,-0.19839202,0.15292108,0.17210142,0.31174245,-0.18075743,-0.16962717,-0.36893535,0.030600805,0.27550572,0.23612349,0.40506116,-0.09515264,0.120821655,-0.111082174,0.13513398,0.0037369609999999996,-0.18960494,0.08320886,0.062143814000000006,-0.25711957,-0.15578179,0.09931514400000001,-0.34912652,0.15609883,-0.10557202,0.55867285,-0.22054444,-0.29858565,0.16591775,0.19095913,0.02683041,0.19791603,0.43528748,-0.23748416,0.09626637,0.16226629999999997,-0.14488852,-0.17766625,0.19608548,-0.37286744,0.0048506035999999995,-0.18218307,0.0054315687,-0.2687136,0.32843935,0.031512126,-0.2137621,-0.11954645,0.09603367,0.00038387273999999997,0.10951195,-0.06419042,-0.016526796,0.5882821999999999,0.28317365,0.43440527,-0.008318785,-0.16374034,0.2629672,-0.22160985,0.37769514,-0.3553072,-0.24526905,-0.59408045,-0.07903450000000001,0.19319467,-0.12932867,0.04660335,0.29595715,0.036252707,0.22435798,-0.102323264,0.26205435,0.15464659,-0.16855575,-0.08366797,0.20386410000000002,0.12712368,0.28135714,-0.34712225,-0.26467592,-0.1357563,-0.39391875,0.20834424,-0.05730155,0.090395205,-0.1844189,-0.044199592999999995,0.15882553,-0.12305337,-0.33829442,-0.035776544,0.061692525,-0.18285811,0.078722015,-0.084984586,0.04197911,-0.5935133,0.01297574,-0.18104255,-0.5882915,0.21756022,0.042804718,-0.08278066,0.067040704,0.03233565,-0.024594849,-0.09898509,-0.13855945,0.112254255,-0.43520870000000006,-0.07271807,-0.38644037,0.2903165,-0.028034275,-0.009773545,0.27258990000000005,-0.03907155,0.47337209999999996,0.23257007,-0.028342687999999998,-0.24133065,-0.5004801,0.1532676,-0.1201672,-0.11530599,0.008297983,-0.22874486,-0.05908035,-0.33212924,0.05775252,0.041542143,0.16400664,0.0400829,0.15300424,0.020920878,0.41778997,0.2269129,-0.13015695,0.107150055,-0.12572293,0.06540294,0.30881584,-0.37162647,-0.04484354,-0.24970589999999998,-0.33549044,-0.15319781,-0.53127956,-0.08654016,0.39381108,-0.22886224,-0.10318373,0.39195296,-0.2982916,-0.362011,0.22961152,-0.012126551000000001,-0.121432416,0.06445366,0.2923491,-0.022942286,0.25074926,0.056877292999999995,0.23514263,0.6203923000000001,0.08799114,-0.09784973400000001,0.31411648,0.11236676599999999,-0.026875276,-0.10522564,0.71799135,-0.26143658,0.29351586,0.09043772,-0.44950909999999994,0.21853046,0.07039973,-0.19378899,-0.61624604,0.24889363,0.32933520000000005,-0.06890197,-0.40198913,-0.098060824,-0.087302454,-0.34977964,0.07254699,0.03213627,0.007030790699999999,0.26749334,-0.053661834000000005,0.10029807,0.45572913,-0.30925557,-0.35555822,0.07606627,-0.00456907,0.03191605,0.95739716,-0.36859962,0.14901748,-0.23209652,-0.048985153,0.28025717,-0.1499055,0.3870407,-0.025481846000000002,-0.17956412,0.18986015,0.12996162,0.35874254,0.089794315,-0.16106343,0.37051427,0.19685686,0.55425376,0.6539335000000001,0.09064753,0.22637907,-0.24598737,-0.24407662,0.24564412,0.13621227,0.29478398,0.23444165,-0.15284918,0.29864424,-0.039971262,-0.022503857999999998,0.45113638,-0.5753999,-0.09526612599999999,0.20709829999999999,-0.14235629,-0.15782383,0.018386424,0.08775764,-0.0035861402000000003,0.048885055,-0.022512669,-0.020804785,-0.22463596,0.24841748,-0.11637529999999999,-0.14762512,-0.11880583,0.13581896,0.043092545,-0.17953093,-0.60870314,0.05089508400000001,-0.11883099400000001,-0.56722873,-0.05904272,0.15787815,-0.0029946493,-0.5728549,0.2023759,-0.26069632,0.25836220000000004,0.20824659999999998,0.22691903,-0.45672476,0.20482688,0.36926463,0.37477407,0.032792006,0.27146038,-0.16250263,-0.054013748,0.056933578,0.14492488,0.13446645,0.017957449,0.10122676,-0.5934885,-0.23188595,0.26120046,0.328815,-0.7909858000000001,-0.083045326,-0.28753468,0.09826349,-0.042854406,-0.03014531,0.055426717,0.15363923,-0.41356862,-0.15584514,-0.29311398,0.34674,-0.10711118,-0.10631015,0.07547179,0.437809,-0.104406215,0.08363429,0.27599847,0.34741550000000004,0.29436505,-0.33748540000000005,0.19077705,-0.56890506,0.23037533,0.10167867,-0.41530135,-0.36443248,-0.00036611917,0.18964851,0.20031284,-0.0014273571,-0.08456731,-0.070354134,-0.21528709,-0.37118724,0.020092258,-0.21920897,-0.06410861,-0.08235938,-0.09154089,-0.17594928,-0.11933083,0.15492994,-0.02964536,-0.18210614,0.31380442,0.17551787
126,10,0.10394310000000001,-0.09123753,0.29470688,-0.19067322,0.27576290000000003,-0.14576614,0.06863785,0.5131591,-0.12148777,-0.13497698,0.11333569,-0.387617,-0.09652606400000001,0.37925828,-0.27103590000000005,0.54225427,-0.280525,-0.020522835,-0.1045781,0.21923192,0.26274246,-0.17752959,-0.113851696,0.38102406,0.42886063,0.093759574,0.12091869,-0.11611897,-0.17080455,-0.020542255,0.47312343,0.056551818,-0.12169624,-0.33013198,0.07643660000000001,0.10933606,-0.22722591,-0.15055552,-0.04806415,0.24304645,-0.7522806,-0.3836309,-0.074710056,0.17117639,-0.33323574,-0.30050704,0.39225370000000004,-0.26399902,0.13905875,-0.11729457,-0.34094727,0.08718934,-0.30196843,-0.1861072,0.025430785,0.60560447,0.023626247000000003,-0.4205714,-0.6292683000000001,-0.18759215,0.17130412,-0.23808517,-0.022448936,-0.105175234,0.19695638,0.093798146,0.24096596,0.39888102,-0.718317,-0.07828420400000001,-0.22277501,-0.08156705,-0.1255927,0.16090928,-0.037593823,-0.044972602,-0.03703133,0.08819494,0.024953793999999998,0.1688603,-0.31007870000000004,0.20113496,-0.38224977,0.36374328,0.1514645,0.09697361,-0.096716814,0.2153295,-0.25376922,0.634791,0.30375776,-0.3578622,0.12632287,-0.31874922,0.08730243,-0.033918273,0.16537873,0.21199295,-0.1596529,0.33716854,0.21736524,-0.13227095,0.015870163,-0.32079864,-0.11429404,-0.25835199999999997,0.15632504,0.24198194,0.11601701,0.22824529,0.15037994,-0.049416456,-0.07080703,-0.28771463,-0.11798389999999999,-0.21631046,0.03332159,-0.064002655,0.22368643,0.21288481,0.004086225,-0.10949073,0.20583272,0.67523533,0.16888426,0.06247338,-0.29106647,0.24260017,-0.029136272,-0.19413549,0.32934088,0.31222573,0.07789698,-0.5768379,-0.3401451,0.23431113,-0.037563607,-0.22469147,-0.33685166,-0.020787317,0.08271544,-0.15359654,0.32618228,0.16385557,0.0035351290999999997,0.13987233,-0.29510835,-0.047657363,-0.06130867,0.21116154,-0.07118905,0.0073621157,0.0021123118,-0.16812249999999998,-0.05005345,0.07725265,-0.20002432,0.17861228,0.18573402,0.1418948,0.47135204,-0.09950034,0.022404011,0.4009952,0.32529634,-0.08319364,0.07655094,0.12161846,-0.21002842,-0.052729066,-0.22483483,-0.3288723,1.0488813,-0.31961283,-0.09218006599999999,-0.10243967,0.30968243,0.041810796000000004,0.32185248,0.10560241,-0.52636915,0.23139457,-0.13996485,0.045338145999999996,0.29913214,-0.037708662000000004,0.25757116,-0.18244253,0.18549967,0.20704693,-0.26515624,-0.32691762,-0.19808799,-0.15105304,0.22086623,-0.4254741,-0.20598271,0.034789073999999996,-0.26158527,-0.01630789,0.15663438,0.008674217,0.26055342,0.3490258,-0.006311440400000001,0.07112262,0.36871007,-0.11151049,-0.0157814,0.37860352,0.034289956,0.42194864,-0.16744195,-0.10579438,-0.025990862000000003,-0.0008442043,0.22815589999999997,-0.19870064,0.11669405,-0.05200666,0.03978444,-0.03066661,-0.25996579999999997,0.3000942,-0.0570874,1.0061930000000001,-0.027111445,-0.5442889,0.35430685,0.41863438,-0.13842762,-0.13336056,0.5258227,-0.057817205999999996,0.11156519,0.18878898,-0.13250332,-0.4061843,0.07648314,-0.18990201,-0.26988566,0.32543656,0.26987025,0.19973953,0.19935414,0.10623949,-0.30960658,-0.054335173,0.017917298,-0.26677695,-0.23920457,-0.19187662,-0.11926619,-0.4130312,-0.063412875,-0.26767759999999996,-0.28618634,-0.37525028,0.04242629,0.03311962,0.36053082,0.19433008,-0.055804700000000006,0.15732820000000003,-0.40418762,-0.22341818,-0.20348737,0.3528085,0.39531009999999994,0.28444749999999996,-0.047018677,-0.06855737,-0.19583482,0.6869564,-0.20673265,0.1555943,0.1793866,0.12144762,0.055371675999999995,-0.19296473,0.21384701,0.37641979999999997,-0.37784633,0.17368618,-0.22553135,-0.27267359999999996,0.15741010000000003,0.58458626,-0.3076947,-0.43207288,-0.0007709719,-0.06991951,-0.36172572,-0.3104597,0.5047537999999999,-0.1315864,0.19559079999999998,0.14194589999999999,0.21251140000000002,-0.23066197,0.024536137000000003,0.038370932999999996,0.19779278,0.4054277,-0.254866,0.18309753,-0.28694117,-0.47853664,-4.104329,-0.33320984,0.07243816,-0.35356516,0.38260743,0.04071895,-0.010009869000000001,-0.16870615,-0.65590537,-0.05988133,0.03857897,-0.31945014,0.39612868,0.0465503,0.3177653,0.36506757,0.008957629,0.07840112,-0.043310348,0.5315846,-0.17094007,-0.34357256,0.32612329999999995,-0.17859475,0.38149723,0.44509682,-0.20165464,0.007672145500000001,-0.23889911,-0.15060596,0.13661814,-0.071633905,-0.008260249,0.08400667,0.093130894,0.10756876,-0.06744849,-0.58945036,-0.1871145,-0.25378162,-0.13239115,-0.58781475,-0.06310061,-0.07952259,0.68545485,-0.28470755,-0.042127267,-0.13266072,-0.0182114,0.38128898,-0.13193816,0.06945779,-0.39142835,-0.27785679999999996,-0.027825483999999998,0.18077473,0.01200744,0.7637399,-0.3409959,-0.44195983,0.015211631000000001,-0.13583505,-0.440312,-0.24254516,-0.08857908,-0.16577408,-0.2173955,-0.31460157,0.4288737,-0.12531953,-0.22485360000000001,0.35985887,-0.28160125,-0.6294808000000001,-0.23027739,0.12989832,-0.09027262,-0.077300645,0.23947987,0.01805463,-0.5357079,-0.27913672,-0.020742636000000002,-0.20887825,-0.21233626,-0.5148389,-0.021401037999999997,-0.33772257,-0.28574884,-0.47929654,0.18210231,0.23666912,0.022305572000000003,0.19683194,0.31083757,0.08769851,0.25152993,-0.39156840000000004,0.18357922,-0.19889565,0.32244527,-0.015287771,0.4981627,-0.36078459999999996,0.20900221,-0.099453926,-0.43228537,0.18190949,0.009073312,-0.040229373,0.35373402,-0.6728323,0.12431747,-0.15943675,-0.48119524,-0.20769767,0.28004768,0.35905322,-0.086205795,-0.1750857,-0.041561943,0.5544541000000001,-0.43281946,-0.5142584,-0.6925880999999999,-0.0801764,-0.14846651,-0.0703341,-0.32732794,0.23533818,-0.12203002,-0.3284007,-0.27639708,0.42331094,0.10777933,-0.0208882,-0.13011794,-0.4811710999999999,-0.1213278,0.11623329,-0.03307116,0.17284435,0.14728577,0.14629628,-0.20306253,0.27695858,-0.07119292,-0.10713088,-0.115871444,0.067960225,-0.2915697,-0.4618282,0.02718023,-0.30805564,0.36044765,0.09672898,0.45517674,-0.045874412999999996,-0.036228212999999995,-0.4451795,0.12877122,-0.15649742,0.35230342,0.4399659000000001,0.017657885,0.42043328,0.14081629,-0.06204887,-0.014128358999999998,0.10934844,-0.42566204,-0.048771605,-0.22141613,-0.093861185,-0.16871215,0.7364025,-0.00133117,-0.11555539999999999,-0.12593663,0.17835037,0.0487031,-0.13808987,-0.07322095,-0.06996008,0.5172399000000001,0.11598981,0.25861362,-0.3002828,0.12140984,0.035551466000000004,-0.48484656,0.6527094,0.14166221,-0.044504873,-0.24843177,-0.06595541,0.37162843,-0.36467722,0.15921347,0.21718423,0.48739174,-0.13369365,-0.36635083,0.22513719,-0.12848374,-0.32142335,0.08482131,0.07242445,0.04176557,0.21626224,-0.17326216,-0.37163746,-0.13016784,-0.043475475,0.05867225,-0.26421209999999995,0.08106805,-0.100507036,-0.35980818,0.3497908,-0.16939966,0.042421363,0.17348272,0.045979474000000006,-0.55577695,-0.08941764,0.16155358,-0.048173327,-0.27870712,0.0066948044,-0.05667839,-0.9662671,0.05583667,0.18236670000000002,-0.08244182,0.35322416,0.26165617,-0.15926312,0.048794504,-0.28282475,0.015273065,0.1624611,0.0010336274,-0.70218223,0.05527921400000001,0.34337378,-0.058768495999999996,0.39374295,-0.31830218,0.3155786,0.503062,-0.0070447669999999995,0.03689724,-0.6281299,0.23010543,-0.19599721,-0.5963888,0.084518686,-0.28781490000000004,-0.029828168,-0.11965847,-0.024324968,0.13897222,0.059792288,0.17386048,0.0646629,0.029780595,0.08962519,0.016903214,-0.6160842,0.197536,-0.0389508,0.31520167,-0.1333068,0.08033565,0.066662855,-0.23225568,-0.5245749,0.27975267,-0.42662066,0.003974013,0.046325114,-0.12303225,-0.06916433,0.030774584,-0.2385596,-0.11668789,0.22205994,-0.07484161,0.12073315,0.5390517,0.17403561,-0.24375805,-0.0681166,-0.09058637,0.14557965,0.5017798,-0.24731874,0.24826822,0.21644787,-0.07786860000000001,-0.05481099,0.19591379,0.23066215,-0.08288362,0.36980966,0.02497813,-0.5411108,0.09060369,0.19055362,-0.07675599999999999,-0.37788644,0.59082043,0.3148594,-0.34498382,-0.43416035,0.13119133,-0.44058967,-0.26115623,0.082499824,0.18867669,0.028829973,0.7417494000000001,-0.1833857,0.19505417,0.23046832,-0.37024856,-0.18932436,0.056625925,0.27126026,-0.09699502,0.41609769999999996,-0.17442395,0.4393236,-0.26115534,0.059117563,0.043478437,-0.18858102,0.13470243,0.10653305,-0.3131387,0.25649256,0.4883594,0.29222703,0.47008753,0.22206424,0.3303986,-0.09356426,0.90237933,0.42843288,0.23395179,0.45804927,-0.20351791,-0.053426966,-0.17018285,0.40057158,0.07245287,0.17728908,-0.18925895,0.701018,0.31507307,-0.04441178,0.032211962999999996,-0.2975995,-0.10427019,-0.058078382000000005,0.093361475,-0.249216,-0.11930911,0.05160106,0.004079892,0.25198558,-0.26473284,-0.06864198,-0.5405624,0.29377195,0.08697687,-0.09100536,-0.24532619,0.121792205,-0.03729066,0.06258801,-0.5121406,-0.16000502,-0.038712263,-0.7689483,-0.09366409,-0.034228287999999996,-0.08582116,-0.26617646,-0.0436617,0.012047138,0.098110855,-0.33160177,0.0053763376,-0.5483118,0.4221776,0.24945687,0.45155248,0.08657542,-0.0017411041,-0.18749736,-0.113280155,0.07967773,0.18441193,0.15007162,-0.07270194599999999,0.48566353,-0.18273382,0.22232912,-0.19037333,0.47904030000000003,-0.7351506999999999,0.058082912,-0.15946761,0.075380534,-0.10008572,-0.08482899,-0.2559404,0.4505749,-0.5290094,-0.090278074,0.010394913,0.18180081,-0.22651003,0.0088226115,0.11827933,0.39854184,-0.1497301,0.12592004,0.29393956,0.37720212,0.17461163,-0.16458678,-0.27684146,-0.39703855,-0.26062238,-0.24791469,-0.36654195,0.16672003,0.080751486,0.09500919,0.028368996,0.04108829,0.5598783,-0.3143439,-0.14250226,-0.36816220000000005,-0.21876258,-0.41825342,-0.18913949,-0.024957195,0.019115707,-0.28210115,0.114933,-0.015881719,-0.26116878,-0.14998266,0.27109417,0.20028016
127,6,-0.08148371,-0.34106272,0.33589253,-0.14024991,0.32786193,-0.24868876,-0.1923059,0.5275312,-0.110365,-0.36508423,-0.029228944,-0.1275551,-0.123381376,0.41226940000000006,-0.24810821,0.37990978,0.040357046,-0.076057844,-0.0017671932,0.12307683400000001,0.47822338,0.089999996,-0.09897748,0.40499840000000004,0.117541336,-0.20350948,0.22563657,-0.005730505,-0.14894754,0.1809009,0.34982240000000003,0.22509415,-0.27564743,-0.082193814,-0.055205826,-0.11480651,0.025915233,-0.1747413,-0.23281893,0.37023604,-0.24034885,-0.20746209,-0.23976314,-0.011903832,-0.18763922,-0.12904535,0.02648662,-0.28259483,0.12510726,-0.09005677,-0.4362106,0.0030296282,-0.42130542,-0.0398174,-0.042498715,0.5212848,-0.13021858,-0.43623853,-0.38466573,-0.21884295,0.19266945,-0.20187913,0.25284168,0.119459175,0.2022578,0.07794026,0.00038367222000000004,0.3691159,-0.50543505,-0.021137271000000003,-0.27392364,-0.32163379999999997,-0.27577558,0.19951853,-0.31686133,-0.07215456,-0.2237295,0.25281933,-0.08355773,0.06893535,0.042757522,0.13219135,-0.19016998,0.33698303,0.005227413,0.0039558974,0.012360948,-0.025806832999999998,-0.26546356,0.47890420000000006,0.46603468,-0.5105384,-0.052793518,-0.20516549,0.38203597,0.123925865,0.042067803,0.20842288,-0.31371024,0.476229,-0.063434765,0.15666698,-0.20379859,-0.3226155,-0.20798379,-0.36779320000000004,0.11143891,0.14240155,0.044258624,0.10865775,0.24490812,0.100147076,-0.13315566,-0.5117251,-0.24805719,-0.07524426,-0.028771432000000003,0.2433123,0.3451979,0.24044354,0.24738324,-0.14470634,0.29722813,0.6530031,0.19927832,0.15251903,-0.0076159033999999995,0.18169254,-0.006869005,-0.14075194,0.06975658,0.24141435,0.033199687,-0.49654025,-0.3579236,0.20650755,-0.061839838,-0.27734190000000003,-0.35612434,-0.0014030154999999998,0.025023852000000003,0.2558312,0.2778845,0.053036895,0.112860635,0.16210926,0.015555503,-0.14114814,0.20634589999999997,-0.0030644531,-0.12992443,-0.26221767,-0.022439722000000002,-0.23101047,-0.114272736,-0.26914278,0.014909295,0.5344766,-0.24248222,0.20444585,0.55440766,-0.10821868,0.0008136938,0.37631407,0.51417714,0.0043923007,-0.2704145,0.1806138,-0.09415779,-0.25295126,0.08072821,-0.35845363,0.8220497999999999,-0.30794486,-0.14844897,0.14253129,0.16370407,0.26166227,0.38789463,0.10297015,-0.7424634,0.12738766,-0.07888454,-0.31168932,0.25689974,0.21521929,-0.01759741,-0.02727563,0.18496949999999998,0.19320318,-0.48760712,-0.28538284,-0.15084456,-0.44258577,-0.08984862,-0.368976,-0.13063847,0.036009103,-0.10303210000000002,0.076582864,0.10234172,0.070188105,0.5649945,0.118130036,0.027825005,0.2647292,0.27129015,0.069449075,-0.023853582999999998,0.5211798,0.053802515999999995,0.5548211999999999,0.33633208,-0.14592567,-0.051991012,-0.17538054,0.3642921,-0.14106712,0.20030719,-0.012929712,0.35681695,-0.02599196,-0.28220347,0.28651404,0.038605783,1.08964,-0.0036796971999999996,-0.23956344,0.33390349999999996,0.2060658,-0.16742772,-0.2311268,0.70982087,0.15539557,0.033087645,0.36803055,-0.06227374,-0.08485221,0.057210196,-0.39658418,-0.3349643,0.23761015,0.2542735,0.4121118,0.034200057,-0.20375879,-0.10281715,-0.013438317,-0.062153734,-0.14843012,-0.5289184,-0.4810057,0.08011673400000001,-0.18801464,-0.3467088,-0.4186514,-0.19877937,-0.2310324,-0.012303652,-0.09083696,0.12932095,0.19081785,-0.03547357,0.17562777,-0.4136015,-0.17848244,-0.02840068,0.56631786,0.31933278,0.09920489,-0.16044533,-0.042378742000000004,-0.08910394,0.5819173000000001,-0.22646038,0.33022723,0.5135161,0.15791695,0.07984023,0.036836598,0.28822002,0.21593997,-0.15632287,-0.042722743,-0.13934386,-0.39524564,0.26897007,0.19874823,-0.19393761,-0.10600114,0.051783897,0.07732997,-0.2921718,-0.39506698,0.36164474,0.21342616,-0.13400088,-0.077929236,-0.089099795,-0.49137866,-0.08254159,-0.06926135,0.30437258,0.33035353,-0.26327178,0.17028353,-0.16005346,-0.31427807,-4.385175,0.036728386,0.092368565,-0.21278308,0.20199612,-0.2712442,0.31277758,-0.078037545,-0.623681,-0.27068788,-0.06822023,-0.5338710999999999,0.23592770000000002,0.23552199,0.17859349,0.40910107,-0.104966275,0.13928603,-0.015976815,0.60527635,-0.33667620000000004,-0.30053738,0.3270909,-0.36298677,0.44118384,0.21560866,-0.3255116,-0.13758717,-0.35606167,-0.20217264,-0.005446231,-0.16328324,-0.016664112,-0.11422372,0.16227752,-0.10134544,0.19592258,-0.7881845999999999,-0.08397843,-0.23625749999999998,-0.026542924,-0.42816615,0.13894531,0.28036076,0.46460488,-0.07938102,-0.060044214000000005,-0.20324434,0.08974625,0.39428982,-0.13248155,0.03667849,-0.14079493,-0.23718965,-0.12247898,0.24314976,0.2806587,0.5058435,-0.24345323,-0.042353168,-0.0960184,-0.018247085,-0.38950276,-0.10872196,-0.13889806,0.03171119,-0.5500289,-0.50214285,0.16797581,0.108671,-0.0066344687,0.28398959999999995,-0.021578377000000003,-0.7346146,-0.230831,0.02289897,-0.16278729999999997,0.022858951000000002,0.48069799999999996,-0.10964231,-0.39128977,-0.12827839,0.024534706,-0.40463385,0.029222345,-0.098832846,0.12184353,-0.23843172,-0.42584783,-0.2867606,-0.11875034,0.37497258,0.1849853,0.15869070000000002,-0.05841725,0.0072144596,0.19376823,-0.22020699,0.24425851,-0.20186742,0.33660632,-0.06594174,0.5648592,-0.21672134,-0.050506018,0.11067602,-0.5903592,0.26141927,0.12245061,-0.12997219,0.61865133,-0.6015172,0.41527486,-0.38581485,-0.4895956,-0.2822757,0.24664189,0.43936909999999996,0.05584063400000001,-0.41204040000000003,-0.06798828400000001,0.46652573,-0.42449346,-0.6928633000000001,-1.068443,0.23373576,-0.30278033,-0.113362685,-0.34312424,0.19962054,-0.44201140000000005,-0.11583653,-0.25596806,0.19207004,0.3678856,0.13491964,-0.08891256,-0.140353,0.14832783,0.052856799999999995,0.19504394,0.16932078,-0.19490737,-0.04077354,0.008044785,0.021153292,0.1263085,-0.2176571,-0.0023030743,0.02741851,0.036643427,-0.39104256,0.18415733,-0.35786483,-0.012675526000000001,-0.030972958,0.31181046,-0.22042477,-0.24233513,-0.2974427,0.16080166,0.029350895,0.16545895,0.15288834,0.22491294,0.2700513,0.2872442,-0.10561654,-0.19531591,-0.13911675,-0.48063678,0.0034130681,-0.07750517,-0.34119776,-0.08379773,0.7297443,0.14165166,-0.14141354,-0.19316767,0.5638021,0.052781112000000005,-0.27151653,0.035258614,-0.1423823,0.26820770000000005,0.01892459,0.06451848,-0.40909466,0.021075233999999998,-0.008377836999999999,-0.47736347,0.38417247,0.10763614,-0.13884245,-0.18923944,-0.16433053,0.4304673,-0.29316387,0.11540614,0.34842762,0.38661903,0.18727176,-0.01586223,-0.16462094,-0.2990055,-0.20808762,0.23196298,-0.027240313999999998,-0.048883967,0.19298533,-0.26484254,-0.465395,-0.32959577,0.010968904,0.10790119,-0.08414633,0.119148985,-0.034807853,-0.5765237,0.2917167,-0.05972537,-0.18764791,0.062400468,-0.0030693202,-0.3560558,-0.028068496000000002,0.018661179,-0.06411885,-0.15152349999999998,-0.025634052,-0.08337533,-0.72917664,-0.036238946,0.10713831,0.12585348,0.015014089,0.11903686,-0.19996911,0.08830465400000001,0.014553083,-0.18559554,-0.06976428,0.09045641,-0.5443149,0.21097624,0.35399327,0.020081474,0.2182105,-0.31705225,0.39999625,-0.0012126308,-0.02362021,-0.25108775,-0.69748986,0.42856258,-0.2972956,-0.13200781,0.055236827999999995,-0.28213920000000003,0.22506948,-0.01631127,0.009834259,0.042105300000000005,-0.08926144,0.15199688,0.1098663,0.24031750000000002,0.14520441,0.15095311,-0.5177938,0.16733071,0.079990216,0.25349662,-0.15488324,0.18132223,0.18848878,-0.37025532,-0.31114113,0.5265186,-0.29798055,-0.108047694,0.12040412,0.062037,-0.12085131,0.29759684,-0.025612054,-0.2874173,0.23630613,-0.33615756,0.15337817,0.46045047,-0.13132806,0.07654086,-0.061762184000000005,0.062517785,0.24345702,0.26204947,-0.28470270000000003,-0.15553237,0.079752505,0.0899135,0.11181187,0.13283348,0.15968779,-0.030042024,0.1975489,-0.14256629999999998,-0.62226766,0.24377266,0.26655737,-0.38394573,-0.42429176,0.5100427,0.40777975,-0.32213193,-0.3987775,-0.012873611,-0.29000336,-0.1568273,-0.032546934,0.18974473,-0.06644298,0.7045085,-0.049285065,0.09700777,0.17064483,-0.40911615,0.027543861,-0.18312879,0.27784416,-0.006968873,0.33005816,-0.23634946,0.44844884,-0.17426911,0.035121933,0.20562972,-0.21087082,-0.049078662,-0.12445189,-0.1550177,0.32326812,0.44710135,0.22470810000000002,0.16330875,0.033484966,0.31174523,0.19706184,0.43952957,0.48101297,0.20320182,0.6478111,0.08301346,0.19617431,-0.1713095,0.30313320000000005,0.15278655,0.28569996,-0.17252983,0.4479496,0.09428965,0.20345445,0.110983364,-0.32234073,-0.026286796,-0.06494245,-0.019375,0.058792375,-0.29295135,-0.115245044,-0.09162398,0.12298514,-0.35099095,0.36717308,-0.19146670000000002,0.18588921,0.28429362,0.022599056,-0.31365994,0.12728365,-0.41575423,-0.0995743,-0.42543435,-0.28526968,-0.15518843,-0.89564204,0.12320686,0.044442736,-0.17547682,0.009937809,-0.17726079,-0.07212376,-0.016731322,-0.09747537,0.18311691,-0.27072757,0.46152946,0.2175554,0.46261890000000006,-0.064054035,0.24511889999999997,-0.42252064,-0.08371788,0.111910254,0.32890683,0.054161884,0.059411634000000005,0.44869408,-0.6489709,0.03916614,0.014324651,0.4815202,-0.70362604,0.40907928,0.019139513,-0.17236048,-0.072703056,0.10938626,-0.23729314,0.37066448,-0.32425207,-0.25078553,0.053215637999999996,0.0013893237,-0.33164337,-0.017803434,0.06998426,0.39391282,-0.23745619999999998,0.17493679,0.28229240000000005,0.36422116,0.14954698,-0.05469103,-0.23255448,-0.30475559999999996,-0.20484331,-0.18480615,-0.28434193,0.13396166,0.13652070000000002,0.28563213,-0.061320152,0.06266197,0.22339024,-0.16637552,-0.2553037,0.0066578919999999995,-0.41620502,-0.63053334,-0.13042016,0.040101454,0.32035545,-0.20746183,-0.18364832,0.011268654,0.04888623,-0.44123527,0.15069659,0.24600525
128,10,0.087590456,-0.060667295,0.26783514,-0.17242615,0.10283068599999999,-0.1678312,0.17185995,0.13347,-0.17528982,0.062346805,0.2622368,-0.21269777,-0.04303227,0.32659087,-0.28225484,0.59664166,-0.16215008,-0.022475932,-0.38820103,0.03492803,-0.013549799,-0.3163068,-0.12748289999999998,0.42168199999999995,0.40304238,0.11236811,0.28121638,-0.04122285,0.027009288,0.20609629,0.3255018,0.18436370000000002,0.06661948,-0.41876003,-0.19253796,0.15616204,-0.12591016,-0.050296597,-0.010801241999999999,0.4689905,-0.21760857,-0.5102985,-0.17356154,0.26213926,-0.06368687,-0.1829675,0.026218402999999998,0.13607275,0.43088409999999994,-0.2044281,-0.49295834,-0.054144986,-0.5629899,0.03135646,-0.121700265,0.7204335,0.06033556,-0.23135446,-0.32253915,-0.12055811,-0.15690848,-0.19498694,0.23572679,0.0030179282,0.13819924,0.22438167,-0.29424995,0.63476527,-0.44451928,-0.09445758,-0.20788752,-0.10600509,-0.12749365,-0.07280537,-0.14587367,-0.18345483,-0.2653043,-0.00450738,0.10617665,0.05681256,-0.08369027,0.11292566,-0.09131577,0.5119204,0.28321818,0.02282798,-0.0028821982,0.07204036,-0.3505336,0.3079677,0.0053006695,-0.40252417,-0.24699758,0.072953075,0.04814275,0.0026013383,-0.28165263,0.116881214,-0.13670272,0.32463688,0.20383392,-0.10515772599999999,-0.09584044,0.04332884,-0.48024377,-0.14027941,0.117185354,-0.24941418,0.19658583,0.16258399,0.378314,-0.16647391,-0.06601244,-0.34423313,0.03417296,-0.07627134,-0.037358664,0.11730746,0.4132373,0.22882435,0.14683308,-0.09708426,-0.12317495,0.57760537,0.013736495,0.050854594,-0.27643629999999997,0.20893322,0.16345154,-0.26218057,0.24195719,0.2776528,0.20363587,-0.50587904,-0.28571877,0.26019050000000005,-0.09628676,-0.07207517,-0.44348884,-0.06349299,-0.08609377,-0.048676014000000004,0.28008845,0.07045147,0.21555349999999998,0.20396453,-0.067077026,-0.00641366,0.33638132,0.28918988,0.025920017000000004,-0.12392851,-0.09342252,-0.18387613,-0.09559251,0.18350537,0.038924485,0.3606223,0.19184923,0.094400644,0.46446922,-0.033273928,0.038071554,0.15798694,0.3852669,-0.18163161,-0.29192522,0.14593104,-0.22010258,-0.11222378,-0.081037395,-0.47223073,0.9114399999999999,0.03568752,0.094375476,-0.11290012,0.28431723,-0.09987148,0.24425888,0.09482499,-0.7499915,-0.010099816999999999,-0.017638221000000003,-0.014198623,0.34740479999999996,0.24641177,0.15261164,-0.21269429,0.0707367,0.26690078,-0.10119239,-0.39309335,-0.11754233,-0.11792038,0.11616256,-0.26061562,0.030580117999999996,-0.15310869,-0.14568974,0.17155488,0.18203458,-0.06034640000000001,0.44308963,0.055049125,0.045378234,0.44035357,0.29384008,-0.19352248,-0.3732816,0.19054314,-0.22661568,0.2826065,-0.09337765,0.029290656,0.0065817945,-0.19027317,0.4997613,-0.33008066,-0.108954735,0.26912194,-0.12060983,0.12005889,-0.49901629999999997,0.28853616,-0.11694271,1.2542632,0.04914407,-0.22072406,0.24996719,0.5947005,-0.1326984,-0.33561558,0.16140954,0.12262491,0.16198374,0.19665916,-0.025603202999999998,-0.10491921,0.20767298,-0.12553644,-0.22937857,0.32407126,0.24588034,0.20379587,-0.077191375,-0.18585813,0.13499692,-0.15640451,-0.13076012,-0.22927192,-0.16207221,-0.24622881,-0.08487452,-0.35144338,-0.43539038,-0.06576259400000001,-0.21401237,-0.36358893,-0.17831635,-0.02737507,0.14686903,-0.028047198,0.29970893,0.18070252,-0.41892946,-0.38086182,-0.16730781,0.35942408,0.47646540000000004,-0.07580871,-0.42144004,0.14949419,-0.090671994,0.3658815,-0.34402305,0.13472687,0.2784658,0.06287959,0.28450575,-0.19518657,0.07564760000000001,0.5359136999999999,-0.42885885,-0.006491241,-0.41822565,0.090063795,-0.075803176,0.24241820000000003,-0.21984997,-0.31773379999999996,0.2590395,0.1272914,-0.21921441,-0.20277075,0.3170855,-0.14841437,-0.024721157,-0.12848784,0.06037238599999999,-0.13659303,0.047232672999999996,-0.05286958,0.19607393,0.09081942,-0.009432885,0.14583227,0.03852302,-0.18046398,-4.341426,-0.119461216,0.15829514,-0.20869343,0.5110458999999999,-0.29757482,-0.0032426466,0.0006899081599999999,-0.6167114,-0.07884318,-0.29423326,-0.30149922,0.18691385,-0.0042421534,0.35858348,0.40503794,-0.02749785,-0.30896384,-0.10356625,0.51712245,0.014611494,-0.24408877,0.32435128,-0.31722009999999995,0.5925809,0.29017332,-0.168567,0.019397482,-0.5234350999999999,-0.10834109,-0.12156944,-0.18352556,0.07119468,0.30638078,-0.05446232,-0.31860796,0.05862128,-0.6076126999999999,-0.08768594,-0.11139449,-0.092902765,-0.2888725,-0.038740147,-0.019577535,0.59980136,-0.34519055,-0.021668516000000002,-0.27547276,0.2129195,0.24434617,0.053680807000000004,-0.0065131956000000005,-0.25878733,-0.32674906,-0.05172851,-0.05476416,0.13917573,0.79840714,-0.031743545,-0.15412223,0.5074557,0.0007180699000000001,-0.20520401,-0.2540153,-0.142764,-0.262701,-0.09456347,-0.6219759,0.25635046,0.01582719,-0.26701877,0.41321278,-0.14744197,-1.0472234,-0.15211323,0.30703956,-0.27422032,-0.11895565,0.5436435000000001,0.03784303,-0.4522791,-0.44613725,-0.21294610000000003,-0.16214079,-0.017922126,-0.37916747,-0.10714529,-0.21841739,-0.021516707000000003,-0.16809732,0.24451391,0.1006235,-0.027902754,0.12759288,0.020928925,-0.10606378,0.4028151,-0.20135902,0.33183923,-0.08214683,0.20836265,-0.17038843,0.3216179,-0.51032263,-0.20164052,0.16624139,-0.29759604,0.17364326,-0.011924891000000002,-0.057714388,0.32110173,-0.41508925,0.17712402,-0.41264844,-0.3466088,-0.33336008,0.14436945,0.42142564,0.008988576,-0.1686611,-0.35507005,0.6498646,-0.36900318,-0.13283733,-0.40159157,0.2882407,-0.09605779,-0.3050143,-0.41166356,0.012644345,-0.25623298,-0.43771679999999996,0.22294505,-0.08557925,0.5272481,-0.047169924,-0.12821384,-0.29677024,-0.28224874,0.049716473,0.16291960000000003,0.25151260000000003,0.15135758,0.22335879999999997,-0.049772587,0.13211197,0.16911346,-0.24094851,0.023734782000000003,-0.07385461,0.022330383,-0.3880038,0.2667957,-0.22256145,0.09322449599999999,-0.04056682,0.48785470000000003,-0.44675887,-0.05582722,-0.25699633,0.08203109,-0.110245034,0.14997613,0.49730796,0.058408998,0.3976592,0.35481290000000004,-0.31912076,-0.27935869,-0.12464829,-0.28643495,0.035097115,-0.39845744,-0.15091111,-0.24400572,0.72120947,0.05998776,-0.35262418,-0.14184687,0.35125098,0.21016089999999998,-0.14566919,-0.28320527,0.027475014,0.34476733,-0.23337607,-0.14434135,-0.22809908,0.12090053,-0.040549316,-0.31731364,0.5979406,0.110650994,-0.13264395,-0.41635528,-0.20366676,0.49835223,0.02023789,0.16234785,0.43840329999999994,0.361147,0.059244655,-0.18112491,0.06570902,0.102551825,-0.33602634,0.27000250000000003,0.048350446,0.13283718,-0.029535457,-0.17681435,-0.5380736,-0.20576398,-0.18645847,0.12667292,-0.16813976,0.026839722000000003,-0.030740008,-0.31368342,0.20561002,-0.31278253,0.07073301,0.10766201,0.10557571,-0.4018665,-0.17835717,-0.038781422999999995,-0.061528422,-0.31439412,0.03126181,0.013567163,-0.60158414,-0.13621919,0.19209117,-0.054792013,0.093760505,-0.08710824,0.36504766,-0.0069850482999999994,-0.28405040000000004,-0.21513844,-0.32331985,-0.035843457999999995,-0.46388936,0.0015315166000000001,0.29119605,-0.25129363,0.23729324,-0.22655547,0.14613736,0.24639207,0.11636264,-0.225582,-0.6831430000000001,0.34794697,-0.07503518,-0.32816824,-0.002608854,-0.2773302,0.10499696,-0.05285432,0.21364078,0.16855204,0.039024553999999996,-0.11513238,0.2654817,0.21196893,-0.061016582,0.16125691,-0.57173616,-0.08801459,-0.03658095,0.23339427,0.23746368,-0.02110916,0.0035688665,-0.40035775,-0.56971246,0.12507923,-0.49433744,0.090462185,-0.0038493715999999996,-0.28071862,-0.12525412,0.0035217042999999997,-0.4310678,-0.14930442,-0.04050973,0.055879015,0.24660201,0.42364183,0.24142806,-0.11775266,0.14716963,-0.123440854,0.18999664,0.16174644,0.004213004,-0.110327765,0.39124584,0.14274147,0.037699837,0.25385442,0.19021504,-0.019932278,0.32577938,-0.14841451,-0.54336244,-0.1578423,0.3342388,-0.4008542,-0.5175282999999999,0.38272998,0.45704415,-0.3394197,-0.09867007,0.22495656,-0.27470854,-0.3344809,-0.10206392,0.01810458,-0.013366117,0.6955244,0.06869153,0.21816605,0.3229526,-0.26996514,-0.23277932,0.15543729999999997,0.2550076,-0.30143818,0.30563805,-0.21334821,0.636335,-0.33561316,0.05340112,0.30997040000000003,0.1105897,0.12756468,-0.15401475,-0.30074870000000004,0.29366815,0.30773893,0.33437672,0.12692788,-0.00259119,0.26246762,0.28722509999999996,0.53532344,0.32300693,0.18165520000000002,0.25330263,-0.060413297000000005,-0.22269662,-0.02124303,0.23005363,0.17528132,0.12653996,-0.14736798,0.5127862,-0.009269695,-0.05759991,0.08843480000000001,-0.31340167,0.109095834,-0.057629712,0.3220795,-0.030837746,-0.10710188,0.09918593,0.09554974,0.31738654,-0.06778797,0.16221738,-0.086686835,0.33814877,0.18554091,-0.26850155,-0.27285454,0.15570843,-0.23650090000000001,-0.28305638,-0.53151506,-0.12758033,-0.28403965,-0.75460064,-0.06822226,-0.05831445,-0.32319865,-0.27781335,-0.020706283,-0.21159944,0.16053946,-0.16794331,0.09817959,-0.43318322,0.23643818,0.22952422,0.28221154,0.13659203,0.19113299,-0.13692297,-0.30932853,0.12890169,0.29444748,0.11664839,0.1400221,0.28089243,-0.20151395,0.3526472,0.12657304,0.3388098,-0.61899656,0.40276903,0.028863396,0.31608504,-0.12100245,-0.23866914,-0.41942614,0.36793393,-0.30593368,0.027944802999999997,0.16197403,0.24675108,-0.15759988,0.48655010000000004,0.08962158,0.3847006,-0.27788836,-0.077303894,0.24761052,0.27173814,0.118465036,-0.038376004,-0.13282831,-0.31158027,-0.06310843,-0.1842566,-0.27518985,0.11298284,0.013166281,0.13927089,0.048278984000000004,0.15148227,-0.118021816,-0.3697984,-0.30082121,0.038257867,-0.37855409999999995,-0.2666854,0.111697845,0.14699773,-0.24125631,-0.15601335,0.17743142,0.26636434,-0.09771382,-0.071794316,0.11259691,0.42828724
129,18,-0.20572855,-0.011728229,0.21526982,0.015226403000000001,0.053680547,-0.16308534,0.22297679,0.5017736,0.08637679,-0.37031245,0.2715195,-0.39640066,-0.02288865,0.25050604,-0.04720319,0.71309066,-0.0012229491000000001,-0.23990770000000003,-0.14122054,0.34907338,0.2853863,0.099952385,0.023799915,0.5459694,0.5279778,-0.14231503,-0.058165997000000004,-0.20502551,-0.1262472,-0.08754683,0.49586365,-0.011782691000000001,-0.23577392,-0.37361497,-0.116680555,-0.029072953,-0.30410394,-0.15367733,0.019772189,0.12187759,-0.72584426,-0.42392698,-0.14575666,0.15516882,-0.32189712,-0.23711221,0.08067912599999999,0.008507533000000001,0.12940052,-0.18877298,-0.20676468,-0.027834512000000002,-0.18636581,0.042965385999999994,0.045963712000000004,0.7540876999999999,0.030609397000000003,-0.42854887,-0.5520539000000001,-0.25450715,0.14042322,-0.17549862,-0.01757238,-0.5559573,0.24458791,0.36361465,0.048002683,0.48532978,-0.49070987,0.043587305,-0.36732718,-0.045571752,-0.15076007,0.08303644,-0.17350209,0.029749183,0.08627293,0.38377792,-0.28822909999999996,0.18273968,-0.35490677,0.33617199999999997,-0.5512599,0.2503116,0.18490393,-0.12153633,-0.03203404,0.046395265,-0.1585169,0.5935913,0.124799505,-0.47799686,0.08323454,0.045337262999999996,0.38514084,-0.20535117,0.23938839,0.15097320000000003,-0.07151379,0.5394405,0.19470489,-0.27828267,0.21482629,-0.38891345,-0.015227352,-0.19089806,0.29016215,-0.008776677,0.11658904,0.19275957,-0.06963036,-0.05998207,-0.2216234,-0.13960077,0.032593396000000004,-0.057194397,0.080213554,-0.08139668,0.35117066,0.28907675,-0.13399947,-0.043022983,0.087697126,0.47221568,-0.0052247453,-0.026221914,-0.20324336,0.23267147,-0.21496058,-0.23191401,0.26716745,0.15884568,0.25383407,-0.30952540000000006,-0.23736133,0.029442096,0.07420718,-0.19601533,-0.48450479999999996,0.03924359,-0.01889157,-0.29155466,0.51442313,-0.06476889999999999,-0.07922710000000001,-0.03828103,-0.26512659999999993,-0.3269581,-0.061581884,0.36797917,-0.021229396,-0.05445966,0.04235175,-0.218559,-0.011681621000000001,-0.1359656,-0.41055274,0.1329585,-0.015204546000000001,0.18617758,0.42425805,-0.17537472,0.12204667,0.33326966,0.32925117,-0.04085403,0.18630028,0.27375892,-0.21669552,0.004558762,-0.11338167,-0.13032217,0.76597375,-0.16079699,0.07906764,0.046793178,0.408868,-0.007133110400000001,0.34430459999999996,0.0592366,-0.68024397,0.24862336,0.009222455,-0.050834928,0.22184324,0.067137755,0.15517908,-0.047404494000000005,0.10902977,0.1493632,-0.25094575,-0.1705991,-0.17043382,-0.15741801,0.36896968,-0.45316482,0.0024377631,0.050090324000000006,-0.37935957,0.14032888,0.17772603,-0.15629946,0.26181757,0.30662704,-0.08544774,-0.13592029,0.22930233,-0.05376003,-0.0008041369,0.35095292,-0.27772453,0.40702602,-0.17086741,0.051541045,-0.061601847,0.21142733,0.33641452,-0.15009487,0.16714199,0.0045578879999999995,0.05233628,-0.0786908,-0.24122924,0.31879592,0.013953303,0.68776304,0.05555502,-0.44342762,0.24871658,0.2660411,-0.27519685,-0.25620937,0.506995,0.022895647,0.13576019,-0.102990925,-0.22794847,-0.13851872,0.065128565,-0.1463808,-0.29760247,0.45585608,0.11194973400000001,0.21841939999999999,0.1340501,0.11596293,-0.31835675,-0.18825550000000002,0.030553665,-0.23406447,-0.6010637,-0.28904954,-0.115072116,-0.5368736999999999,-0.21900408,-0.2639636,-0.3437066,-0.37770525,0.061379578,0.03784363,0.42917612,0.17915897,-0.06743499,0.06326903,-0.35922304,-0.20684022,-0.110615395,0.11190492,0.28891304,0.19787432,0.07599678,0.040129773,-0.009415204,0.64519894,-0.32142156,-0.016742045,0.14344724,0.0035615023,0.13797544,0.053458445,0.08701694,0.49203932,-0.44416797,0.20756583,-0.117624275,-0.13988687,0.0052570915,0.37417498,-0.19191989999999998,-0.40002948,0.041608866,0.06790349999999999,-0.32072055,-0.09270848,0.579498,-0.21234029999999998,0.15066475,0.035952628,0.042861033,-0.021934192999999998,-0.15443948,-0.17304906,0.28458548,0.35045803,-0.29914898,0.10642158,-0.04775867,-0.34953585,-4.069619,0.02323383,0.12062242599999999,-0.31623379999999995,0.20443453,0.082480915,0.082278565,-0.05043227,-0.38881278,-0.21779520000000002,-0.08811412,-0.30165952,0.13833918,0.11855275,0.22406794,0.22843935,-0.040307418,-0.049539577,-0.35301673,0.6015775,-0.07673769400000001,-0.27497652,0.18738292,0.022380842,0.39531618,0.24983224,-0.2714807,-0.042613607000000005,-0.24063441,0.053811856,0.19574443,-0.23289676,0.0020642845999999998,0.12559162,0.15802978,0.11846697,-0.07155617,-0.4686465,-0.20407549,-0.16279079999999999,-0.03197708,-0.65352017,0.011724611000000001,-0.31352803,0.7211924,-0.31923413,-0.14146295,-0.09579145,0.049705636,0.014250452,0.008884486,-0.009145786,-0.2998692,-0.1988281,-0.06119571,0.030970301000000002,0.43317106,0.47180682,-0.050160717,-0.4749232,0.11980926,-0.020238811000000002,-0.3893278,-0.36911723,-0.0074198074,-0.26284847,-0.16036335,-0.20037584,0.27974513,0.21817817,0.0024018261999999998,0.29048818,-0.39539337,-0.7226087,-0.07692847400000001,-0.0017726839000000002,0.027935691000000002,-0.23100409,0.1820006,0.028643535,-0.30794317,-0.28514472,-0.056482635,-0.09195443,-0.00018756992,-0.39345723,0.058137093,-0.35684243,-0.3951555,-0.41729805,0.19364156,0.26829478,-0.07126324,0.15800934,0.16623132,0.08277614400000001,0.32175374,-0.24387287,0.14111595,-0.19178371,0.44450608,-0.013962726000000002,0.49783233,-0.11429384,0.06299558,-0.017962916000000002,-0.36426184,0.27613288,0.15010008,-0.03832914,0.3619466,-0.38829172,0.39201042,-0.29525068,-0.27962753,-0.16635656,0.116372466,0.41808197,0.02184866,-0.11005536,-0.18966103,0.6814547,-0.38669536,-0.26405662,-0.95530015,0.014398593999999999,-0.20723353,0.08152182,-0.072523855,0.13460079,0.05784521,-0.238467,-0.37132823,0.38356912,-0.11240979,-0.045808195999999995,0.21056104,-0.37559485,0.0597831,-0.00540509,0.33760253,0.11377711,0.16345534,-0.13370575,-0.12628204,0.43157816,-0.08172533,-0.097586475,-0.29625234,0.26419318,-0.183505,-0.42401156,-0.04006832,-0.44036618,0.3329308,0.1346316,0.35679895,-0.23535661,-0.03722518,-0.36996415,0.338871,-0.10786849999999999,0.43030617,0.33959255,0.027373644,0.45087978,-0.12671869,-0.13996018,-0.038520474,-0.035554323,-0.46816638,-0.03639118,-0.20937243,-0.40252027,-0.04337445,0.6163164000000001,0.07798617,-0.14991808,-0.22285064,-0.016952945,-0.086121164,-0.036626086,-0.25478128,0.015381865,0.45541722,-0.00507199,0.23921014,-0.27506548,-0.0365846,0.23239985,-0.2671255,0.41035706,-0.05537113,0.038285993,-0.087439895,-0.080739714,0.30098984,-0.4086502,-0.14224759,-0.0036878998,0.35056767,0.0036701888,-0.29737088,0.19979158,0.043593905999999995,-0.19965945,0.16512547,0.094376974,-0.038961258,0.22183284,-0.23807798,-0.38624606,-0.27804482,-0.07140626,0.13218394,-0.45194438,-0.04153165,-0.027467959,-0.23114972,0.20141844,-0.099724375,-0.12988213,-0.06679963,-0.12960026,-0.6933894,-0.0016374560999999998,0.026699642000000003,-0.14967348,-0.2569414,-0.19291541,0.16485336,-0.8228095999999999,-0.09431762,0.14166068,-0.26507455,0.16292536,-0.09925693,-0.1674072,0.20619136,-0.20898463,-0.070728965,0.13192226,0.09582093,-0.56138813,0.19848949,0.040122945,-0.12307343,0.356331,-0.21064796,0.34075096,0.31788546,0.021466386,-0.12375836,-0.30813885,0.19056469,-0.37817153,-0.6449609000000001,0.038008634,-0.47208866,-0.03511702,-0.11921695,-0.27964390000000006,-0.15672636,-0.11145533,-0.02473817,-0.084803216,0.10411917,0.18836264,-0.03769131,-0.5925189000000001,0.032769542,-0.07054619,0.16501941,-0.08785496,-0.00090879004,0.10817464,-0.032966305,-0.334471,0.44696736,-0.536213,-0.0063555175,0.036637645,0.1510071,-0.124153554,0.26822057,-0.26810056,-0.121145755,0.18832286,-0.09849997,-0.044493433,0.1611309,0.11244096,-0.15780866,0.091958106,-0.034686033,0.0807096,0.68490404,0.04746958,0.22491398,0.12364157,0.1297858,-0.16878583,0.29242018,0.3165524,-0.20625964,0.28022173,0.18366937,-0.6556784000000001,0.27859184,0.13000944,-0.11738356,-0.14820965,0.64694554,0.31892943,-0.27067748,-0.43905875,0.24494599,-0.31490266,-0.24741179,0.040863756,0.14849572,0.11099593,0.7528909,-0.3329172,0.21387313,0.18223354,-0.40114698,-0.29780117,0.101273276,0.23824428,0.06672561,0.34923986,-0.47227785,0.42595747,-0.21821977,0.12245656,0.0838558,-0.12595175,0.30293223,0.15254708,-0.12994802,0.32409954,0.38327128,0.38683856,0.4016491,0.28169587,0.36493078,-0.1579506,0.6562737,0.46456772,0.12891813,0.3722862,-0.057460118,-0.25251514,0.031172982999999998,0.29160243,0.11902149999999999,0.31368682,-0.0745686,0.7027398,0.29037824,-0.18897514,0.38670516,-0.3025148,-0.15401335,0.03127192,0.20633079,-0.119536296,-0.05206497,0.04711455,-0.14046989999999998,0.19069263,-0.16252460000000002,-0.29771793,-0.44418696,0.530862,0.17032947,-0.1684349,-0.19929549,0.09613823,0.14010042,-0.09216606,-0.5645253,-0.16438846,-0.092127286,-0.55426455,0.015028399,0.21615343,-0.22718036,-0.37181494,-0.0037262772999999997,-0.16150081,0.17042418,-0.17817369,0.064657584,-0.39056972,0.45092848,0.19125402,0.46214294,0.084728636,0.082224295,-0.05571854,0.008346211999999999,0.29127422,0.10892193,0.20861635,-0.042815764000000006,0.38874435,-0.22760612,0.025648551000000002,0.1450194,0.24052244,-0.707577,0.0017483457000000001,-0.2876869,0.05273141,-0.054985492999999996,-0.06276944,-0.23142254,0.30704558,-0.49758279999999994,0.0025438254,-0.17378682,0.24285972,-0.21623033,0.12951288,0.21190988,0.33490437,-0.24219455,0.20605098,0.12817095,0.40062448,0.15805817,-0.17288224,0.017871685,-0.4032958,-0.20961967,-0.051929902,-0.16160211,0.10238606,0.17890039,0.13062404,-0.061607152000000005,0.057702735,0.37749612,-0.20353676,-0.050867483,-0.40871572,-0.25428322,-0.334437,-0.041874494,-0.20276843,-0.07896973,-0.22659749,-0.057244666,0.07570169,-0.11525832,-0.033358604,0.19335815,0.014742861000000001
130,5,-0.024110625,-0.026557496,0.36860836,-0.11001179999999999,0.073646314,-0.14572655,-0.06236047,0.8056283000000001,0.09399714,-0.28914818,0.40360203,-0.30771133,0.26631802,0.6051145,-0.033986006,0.40185094,0.038880054,-0.079534866,-0.08540916400000001,0.33500308,0.26991498,-0.21340911,0.0067170765,0.7646155,0.4670536,-0.20286207,-0.043781996,-0.18126042,-0.09440159,-0.11149005,0.674343,-0.011220527,-0.13939288,-0.24174318,0.11745915,-0.11465109999999999,-0.27471940000000006,-0.0104946755,-0.32221425,0.29778782,-0.7288842,-0.21011649999999998,0.14133307,-0.020516302,-0.4263065,-0.34045365,0.18224955,-0.31414598,0.22109051,-0.045344442,-0.28940794,-0.084044404,-0.42119104,-0.21742651,0.14447415,0.695774,-0.22957489999999997,-0.40833524,-1.0224434999999998,-0.25078478,0.39805984,-0.21139267,-0.24655044,-0.41010135,0.29467663,0.0275236,0.13933295,0.20445187,-0.5747923,-0.115816034,-0.3285973,-0.027907283999999997,-0.20606115,0.26620162,-0.42595008,0.07331274,-0.045902557999999996,0.381893,-0.06485344,-0.14195523,-0.38074926,0.4303795,-0.46139009999999997,0.595247,-0.08747196,0.39631382,0.017751716,0.24682893,-0.22797802,0.64735615,0.5102889,-0.45103037,-0.022885822000000004,-0.18459289999999998,0.18730842,-0.09817419999999999,0.43714046,0.06905278,-0.41235185,0.6610625,0.26652706,-0.28631356,0.025177012999999998,-0.23800656,0.15370198,-0.12872365,0.19273329,0.16553663,0.27686679999999997,0.26242719999999997,-0.025483047999999998,-0.27286744,-0.29669788,-0.3187199,-0.17054622,-0.06385779,0.0022551760000000002,-0.14232826,0.44075912,0.16148011,0.08512174,-0.19654929999999998,-0.024889112,0.92956835,0.13052109,-0.11576409,-0.44672349999999994,0.26822102,-0.3797331,-0.31701744,0.31309322,0.108260155,0.010292958,-0.6068191999999999,-0.29477,0.1696352,0.08192984,-0.3583854,-0.56771433,0.15693468,0.024895541,-0.23163912,0.5175867999999999,0.16088746,-0.10416309,0.022725532000000003,0.03145307,-0.16141106,-0.1403851,-0.03833594,-0.21590863,-0.26415396,-0.051516503,-0.3272625,-0.12045755,-0.0063647064000000005,-0.33438495,0.31330013,-0.15363376,0.031796735,0.49355045,-0.12516849,-0.11465477,0.42160553,0.39111885,0.34659,0.012048913,0.38074514,-0.3579308,0.24093458,-0.0045000915,-0.07258072,0.82839215,-0.26835182,0.044211682,-0.2356178,0.34422335,0.21211697,0.21660458,0.13592504,-0.43616465,0.25553104,-0.05150446,-0.015333156,0.26086918,-0.17217332,0.034874804,-0.18231459,0.19565147,-0.079406835,-0.34569323,-0.19633125,-0.31894490000000003,-0.2608084,0.22210982,-0.55813146,-0.13960439,0.01098924,-0.52791274,-0.0750475,0.16462822,0.039704565,0.28719053,0.24745567,-0.08146936,-0.33918875,0.33768114,-0.18687399,0.03222761,0.5710182,-0.08224158,0.5299642,0.019752057,0.021088858999999998,-0.00700952,0.021372257000000002,-0.06086397,-0.16873461,0.10018830000000001,-0.050376628,0.08020039999999999,0.13367909,-0.16479765,0.37157490000000004,0.06985084,0.5907138000000001,-0.20521574,-0.64052314,0.090190135,0.37780154,-0.053983007,-0.29173520000000003,0.7975469000000001,-0.14570108,0.0010897258,0.034203607999999996,-0.45439497,-0.50906324,0.015227741999999999,-0.24279515,-0.26325357,0.29869473,0.041933276,0.32366046,0.16853507,-0.020963581000000002,-0.23648699,-0.22980641,-0.04635602,-0.23625563,-0.5769326,-0.29331799999999997,0.11170274,-0.49033582,-0.023164801000000002,-0.33011532,-0.20530461,-0.53652525,-0.12524465,-0.0031589877,0.647187,0.19793017,-0.17216896,-0.07408132,-0.40789312,-0.36285159999999994,-0.15159795,0.25473115,0.12519579,0.24077341,0.109415144,-0.05007933,-0.061887044,0.8641908000000001,0.17807305,-0.05469335,0.20260276,0.003146047,0.19718315,-0.027462296,0.3024117,0.37243307,-0.20760272,-0.03733985,-0.008268448000000001,-0.31753772,-0.026356152999999997,0.32853895,-0.32521826,-0.35759446,0.07635301,-0.05377308,-0.48470765,-0.29713938,0.6073464,0.08446659,0.0051661464,0.20375596,0.18794711,-0.27758807,-0.30873427,0.057631865,0.45580462,0.24783914,-0.11403952,0.1628763,-0.1501411,-0.3802089,-3.6096792,-0.07825102,0.3355665,-0.39604965,0.2731228,0.10904852,0.07839423,-0.122210704,-0.39365488,-0.36899313,0.065622576,-0.26482123,0.1559757,0.26084998,0.45976052,0.22883923,0.1321664,-0.070672095,-0.08738913400000001,0.57450634,-0.06399569,-0.5780401999999999,0.35137895,-0.12749255,0.4725629,0.33779424,-0.23910491,-0.21405411,-0.16755901,0.037047000000000004,0.21401073,-0.31896332,0.01795031,0.053333264000000005,0.19666672,0.016927745,0.09424057599999999,-0.6497935,-0.19932644,-0.2252558,-0.117602,-0.7577978,-0.05442826,-0.1690669,0.96798253,-0.40611452,0.031735364,-0.0012809917999999998,-0.09989121599999999,0.21129662,0.2066158,0.040434815,-0.29183522,-0.47695714,-0.21008366,0.27770844,0.38017049999999997,0.7491876000000001,-0.26632828,-0.41128820000000005,-0.14814647,-0.18412265,-0.5952613,0.015807746,-0.004753366,-0.15984779999999998,-0.29178699999999996,-0.106326915,0.010731041,-0.008310422,0.10323302,0.23685819,-0.25883415,-0.49543115,-0.19329338,-0.11885624,0.0058830986,-0.17838153,0.24665703,-0.18926775,-0.15845248,-0.22992438,-0.032321695,-0.31414095,-0.11234646,-0.18202512,0.18754865,-0.28600994,-0.32267642,-0.62851006,0.26571079999999997,0.33477825,0.400239,0.4506203,0.25965434,-0.14346588,0.25810865,-0.22842252,-0.011276518999999999,-0.2432792,0.0634155,0.57194084,0.61274695,-0.04357893,0.19719923,-0.07963306,-0.30853790000000003,0.042020712,-0.058766387,-0.06817714,0.58522004,-0.5541724,0.6232181999999999,-0.045540117000000005,-0.46952727,-0.22369072,0.28570637,0.37807533,-0.035581138,-0.47676545,-0.040115673,0.49268165,-0.41272143,-0.34858593,-1.0150393,-0.07245349,-0.35703298,0.19732448,-0.28019384,0.013331394,-0.42541826,-0.2502294,-0.33978677,0.6195976,0.046748973,0.21336494,0.14140917,-0.8184958999999999,-0.040907162999999996,0.21091136,0.32226074,0.34252942,-0.057965605999999996,-0.11467283,-0.119095005,0.33035549999999997,-0.3535953,0.06575225,-0.105732635,0.17460614,-0.40221763,-0.18285319,-0.07516006,-0.44017836,0.05149412,0.11171763400000001,0.24934292,-0.014133703000000001,-0.04274209,-0.52336,0.1587608,0.22122784,0.19156647,0.33178404,-0.013972311000000001,0.6929973,0.13439761,-0.17150411,-0.00058532204,0.18035375,-0.63019985,0.07083925599999999,-0.17399909,-0.46272084,-0.16542804,0.7145255,-0.0038966222,-0.26073614,-0.21477512,0.21055758,0.112640515,-0.13285896,-0.12014644599999999,-0.055608317000000004,0.4753168,0.32379514,0.24983628,-0.32379186,0.17831498,0.11037775,-0.42942727,0.81984943,0.14179489999999997,-0.056297805,-0.29479158,-0.106978565,0.3141933,-0.5756906999999999,-0.0041216609999999996,0.04119124,0.44253770000000003,-0.08893007,0.18020537,0.28760388,-0.28526416,-0.20875990000000003,0.22242545,0.08356417,-0.023222782,0.14817181,-0.17758796,-0.28111053,-0.29047263,-0.0021060223,0.010023413,-0.2952708,0.12202686,-0.11553799,-0.42542344,0.52903664,-0.22491921,-0.14970125,0.29484877,0.13634232,-0.60674983,-0.24388601,0.24942654,0.13130741,-0.37607992,-0.33332482,-0.06977226,-0.8581544,0.04904402,0.043398093,-0.41180313,0.56875753,0.032047514,-0.5339491999999999,0.41742840000000003,-0.05026814,-0.25489090000000003,0.11332122,0.027692486000000002,-0.5401303000000001,0.15349467,0.26720557,0.053735502000000004,0.51053756,-0.24998511,0.5650826,0.09887398,0.18545681,0.06448882,-0.49237877,0.15564086,-0.5573696,-0.46644598,0.032153342,-0.48027778,-0.28127253,-0.19535679,-0.22877057,-0.38978368,-0.049732145,0.29612383,0.103649765,0.19573663,0.38148656,0.12548758,-0.46282792,0.18447809,0.021954448999999997,0.11279846,-0.3595997,0.20751143,0.13113911,-0.22691244,-0.5452029,0.72235364,-0.23483668,-0.38121697,-0.06032882,0.23229927,-0.33526740000000005,0.26603866,-0.17221695,-0.14152476,0.23093441,-0.2144151,0.012413005,0.28237745,0.0053438335,-0.13155901,-0.23233421,-0.10788802,0.04540272,0.7357315999999999,-0.2503706,0.27579415,0.32605457,0.03504755,-0.16817771,0.12855189,0.20052497,-0.48739305,0.36514664,0.22251545,-0.62641805,0.38293812,0.0818367,-0.41833059999999994,-0.4059981,0.7686579000000001,0.39195487,-0.18953492,-0.49288896,0.027707994,-0.31263962,-0.07481775,0.05945127,0.09896323,0.055853684,0.686609,-0.23273881,0.13022797,0.08005664,-0.25148502,-0.2785884,-0.0777538,0.25043000000000004,-0.12829791,0.31745055,-0.48377120000000007,0.4174162,-0.02069966,0.0005134722,-0.04895852,0.03460124,0.11617809999999999,0.07870918,-0.06712093,0.16287369,0.430158,0.44781768,0.44758612,0.32171234,0.15258601,0.07880584,0.6551451,0.37524125,0.2637433,0.5969879,-0.003678645,-0.41023487,0.072067685,0.36705056,0.23059234,0.41572624,-0.027494214,1.0498573,0.119454205,0.16328861,0.49167390000000005,-0.45990870000000006,-0.24179116,0.16302307,0.27674285,-0.34481767,-0.44400668,0.018731236000000002,-0.21106547,-0.031428747,-0.24876808,-0.3115912,-0.55984676,0.46083832,-0.09809078,-0.089541025,-0.007933203,0.07558626,0.08673039,-0.057862442,-0.5574044,-0.1847169,-0.26655525,-0.53789735,-0.057657167,-0.13473342,-0.33935553,-0.31158677,0.020118622,0.06149948,0.2550925,-0.060404792,0.11299443,-0.4914307,0.43882778,0.07511824,0.6057654,0.026391292,0.07167179,-0.25920916,-0.05822195,0.34098229999999996,0.28134468,0.18604822,0.017237796,0.37548822,-0.21008463,0.068877205,-0.076039895,0.5735241999999999,-0.8029476999999999,0.28135034,-0.27890915,-0.08399309,0.03182619,0.33925804,-0.25332686,0.43462273,-0.3410202,-0.028319623,0.109180935,0.08314771,-0.24763955,-0.015457873,-0.018968298999999997,0.26542965,-0.25485176,-0.08085627,0.08592501,0.37581953,0.15629174,-0.08216578,-0.18684800000000001,-0.35633466,-0.32116598,-0.038672257,-0.23614514,0.28143173,0.39956440000000004,0.33211082,-0.031724103,-0.4327156,0.99847484,-0.15344766,-0.21493159,-0.19156143,-0.17035885,-0.64584345,-0.19253111,-0.13978036,0.26462814,-0.36248815,0.028220512000000003,-0.22542237,0.032225247,-0.45107309999999995,0.22654210000000002,-0.19823466
131,0,0.19458458,-0.3508217,-0.09994832,-0.18554994,0.12981549,-0.20791711,-0.26627629999999997,0.5363435000000001,-0.026764426,-0.09354432,0.02186088,-0.40393338,-0.03479126,0.56337744,-0.19398594,0.40587878,-0.11999439,-0.1290161,-0.31743705,0.07074166,0.18399784,-0.04854835,0.18336856,0.47123876,0.53408974,-0.20510466,-0.12784885,0.050709747,-0.049401533,0.00020259618999999998,0.2167759,0.25274646,-0.24803646,-0.32232925,-0.06289333,-0.057564035,-0.0054799374,-0.09847713,-0.48417914,0.37626982,-0.68049985,-0.12670973,-0.010633159,0.13910258,0.10106894,-0.18527888,-0.11176916,-0.11523463,-0.11428152,-0.17523060000000001,-0.40665886,0.11887959,-0.0038381757,-0.085278675,0.25574157,0.594472,-0.28564593,-0.45921543,-0.28664973,-0.11358186,0.31844240000000007,-0.23631832,0.1597584,-0.45225266,0.25922215,0.34473038,-0.0032535915000000003,0.2287013,-0.6457554,0.27963135,-0.34191376,-0.12885061,-0.16255838,-0.34427035,0.10403904,0.22031038,-0.0016013830999999999,0.4325354,-0.23371911,0.29043385,-0.35172072,0.28721842,-0.13623177,0.35993809,0.29360554,0.032994643,-0.20673959,-0.21164393,-0.004642826,0.77220523,-0.39413607,-0.1422566,-0.17851199,0.27618295,0.53291285,-0.49338832,0.44032118,0.14570294,-0.19225343,0.67558837,0.017324973,-0.36532137,0.039034978,-0.12742156,-0.084921494,-0.13511722,-0.0011773942,-0.1273901,0.083226115,-0.16771893,0.18291366,-0.09556115,0.23171346,-0.04557658,-0.13975784,0.5871394,0.10347671,-0.038885478,-0.06009243,0.29971853,-0.05104149,0.11578238,-0.040248286,0.7104914000000001,-0.00052192144,0.25556386,0.35906112,0.4278447,-0.004406669,-0.36822096,0.19373433,0.16264857,0.11524006,-0.26270694,-0.18185145,-0.0064626834,0.11952461,-0.4614652,-0.3384167,0.18942434,0.31738362,-0.09249744,0.30738744,-0.058881734000000005,0.46892297,0.02850561,-0.02773976,-0.14828654,0.5340606999999999,0.04191625,-0.08895472,-0.10108471,-0.22773939999999998,0.028788209,0.04219132,-0.17180085,-0.0874034,0.3078816,0.3904154,0.17497112,0.29816329999999996,-0.19989714,0.25423974,0.062154584000000006,0.040525623,0.0040912926,0.100106746,-2.2110013e-05,-0.30150488,0.2157021,-0.34041464,-0.37388045,0.43311012,-0.42669022,0.053400174,0.31357470000000004,0.17108816,-0.03135847,0.33314005,-0.13483612,-0.87605304,0.3825805,0.30328979999999994,-0.25899136,0.6130264,-0.28902796,0.24887991,-0.21423267,0.27077428,0.19075479999999997,-0.022575968999999998,-0.20677024,-0.33960998,-0.1748595,0.05914643,-0.5136653,-0.34000123,-0.091967545,-0.31965008,0.16458933,-0.047273558,0.16278723,0.03112515,-0.09650347,-0.098684065,0.33959883,-0.0656148,-0.17028286,-0.07577173,0.5971645999999999,-0.38726309999999997,0.6322219,-0.01960516,-0.016737811000000002,-0.052360628,0.08867888,0.32301635,-0.02843807,-0.1346374,-0.004881003,0.070291646,-0.27119172,-0.34239559999999997,0.2983369,0.06709082,0.8780514000000001,-0.27188587,-0.19217981,0.37467945,0.3854421,0.011571007,0.07437405,0.6055617,-0.05044314,0.16037096,-0.13644610000000001,-0.39193457,-0.12308044,0.37620154,-0.00038387379999999996,-0.33589795,0.48585594,0.3249072,0.053395495,0.09698413,0.023669276,-0.16727072,0.08019026,-0.11170134,-0.31483272,-0.7743372,-0.5607765,-0.29450005,-0.42471066,-0.18289343,-0.20405298,-0.03783086,0.28929478,0.21308167,0.37054699999999996,0.49755228,0.44098770000000004,-0.13314323,0.39160147,-0.5705427,-0.32576272,0.07641332599999999,0.1711221,0.26063070000000005,0.23299895,-0.058860224,-0.358825,0.08719993,0.5105983000000001,-0.22208717,-0.25803268,0.3455457,0.23761766,-0.06444276,0.27081350000000004,0.3974866,0.6607576000000001,-0.23244545,0.24737014,-0.2893168,-0.35884340000000003,0.14364129999999997,0.193707,-0.048386198,-0.33180570000000004,0.15990625,0.15187857,-0.26276857,-0.20152473,0.35418504,0.0687309,0.40911496,0.24361403,-0.01592664,-0.14356183,0.02131138,-0.14222449,-0.06592079,0.30561605,-0.06590036,0.089378014,0.08701152,-0.8559318000000001,-3.4147003,-0.44456938,0.029605367999999996,-0.22021295,0.16036788,-0.17994776,-0.06908461,-0.116819516,-0.6149960999999999,-0.2111433,-0.14116102,-0.32227680000000003,0.34208807,0.10146426,0.05912023,0.20944668,-0.08407607,-0.12489837,0.070113875,0.56430316,-0.4779454000000001,-0.40623059999999994,0.008300532,0.1319247,0.17194706,0.36136925,-0.33670643,0.19110824,-0.4973438,-0.2662093,-0.18113041,-0.39445537,0.042190215999999996,0.26980677,-0.15165253,-0.05599881,-0.088749565,-0.1120137,0.11355048,0.11622785,0.24812524,0.03257942,0.4552634,-0.10227296,0.82383674,-0.26150239999999997,-0.47977173,-0.4992242,-0.09859922,-0.03637163,0.27435529999999997,-0.004372041,0.07767130400000001,-0.20200378,-0.054907903,0.12031971,0.09812997,0.18841363,0.08328109,-0.29633382,0.3018108,-0.24208628,-0.07653728,-0.1945601,-0.08684739,-0.3593241,-0.36984453,-0.08469927,0.3023951,0.13335854,-0.024540193,0.5163837,-0.38485549999999996,-1.0427790000000001,-0.43711936,-0.30775285,0.11555333,0.12834859,0.337108,-0.3482665,-0.5507605,-0.60304546,0.055683773,-0.18747658,0.14155151,-0.40353690000000003,0.0020193143,-0.21429747,-0.21887350000000003,-0.30395370000000005,0.08044959,0.5261357,0.14593025,0.5052066,0.17800961,-0.024904787999999997,0.17182395,-0.06513178,0.3170666,-0.020581784,0.47170484,-0.074354924,0.61446995,-0.44308197,-0.046979703,0.46243006,-0.41971909999999996,0.06743869,0.07419141,0.21953683,-0.08122118,-0.68678564,0.24084078,-0.4958874,-0.38828334,0.11093556,-0.031901684,0.33984694,0.06461097,0.04396341,-0.2807137,0.5857029,0.007928131,-0.51014954,-0.31386414,-0.14064617,-0.3287097,0.19100565,-0.012460203999999999,-0.15135868,-0.2693889,0.0028564008,-0.03209112,0.22675626,0.07307346,-0.21660931,-0.24137565,-0.31726947,-0.06759372,0.29388365,0.17827055,0.6151345,-0.103864394,0.09170614,0.12950335,0.24753454,0.17354634,-0.29823506,-0.054363295,0.09319462,-0.26072928,-0.34746805,-0.1320818,-0.13873369,0.03199617,-0.30938563,0.6833505,-0.088586204,-0.26336220000000005,0.12706847,0.15060431,0.11739719,0.17004728,0.100031525,-0.055571973,0.25259086,0.028606977000000002,-0.21792185,-0.15412636,0.041844275,-0.41255093,0.19107027,0.10485404,-0.19732364,-0.064941086,0.36826190000000003,0.08758446,-0.31489533,-0.10903084,0.20430632,-0.06537435,-0.0024198825,-0.1514036,0.21942207,0.60997283,0.30024883,0.52836823,-0.08687881,-0.14900915,0.19870475,-0.3686138,0.21335642,-0.23863551,-0.22791195,-0.37524688,-0.40899768,0.20934084,-0.5523128,-0.1437019,0.19096470000000001,0.090424985,0.28229353,-0.22240132,0.26262644,-0.07390045,-0.19586593,-0.25814205,0.27770459999999997,0.16887599,0.20383336,-0.69919115,-0.31452438,0.11319179,-0.3997425,0.22518958,0.021009307,-0.061701875,-0.19371302,-0.09021710000000001,0.20224048,-0.10905986,-0.3172693,0.1825059,-0.13104683,-0.47250699999999995,0.22451843,0.15056512,0.16889398,-0.5519236999999999,-0.02539261,-0.13000208,-0.64640635,0.27411923,0.13050763,-0.08188797,-0.24413532,-0.07908624,-0.25538647,-0.21655037,-0.14885382,-0.009704708000000001,-0.34263787,-0.044796865,-0.41353533,0.19375797,-0.19880617,-0.031352982,0.22455236,-0.20247628,0.29021946,0.16444460000000002,-0.094092235,-0.29763362,-0.5754024999999999,-0.026582591000000003,-0.44693512,-0.34200865,-0.32751134,-0.43016285,-0.04499725,-0.33459005,-0.22519872,-0.09888188,0.09083385,0.0018479823999999999,-0.018859452,0.09325207,0.29579026,0.10931067,-0.26939154,0.08552438,-0.24301246,-0.08237359,0.15672599,-0.3651447,-0.08907452,-0.1609346,-0.3967162,0.040235545,-0.5814678000000001,-0.020672493,0.3579319,-0.16427958,0.061595015,0.35378525,-0.27002957,-0.36139408,0.2793173,-0.10433006,0.05729733,-0.08944006,0.23393832,0.029841892000000002,0.20837003,0.12049413,0.13820653,0.58799374,-0.046200257,-0.15762836,0.050658777,0.06008494599999999,-0.14480026,0.019546384,0.536845,-0.09979608,0.17353004,-0.08171754,-0.44925532,0.3677112,0.100469574,-0.105735146,-0.68467844,0.29948267,0.6567374,-0.13870528,-0.1329026,-0.02168333,-0.1938715,-0.22285731,-0.17736982,0.011187714,-0.054137487000000005,0.21412438,-0.06961305,0.08103288,0.31594515,-0.43499947,-0.49680117,-0.14674546,0.08027783,-0.15213731,0.8454254999999999,-0.28980753,0.14001304,-0.0031981368,-0.14398462,0.19946714,-0.18347992,0.13548155,0.08081273,0.3039354,0.20917761,0.17487124,0.28360525,0.07592682,0.14728218,0.37117326,0.34031498,0.58639735,0.58162445,0.102206595,0.3940686,0.044541493,-0.41441965,-0.05417113,0.13002878,-0.026237552999999997,0.20350626,-0.033285435,0.4883862,-0.074976034,-0.17084615,0.24933992,-0.8928073000000001,-0.09107132,0.27720693,0.0010020754,-0.6597729999999999,0.019702599999999997,0.038956393,0.014809491000000001,0.06489463,-0.21599813,0.20372324,-0.17373548,0.16447757,-0.14703645,0.22952788,0.0951817,0.18357120000000002,0.36415857,-0.115055986,-0.47006592,0.062180646,-0.17978732,-0.60239536,0.018242214,0.21508259,-0.0995557,-0.33256529999999995,-0.111764036,-0.23909658,0.28646788,0.36297414,0.34248912,-0.24807055,0.56957453,0.45167732,0.38056844,-0.04401434,0.24527025,-0.40652955,0.12204218,0.14728959,0.18245013,0.03567806,-0.06282895,-0.013771887,-0.6824489,-0.22852755,0.48746055,0.4703164000000001,-0.9373883,0.0119456975,-0.43443507,0.3426256,-0.10015319,-0.13946085,-0.07920862,-0.10319289599999999,-0.392108,-0.3388692,-0.22515565,0.31385717,-0.01189036,0.11009472,0.11276143,0.31972417,0.014621941000000001,0.21691467,0.3332833,0.32628998,0.48729828,-0.3462284,0.30491403,-0.5806439,0.36382443,-0.03661303,-0.22714570000000003,-0.573919,0.19328897,0.16942953,0.015673198,0.02739549,-0.02818696,0.13498718,-0.15139,-0.57742167,-0.20319802,-0.24327946,-0.20209719,-0.05052769,-0.08006036,-0.42013678,-0.20527329,0.2587066,0.07694897,-0.050078372999999995,0.18861811,0.14907119
132,7,-0.015052235,0.10083491,0.29735002,-0.04195126,0.20228314,-0.22638598,-0.03237142,0.6666834,-0.06863108,-0.42623675,0.23311676,-0.23666261,-0.0038465187,0.2693204,-0.1189182,0.45712715,-0.0061757388,-0.07112811,-0.0565567,0.43321323,0.30358228,0.0009102316699999999,0.09630871,0.5505855,0.4027245,-0.13427997,0.014558593,0.0010035324,-0.0715797,-0.08716843,0.5101153,-0.049592834,-0.22210586,-0.12327876,0.055524147999999995,-0.08764454,-0.2900213,-0.045871958,-0.10091272,0.03277284,-0.60645324,-0.15216574,-0.098261245,-0.056129772,-0.39501166,-0.28318742,0.08370839999999999,-0.15558755,0.007819486,-0.032187536,-0.41293928,-0.007393733,-0.31097165,-0.012921087,0.24556522,0.6225498,0.11461537,-0.28823602,-0.68992406,-0.13554709,0.30997995,-0.045367397000000004,0.028328862000000003,-0.4458235,0.25464183,-0.039080013,0.036712762,0.19225068,-0.72582686,-0.0015423354999999999,-0.31870246,-0.18635325,-0.41438050000000004,0.18822612,-0.33229309999999995,0.018664187,-0.15266214,0.35806927,-0.02787182,0.010423379,-0.22286281,0.28727272,-0.44439247,0.29217714,0.08981494,0.14697355,0.050375123,0.25665236,-0.36421359999999997,0.5908508000000001,0.44481584,-0.44186574,0.13187237,0.058631875,0.20932995,-0.003986041,0.46246272,0.12391738,-0.16726106,0.49730197,0.2579276,-0.20649324,-0.00053119834,-0.48975799999999997,0.15365778,-0.23453423,0.34224766,0.12057408,-0.015207299999999998,0.22249241,-0.22273305,-0.23097055,-0.15434296,-0.13110852,-0.041153867000000004,-0.10222468,-0.05631181,0.17156754,0.43193692,0.29099718,0.0025998838,-0.012388191000000002,-0.05864513,0.71761966,-0.014202069,-0.08228012,-0.46328124,0.42141494,-0.2501986,-0.29009253,0.26746082,0.14290379999999997,-0.035932392,-0.4137084,-0.36587256,0.05076678,0.118968986,-0.26359376,-0.36168376,-0.14966951,0.08078035,-0.3683872,0.469046,0.06595432,-0.091215886,0.06948983,-0.24334767,-0.16370793,0.0376904,0.13196947,-0.13061321,0.024669435,-0.027981235,-0.23938823,-0.05706919,-0.15669112,-0.28848258,0.35747325,-0.10458585,0.0486905,0.28815240000000003,-0.34982002,-0.0075595294999999995,0.34041062,0.27419817,-0.04095532,0.16031499,0.3275818,-0.29013708,0.10424819,-0.01453788,-0.054891552999999996,0.86074144,-0.12747213,0.10695527,-0.042773403,0.09658574,0.2052373,0.31319007,0.13080369,-0.56656694,0.23375143,0.030752819,-0.10924736,0.31981587,-0.1436218,0.19418703,-0.17948744,0.17578349,0.08506095400000001,-0.28791156,-0.21762764,-0.20909517,-0.2510268,0.16970676,-0.6294006999999999,-0.13308793,-0.27187273,-0.30951226,0.07093694,-0.00043389370000000005,-0.011456283000000001,0.36159936,0.111633524,0.035236012000000004,-0.13419643,0.14846225,-0.04401422,-0.16916315,0.39743084,-0.02694018,0.27841014,0.0009714489,-0.18988037,-0.026169347000000003,-0.038985,-0.0023786447,-0.20318654,0.32655606,0.12338339,0.26754773,-0.0070289588,-0.17958789,0.46276274,0.09185002,0.50250524,0.06373081,-0.6224189,0.2423742,0.5073979999999999,-0.24641861,-0.3346274,0.8454008,-0.05256163,-0.039038982,0.04382505,-0.2949333,-0.27527270000000004,0.09987376,-0.047040254000000004,-0.30893227,0.51543903,-0.060205385,0.24402039,0.25614467,-0.006345976999999999,-0.27484408,-0.3544894,-0.14952111,-0.18588425,-0.63170105,-0.27743712,0.08253039,-0.46553409999999995,-0.17254370000000002,-0.45377436,-0.26747170000000003,-0.3255051,-0.15507181,0.03143364,0.41669747,0.25187105,-0.17146556,0.04090661,-0.38069552,-0.38910663,-0.13657759,0.30519405,0.23024969,0.1739332,0.12935188,-0.013364688000000001,0.0573105,0.5742038,-0.034702994,-0.10356942599999999,0.31066692,0.20041648,0.12249160000000002,-0.18099968,0.11340062,0.43543622,-0.14645515,0.050163373,-0.016978756,-0.13569133,0.08343075,0.18731694,-0.18362637,-0.28808817,0.039668225,-0.06739644,-0.5211979,-0.326079,0.51402986,-0.023325194,0.15155299,0.11072576,0.295688,-0.15527798,0.01997091,0.07310425,0.39558315,0.25497222,-0.2843375,0.07954213,-0.191295,-0.30755576,-4.189997,-0.20258549,-0.00771444,-0.43233156,0.18646304,-0.14317504,0.17593898,-0.13259123,-0.40071803,-0.3338633,-0.002256255,-0.3993997,0.13054955,0.13065696,0.24878874,0.29903457,0.2506973,-0.057462215,-0.10586487,0.5470891,-0.13988005,-0.37641478,0.35620785,-0.055184767,0.22823851,0.28717285,-0.26520842,-0.035015307,-0.21156679999999997,-0.08699642,-0.0930592,-0.15636945,-0.13286388,0.074815676,0.26977617,-0.16740339999999998,0.01250455,-0.45853075,-0.14418413,-0.17393255,0.0105114635,-0.41714537,0.08761659,-0.06766369,0.7931756999999999,-0.30810645,-0.15133274,0.017729716,-0.052554745,0.30283794,0.14639045,0.13570234,-0.28091422,-0.36437237,-0.015341708,-0.06208769,0.40640628,0.59732234,-0.27018297,-0.27509937,0.072693765,0.07235671,-0.51316005,-0.21674505,-0.00899094,-0.10310463,-0.45618420000000004,-0.09496749,0.26546848,-0.15502328,-0.0055296943000000005,0.37608108,-0.33468217,-0.6764460999999999,-0.16658776,-0.012015534,0.16163329999999998,-0.10035969,0.16124082,-0.15517421,-0.28316729999999996,-0.13664496,0.08488461,-0.14414227,-0.059146248,-0.44469140000000007,0.12470852,-0.29761508,-0.4175125,-0.40625677,0.19433129,0.24904054,0.30118006,0.27990267,0.306161,-0.09257793,0.28169572,-0.09620186,-0.0626385,-0.28305164,0.51350296,0.11637463,0.31197070000000005,-0.008836206999999999,0.29129818,0.013629354,-0.23855215,0.12801769999999998,0.33951768,-0.2149965,0.4911683,-0.45435816,0.44166753,-0.24870567,-0.36016998,-0.36640346,0.18737093,0.33054927,-0.16572191,-0.37049404,-0.13792397,0.5217189999999999,-0.30385357,-0.41300327,-0.9198206,-0.037226498,-0.3133053,0.08599730000000001,-0.2861876,0.15694153,-0.17577378,-0.09809208,-0.12572078,0.39226994,-0.013602093999999999,0.029382821,0.10704984,-0.3895442,-0.039921775,-0.08769216,0.34088263,0.23521227,0.17694649999999998,-0.056340706,-0.17890605,0.29821643,-0.19762291,0.039002337000000005,-0.10783575,0.14255331,-0.10719392400000001,-0.49571124,-0.050885007,-0.32980278,0.19932634,0.09262651,0.29755697,-0.062734865,-0.005315669,-0.50211114,0.29012677,0.055581625999999995,0.099279195,0.38046008,0.08862941,0.68736106,0.056594368,-0.13321204,-0.028617376,-0.07412929,-0.36542797,-0.1237673,-0.29540172,-0.60147786,-0.041747797,0.6082326,-0.0056738504,-0.2485953,-0.2047639,0.13425079,0.0049307165000000005,-0.18743284,-0.29027328,-0.020505875,0.37758663,0.30409202,0.23258461,-0.37049866,0.10559862,0.12231575,-0.35810667,0.5816956,0.060912232999999996,0.012885097,-0.042353407,-0.14157619,0.4839388,-0.44987503,-0.100828834,-0.016839556000000002,0.43275267,-0.029027274,0.0077058026000000005,0.21312536,-0.11717824,-0.13688113,0.17651760000000002,0.33971897,0.16203894,0.18017513,-0.36177137,-0.40898454,-0.46194079999999993,-0.037363164,0.094450906,-0.48256229999999994,0.069584645,-0.13359901,-0.40094692,0.41644767,-0.16370273,-0.19315961,0.15773809,0.13985966,-0.51128894,-0.18041235,0.19310734,0.028033556,-0.27774227,-0.2849777,-0.049850099999999994,-0.72326046,0.15630986,0.15197209,-0.22796349,0.31746346,-0.0421804,-0.25038920000000003,0.09696792,-0.12737139,-0.29742092,0.16903110000000002,-0.019055700000000002,-0.5438223000000001,0.12239121,0.18350482,-0.085581146,0.25644320000000004,-0.53835577,0.37405409999999994,0.12715805,0.12187144,-0.13984577,-0.32434085,0.13540635,-0.45704478,-0.5720544,-0.11590287,-0.3336055,-0.18439361,-0.051808852999999995,-0.25134120000000004,-0.036964517,-0.28890875,0.082382165,-0.011140104,-0.053980973,-0.02317546,0.006336384499999999,-0.5586827,0.22586498,-0.17156656,0.08424052,-0.10070522,0.22692484,0.0753614,-0.14719544,-0.38396567,0.57397836,-0.2944696,-0.12697475,-0.19050203,0.34237704,-0.21735415,0.2484652,-0.2680804,-0.15179996,0.15878,-0.06426224,-0.05618698,0.32023856,0.027723124,-0.17168150000000001,0.10582108,-0.038487926,0.04160689,0.64276564,-0.26584840000000004,0.36375636,0.28821087,0.17751622,0.08178392,0.30148914,0.23737568,-0.21706268,0.3114106,0.21796864,-0.48201013,0.36545876,0.017972853,-0.15287563,-0.35788390000000003,0.6583528000000001,0.47454129999999994,-0.23834673,-0.40694728,0.119156145,-0.1462156,0.036319748,-0.055835444000000005,0.07262648,-0.014008778000000001,0.6013987,-0.08992544,0.30261034,0.15858945,-0.38288727,-0.2550887,0.016212386999999998,0.28113186,0.13111374,0.33951220000000004,-0.27399254,0.41272650000000005,0.02004953,0.051280793,-0.042101964000000006,0.044476796,0.08144589999999999,0.17574379,-0.09208072,0.09809198,0.3801854,0.46176782,0.33882767,0.29765823,0.13639121,-0.045169022,0.57218194,0.48017624,0.286171,0.44818652,0.022769626,-0.11558353,0.0880018,0.2838402,0.2182502,0.32019845,-0.04100066,0.81049293,0.3178647,0.0889664,0.2736,-0.5337231,-0.1446616,0.20544524,0.20926715,-0.40177405,-0.20695822,0.041112743,-0.24279405,0.044740126,-0.19145645,-0.17306414,-0.4484379,0.4539433,0.064734474,-0.17502402,-0.0788697,0.11168144,0.16279419,0.13912020000000003,-0.4592853,-0.16160266,-0.17912252,-0.52630836,-0.1488306,0.14413497,-0.2924487,-0.2504176,0.15600328,0.056107267999999995,-0.049898434000000005,-0.21367633,0.13746572,-0.34045565,0.47247429999999996,0.2712915,0.43101916,0.07283314,0.08369648,-0.15672337,0.029184032000000002,0.22617708,0.2861154,0.16941191,-0.12381352,0.38822654,-0.31710732,-0.040025998,0.07446794,0.29093993,-0.63618433,0.11475161,-0.19340847,0.056054622,-0.012799485,0.08075053,-0.22169146,0.2770382,-0.2646268,-0.31087659999999995,0.04768614,-0.08100775,-0.09624544,-0.07062209,0.118215606,0.46002814,-0.37625155,0.11611199400000001,0.117923714,0.17647333,0.26741803,-0.027228419,-0.1918338,-0.36209923,-0.17032678,-0.082730815,-0.29537034,0.09977959,0.24494804,0.19973548,-0.12542641,-0.24045724,0.56624043,-0.1622969,-0.15037507,-0.17199987,-0.25294372,-0.30741665,-0.16336705,-0.015265322,0.095232956,-0.22788896,-0.0035580762,0.061298408,-0.07270019999999999,-0.33353683,0.30938214,0.0069670719999999995
133,7,-0.08780824,-0.004415505,0.15173620000000002,0.059664067,0.21717447,-0.31025820000000004,0.11484606,0.58534855,0.072148904,-0.311212,0.48371136,-0.39489558,0.061746243,0.65437704,-0.35528013,0.56009376,0.033850983,-0.072832204,0.10402901,0.29287288,0.11903271,0.09574527,0.023110284,0.79668415,0.29698557,-0.09523477,0.015184399,0.41871005,-0.08188686,0.11550833,0.52114034,-0.0069528306,-0.39262646,-0.30102775,-0.058261565999999994,-0.13148615,-0.37635672,-0.117958,-0.23826401,0.08458615,-0.66633075,-0.12721519,0.08030607,0.16784498,-0.55950016,-0.15777177,0.10414581,-0.3961364,-0.006865527,0.059458800000000006,-0.37451985,0.13495585,-0.58223593,-0.07137299,0.41256884,0.87168056,0.061507132,-0.3866883,-0.7330733,-0.24988887,0.46047659999999996,0.23919852,-0.04386834,-0.70213467,0.374818,-0.06921916,-0.042407103,0.295941,-0.84199935,0.14708117,-0.5944621999999999,-0.06528883,-0.38669497,0.31974009999999997,-0.3972217,-0.07192016400000001,-0.2949243,0.062559634,-0.025009295,-0.28660873,-0.25851363,0.48416856,-0.39032698,0.14630112,0.16956729,0.31627768,0.12643126,0.097001486,-0.42602363,0.65684503,0.44446462,-0.40692526,0.28618866,-0.0048191794,0.23571698,-0.23948979999999997,0.72612226,0.055732183,-0.08148902,0.8070041,0.20873985,-0.38184977,-0.06973544,-0.20883434,0.20669389999999999,-0.14006835,0.29823118,0.36410502,0.17022666,0.6265983,-0.06036841,-0.24814238,-0.15306942,0.07973148,-0.21098593,-0.17891003,-0.09907937,0.15926519,0.31267990000000007,0.30188394,0.062059827000000005,-0.050691254000000005,0.43470174,0.95919514,0.12651336,-0.18852566,-0.25402835,0.462815,-0.060337487999999995,-0.35195112,0.107591905,0.35626042,0.07617119,-0.7413996999999999,-0.46219876,0.19455102,0.11628124,-0.3778538,-0.92253125,-0.043784387,-0.09952657,-0.2366489,0.71329975,-0.0010350588,0.20645429,-0.007018157,-0.01415089,0.04184809,0.052563965,0.03884169,0.03711702,0.18314928,-0.1511566,-0.4090741,-0.14832193,-0.23622654,-0.37491763,0.8174106,-0.05681821,0.06460065400000001,0.25330317,-0.41185105,-0.0032134053999999996,0.22004496,-0.32257813,-0.06887906,0.0760003,0.44083646,-0.35213202,0.18224210000000002,-0.017180907,-0.12671508,0.7520616,-0.23411918,0.0109074395,-0.44814184,0.18760553,0.21673806,0.24176961,0.11672474,-0.6746489,0.38249302,0.011510548999999998,-0.26895094,0.11124824,-0.144825,0.202897,-0.28598803,0.16136286,-0.10961054,-0.32371905,-0.25699008,-0.1186595,-0.28806254,0.120610766,-0.17241614,-0.082440905,-0.091008104,-0.6670935,0.13524984,0.009550873,0.10881971,0.13057807,0.015243952,-0.02983087,0.0054527726,0.16281764,-0.07950501,-0.031169336000000002,0.46728924,-0.074333355,0.29985264,0.08663638,-0.22601089,-0.17158964,-0.07259862,-0.26318622,0.14068696,0.07121061,-0.026118686000000002,0.12879394,0.042628784,-0.40772521,0.36998507,0.051629517,0.33306090000000005,-0.28542107,-0.6817064,0.2409808,0.8161986999999999,0.01657005,-0.2711763,0.86491746,-0.14190464,-0.16042182,0.02014595,-0.47739834,-0.045646007999999995,0.10242306400000001,-0.21877201,-0.6230100000000001,0.52540165,0.21654770000000004,0.25360066,0.38478774,0.04617493,-0.38948968,-0.40175718,-0.4098209,-0.24976689,-0.6004430000000001,-0.5438469,0.10138523599999999,-0.6049109,-0.32544693,-0.27783614,-0.36785059999999997,-0.3189511,-0.20751816,-0.18593724,0.58958894,0.051447824,-0.31575122,-0.015081168999999998,-0.52071005,-0.44235805,-0.29146406,0.33654359999999994,0.35905427,0.0990337,0.035644274,-0.41812962,0.075257905,0.6866258000000001,-0.16031282,-0.12987162,0.31485114,0.10892646,-0.20827459,-0.03674492,0.33841459999999995,0.8043893,-0.0462601,0.021082355,0.100182064,-0.18451954,0.30460128,0.115201525,-0.032988522,-0.31716272,0.057733174000000005,0.39210412,-0.39910359999999995,-0.5301016,0.37739384,-0.1883785,-0.07422999,0.09410827,0.16342138,-0.30074188,-0.23696822,0.09243402,0.55191875,0.5689529000000001,-0.48428088,0.32274416,-0.20953442,-0.21187204,-3.5098557,0.007234179,-0.16424367,-0.23991990000000002,0.25967285,-0.057791073,0.17284416,-0.29566,-0.46154478,-0.24418130000000002,0.023692189,-0.62141263,0.31458459999999994,0.30340078,0.30068785,0.37881503,0.18911144,-0.20452891,-0.28488153,0.6535474,0.053789172,-0.86956024,0.36338276,-0.20284145,0.21607551,0.31131595,-0.615831,0.026963907999999998,-0.34140784,-0.017313747,0.13310012,-0.20446977,-0.03151506,-0.06719374,0.17085279999999997,-0.036261443,-0.15898561,-0.19396606,0.01052027,-0.11261639,-0.2723653,-0.42535216,0.018107234,-0.053832933,0.81647515,-0.35561493,-0.06730641400000001,0.16496095,0.06016254,0.41980118,0.32793856,-0.15540569,-0.3340877,-0.39693356,-0.40417722,-0.13803862,0.41766962,0.55395514,-0.14274338,-0.824418,-0.071749695,-0.2836344,-0.6011774000000001,0.05440319,-0.23972252,-0.022555798,-0.72229105,-0.22540323,0.27379509999999996,-0.5016143,0.30352852,0.29596502,-0.65356314,-0.63551795,0.24112622,-0.06955698,0.042382355999999996,-0.08166007,0.19789020000000002,0.10212888,-0.26838340000000005,-0.59189475,-0.17200835,-0.13092221,-0.3034603,-0.25248477,0.16133489,-0.30680054,-0.31566550000000004,-0.7588749,0.3530223,0.36846203,0.26773226,0.33682424,0.15731332,-0.1757769,0.33876067,0.08997262,-0.0973918,-0.26916936,0.3157045,-0.03544523,0.6139015,-0.12485961599999999,0.06702538,0.06355789,-0.053404945999999995,0.2530424,0.30287406,-0.35163882,0.5797239000000001,-0.52607125,0.57338214,-0.34508434,-0.42108428,0.047568757,0.11193845,0.45646054,-0.07061219,-0.41814554,0.048638377000000003,0.6387189999999999,-0.29486176,-0.33067470000000004,-0.61533755,-0.013356472,-0.30563313,0.29962665,-0.14569359,0.21434325,-0.28139183,-0.19312595,-0.43550766,0.37634265,-0.09664481,0.06965575,-0.2016643,-0.5271276,-0.07435377,0.07085935,0.5319977,0.30838647,0.28481013,-0.29345820000000006,-0.19012883,0.44159615,-0.26256984,-0.032628122999999995,-0.34790993,0.22425188,-0.16244979999999998,-0.3943038,0.0093378285,-0.5885796,0.23950733,-0.21009234,0.4609071,0.15519212,0.21784574,-0.41462627,-0.086089745,0.37986776,0.30808428,0.5438208999999999,-0.19326235,0.5806785,-0.035727087000000005,-0.31915709999999997,0.1200123,-0.035343482999999995,-0.24328819,-0.013833223,-0.18192616,-0.5371686,-0.004914577,0.6308708000000001,0.037234437,-0.49102417,-0.17490497,0.2592544,0.025194565,-0.31823295,-0.04555539,-0.38324377,0.38527873,0.52843386,0.16166459,-0.5416528,0.29064262,0.27586052,-0.30677944,0.72762305,-0.15786184,0.05526409,-0.2553028,-0.23062785,0.47938016,-0.35338414,-0.012521937,-0.08101054,0.42050508,-0.22473913,0.10598504,0.35314825,-0.11084851,-0.41454494,0.302439,0.3935485,-0.04285771,0.15327668,-0.46433192,-0.32113916,-0.28053117,-0.025498249,-0.024004717999999998,-0.47809076,0.18848902,-0.17788102,-0.41917866,0.3010348,0.069238916,-0.48025477,0.3398569,0.48068815,-0.43067715,-0.45912442,0.23662795,-0.13676812,-0.11617092,-0.24669218,-0.11974592,-0.6637478,0.39556396,0.2637242,-0.06403713,0.5207059,0.17349360000000003,-0.19350734,0.018953392,-0.39979002,-0.33589745,0.102240875,-0.21833736,-0.3956817,0.10883438599999999,-0.19461407,0.17201345,0.69318414,-0.48148426,0.45895115,0.09258832,-0.000118373966,-0.20911233,-0.31419945,0.103123,-0.5218842,-0.44437882,-0.25330466,-0.36631495,-0.12750545,-0.32056263,-0.17538868,0.17522413,-0.0374701,0.011990138999999999,0.014596439,-0.26131207,0.23038197,-0.07134717,-0.37668140000000006,0.2419363,-0.032771323,0.14943929,-0.5688554,0.038290955,0.07889879,-0.13267499,-0.34423035,0.5505194999999999,-0.42839542,-0.23975159,-0.10423425,0.074678384,-0.31483105,-0.020095974,-0.04124889,-0.032455064,0.11382151,-0.19018562,-0.028668892,0.12843433,0.08746537,-0.27123755,0.09786267,0.15442038,0.14591807,0.8790904,-0.043839473,0.6447501999999999,0.3115325,0.22303330000000002,-0.1681648,0.2052817,0.24908437,-0.32064974,0.09174975,0.38305426,-0.2181395,0.5578843000000001,-0.0026443002,-0.044592462,-0.35230833,0.83443713,0.25505167,-0.23586716,-0.4360469,0.0330344,-0.4641002,-0.03333466,0.26261944,-0.17491962,-0.21974443,0.69382674,-0.102606505,0.15330987,0.41560519999999995,-0.6046209,-0.5363591999999999,-0.035349574,0.23432568,-0.0011488199,0.48596670000000003,-0.5567985,0.33063573,-0.09833577,-0.28948528,-0.08946739,0.27943382,0.3722882,0.07771967,-0.03834513,-0.07146499,0.4964965,0.4991215,0.22322391,0.24842697,0.18685986,0.28864458,0.41822374,0.6765403,0.025865617999999996,0.23475306,0.15187722,-0.014486341000000002,0.22897545,0.46974882,0.51369256,0.4693852,-0.15978053,1.2377595,0.16519417,0.10101643,0.5106662999999999,-0.93738496,0.12568714,0.5550353,0.21972634,-0.36927304,-0.31122983,0.007952188,-0.17947151,-0.094792694,-0.27112117,0.04449075,-0.5431278,0.6052422,0.1985135,-0.27461463,-0.13301486,0.13430084,-0.013373187,-0.093940005,-0.31513342,-0.2150955,-0.1347833,-0.3984268,-0.10055509,0.20485337,-0.342909,-0.43564275,-0.034900077,0.19173010000000001,0.11831125599999999,-0.020837508,0.017696958,-0.27914226,0.6119795,0.19375896,0.6870786,-0.031911865,0.04526925,-0.13367523,0.38572744,0.19195515,0.034386322000000004,0.112556145,-0.16898066,0.41948378,-0.34940735,-0.020972542,-0.15560661,0.5016906,-0.86938846,0.11492341,-0.37286583,-0.24561055,-0.053385895,0.15269552,-0.16009437,0.5552670999999999,-0.27289706,-0.38298875,0.11438234,0.19392833,-0.19775286,-0.09108676,-0.33437827,0.55662376,-0.26667854,-0.027230157,0.25035830000000003,0.15417145,0.15250352,-0.09198202,-0.15060227,-0.26249698,-0.56083655,-0.34041026,-0.12995313,0.09257186,0.17328633,0.16094607,-0.26684314,-0.12552282,0.56863344,0.08366280000000001,-0.10560957,-0.13705301,0.09093262,-0.10795326,-0.10956477,0.16517493,0.11310923,-0.046348922,0.009738235,-0.04979453,0.08792855,-0.3197592,0.25360012,-0.007171410600000001
134,6,0.07572915,-0.28555438,0.39236513,-0.14476962,0.3597772,0.16362791,0.016454022,0.52354956,-0.15466435,-0.18255639999999998,0.21590206,-0.0032755549,-0.09975054,0.46620795,-0.018201228,0.3526216,-0.03735929,-0.15907815,0.13264783,0.09031013,0.25990906,0.35811424,0.09078795,0.46997390000000006,0.09069465,-0.0024489518,0.22517382,0.057280183,0.05876734,-0.031660803,0.23175338,0.18319857,0.09573368,-0.2980345,-0.212484,0.08346632,0.13829885,-0.16359343,-0.14177874,0.27146196,-0.3233821,-0.46100667,-0.0013496648999999999,0.17911847,-0.106813565,-0.004913423,-0.039047062,-0.19293448,0.28810167,-0.012410659,-0.26064622,-0.0039328854,-0.4107371,-0.20714356,-0.06263169,0.56426847,0.06266893400000001,-0.45845085,-0.27967438,0.12541358,0.0050212014000000004,-0.044943657000000005,0.39245582,0.016335582,0.24712211,0.37746915,0.039386105,0.31565809999999994,-0.50218374,0.004342928,-0.43292794,-0.15211718,-0.025154443,-0.074895106,-0.1565127,-0.29561509999999996,-0.11766209,0.31648725,0.12751853,0.028211072,0.059635412,0.005635706,0.19618632,0.41068822,0.14872323,0.09459853,-0.07805795,-0.14259902,-0.30447584,0.42181858,0.05965118,-0.7063403,0.0031848557,-0.07852644,0.23864135,0.066974826,-0.43001062,0.361652,-0.14651375,0.46879163,0.2054005,0.14468792,-0.011916897,-0.08598704,-0.22989523,-0.14051867,0.120622635,-0.12461156,0.14044589,0.012476615,0.28038067,-0.30444837,-0.1501148,-0.33403143,-0.18643525,-0.15497452,0.08224595,0.30859575,0.17745149,0.26403699999999997,0.13167278,-0.29814222,0.20948975,0.45763677,0.19090821,0.360502,-0.19938898,0.09027524,-0.24056750000000002,-0.21180122,-0.008469479,0.030426433,-0.1088202,-0.5095761,-0.2050984,-0.040572874,-0.08088399,-0.058984388,-0.34935182,-0.10405575,-0.13328287,0.38207090000000005,0.038690716,0.029608678,0.34328220000000004,0.38835415,-0.32641023,-0.3403762,0.29055542,0.11867493,-0.18336679,-0.11341010000000001,-0.039671738,-0.27181178,-0.0028959953000000003,-0.10812554,-0.19941810000000001,0.32705559999999995,-0.04841892,0.22758162,0.30607876,-0.057152502,0.07396048,0.19376262,0.43667957,0.02881756,-0.12972726,0.030340477999999997,-0.16444352,-0.23363568,-0.044000300000000006,-0.24258736,0.5648329000000001,-0.06660525,-0.11584601,0.016544873,0.55195546,0.37118638,0.17184627,-0.05741685,-0.70155185,0.056254547,0.023789814,-0.015360848,-0.049203504,0.07692353,0.27920756,-0.10005645,0.20019431,0.2696403,-0.024029118999999998,0.10381852,-0.10433706,-0.032902185,0.12197022,-0.30701655,-0.1722506,-0.27949157,0.049309105,0.10394547,0.039902367,-0.30188337,0.418547,0.14270562,-0.24659736,0.32666376,0.24967961,0.11489849999999999,0.23909067,0.31149796,0.061917704000000004,0.24210708,0.12910564,-0.037864726,-0.019800302,-0.23289736,0.15382017,0.1632305,0.19431894,-0.12406624,0.017826416,0.24137828,-0.32924226,0.20611064,0.12116287,1.3008684,-0.0567582,-0.28697082,0.064947814,0.16357395,-0.15197538,-0.07362791,0.38567483,0.025779443,0.029921316,0.56160223,0.09895788,-0.34104759,0.15289292,-0.44657683,-0.30805808,-0.028728502000000003,0.13092186,0.53675485,-0.040650055,-0.38243103,0.046747952999999995,0.08111510400000001,0.1516735,-0.10016926400000001,-0.33992448,-0.6201972,-0.0075799013,-0.04241248,-0.32175103,-0.48006073,-0.28985685,-0.26030618,-0.20455343,-0.07614589999999999,0.1283048,0.20341033,0.17506963,0.12412284,-0.43558243,-0.18215221,-0.22157104,0.6894876,0.3302788,-0.04919737,-0.4335277,0.26367795,-0.022100900000000003,0.27928486,-0.3183581,0.17216913,0.36338955,0.13169987,0.20502572,0.115542084,0.313724,0.23877244,-0.087646395,0.031796172000000004,-0.37025,-0.09572946,0.12599224,0.36198878,-0.1761122,-0.06552728,0.06281024,-0.058825254,-0.13043405,-0.08434111,0.3458151,-0.17818044,0.01969914,-0.14727613,-0.0017682215,-0.42426795,0.00899855,-0.017163606,0.17096037,0.4226207,0.048057295,0.15569909,-0.053164743,-0.6437126,-4.3008676,0.19764693,-0.27892572,-0.21092744,0.408887,-0.45094982,0.4119027,-0.08044633,-0.5746749,-0.07249361,-0.23028299,-0.10984100000000001,0.21369734,0.117942594,0.08857432,0.38090834,-0.28800097,-0.11623839,-0.26748893,0.43951043,-0.10931615,0.10024301,0.22378223,-0.10939999,0.23094099999999998,0.37208605,-0.27782583,-0.10333078,-0.21629216,0.22345807,-0.36920166,-0.115915455,-0.32485786,-0.25916147,0.03308393,-0.41565403,0.0061051804,-0.7610971,-0.10733648,-0.057737917,-0.14498009,-0.38423657,0.09092812,0.13345484,0.60920286,0.034554813,-0.23915641,-0.65904224,0.10068186,0.28352818,0.07034085,-0.08636759,-0.03871168,-0.20290439,0.21031736,0.31137595,0.46103132,0.50358194,0.115076415,0.036780857,0.25992888,0.06830539,-0.2539841,-0.27429122,-0.59143543,-0.09188386,-0.18820505,-0.50894153,0.27786028,0.122065544,-0.35547006,0.31883618,-0.15007488,-0.9887928,-0.07419174,0.105021305,-0.46571599999999996,0.27601632,0.3350099,0.29095834,-0.5810668999999999,-0.34194618,-0.0064969226,-0.27125266,-0.07691893,0.020181486000000002,0.08358461,-0.30034208,-0.07883109,-0.20147444,0.16606002,0.26232916,-0.0008688512,-0.044675615,-0.2135217,-0.09212730000000001,0.18920343,-0.15114149999999998,0.09143796,-0.33292696,0.32560173,-0.24967559,0.46115717,-0.51406986,0.09388322,-0.048710067,-0.45752388,0.35788059999999994,-0.15980294,-0.24336173,0.26832193,-0.4980064,0.32190818,-0.34053025,-0.50514853,-0.6437781,0.07074405,0.35181785,-0.11904189999999999,-0.46360016,-0.051147994,0.6066338000000001,-0.2687483,-0.7828609000000001,-0.6521471999999999,0.32936937,-0.09701308,-0.24251465,-0.29792565,0.09972913,-0.08846567,-0.04198807,-0.1889392,0.0010041822,0.18856760000000003,0.060843932999999996,-0.230069,-0.31096935,0.051774867,0.051287822000000004,-0.07544309,-0.045902316,-0.03149451,0.26867318,0.18179956,-0.117948905,-0.16516638,-0.14161691,-0.15894553,-0.060728005999999994,0.18652865,-0.12944444,0.03610168,-0.26673040000000003,0.07758238,-0.04456233,0.24701798,-0.3091526,-0.27015862,-0.15269285,0.24823926,-0.06336011,0.42869179999999996,0.5036996,0.27160427,0.41451445,0.30060443,-0.20487326,-0.03933819,0.19423814,-0.34097603,-0.03685291,0.016386358,-0.1577873,-0.25753742,1.0328263,0.20402804,-0.14311115,-0.14700850000000001,0.39417335,0.26959646,-0.30147317,-0.14129917,-0.28419292,0.15881108,-0.18978745,0.08257993,-0.45393643,0.030208474,0.23351109,-0.48351887,0.49766809999999995,-0.10693509,-0.28909209999999996,-0.3608376,-0.24557150000000003,0.3529366,-0.27285534,0.19171760000000002,0.23219392,0.22607626,0.07486604,-0.11683351,-0.100189365,0.058661036,-0.12522018,0.25427422,0.0022794185000000002,0.22137651,0.2155411,-0.035719864,-0.8253798000000001,-0.16258143,0.06349942,0.16548741,-0.0085523175,-0.016919795,0.15759918,-0.53444594,0.20789008,0.028481872999999998,-0.22921379,-0.018086227,0.07283846,-0.5299384,0.2432018,-0.063258514,-0.35586452,-0.052715443,0.34906006,0.06913483,-0.72753125,0.09384110000000001,-0.21743123,0.31948608,-0.14747748,-0.17732228,-0.0034443359999999997,-0.07708185,0.12161828599999999,-0.1980418,-0.049769062999999995,0.2212117,-0.37550092,-0.13669816,0.110084906,0.025152016,0.19760813,-0.31915456,0.23298307,0.081976265,0.014910002,0.047871622999999995,-0.8145083000000001,0.4350657,-0.18307844,-0.06772230000000001,0.23148249999999998,-0.028194876,0.10089706,-0.3680753,0.30157068,0.02248141,-0.12659506,-0.010150467,-0.07323116,0.3356127,-0.14695692,0.21991198,-0.34159243,0.14185150000000002,0.05306052,0.42092904,0.23351885,0.052331492,0.039363388,-0.45017060000000003,-0.29644874,0.5287859,-0.29821897,-0.13658023,0.20771953,-0.17686227,-0.24366395,0.18884528,-0.013471737,-0.08162633,0.06357222,-0.07148982599999999,0.3135799,0.50738674,0.060687356,0.13928951,0.026988872999999997,-0.12784317,0.2259968,0.26215792,-0.19201681,-0.27741888,0.31577185,-0.024897942000000003,0.08753669,0.08307166,0.40460074,0.01259643,0.0022817560000000002,-0.30996233,-0.5493195,0.10053149,0.25181422,-0.4310286,-0.5697535,0.22460252,0.44699824,-0.15716533,-0.22717394,0.31894392,-0.1829654,-0.42020813,-0.060517947999999995,0.11085372,-0.15799753,0.6884076,0.109734334,0.5612189999999999,-0.031767777999999997,-0.42200434,-0.010826671999999999,-0.12457607,0.22322619,-0.013360685,0.23016489,-0.14244772,0.6452165,-0.24563144,-0.04016163,0.25157952,-0.19785279,-0.042170737,-0.07088244,-0.25027853,0.09218567,0.5506312,0.27401128,0.48185706,0.054871567,-0.10018712,0.19366689999999998,0.42680773,0.22171311,0.11520084,0.43722656,-0.006474473499999999,-0.0009137587,-0.29917508,0.18907237,-0.04252593599999999,0.121780284,-0.4167002,0.15063983,-0.38260964,0.12875599999999998,0.3161018,-0.15644142,-0.005626313000000001,0.15152402,-0.049395867,-0.30555895,-0.43962875,0.16592684,0.10648060000000001,0.29931808,0.141177,0.32691503,-0.09289697599999999,-0.0031222687,0.010672521,-0.039284106,-0.22351113,-0.0033488911999999997,-0.63344723,-0.055212803,-0.23909938,-0.32757625,-0.105044514,-0.9585159,-0.046979285999999995,-0.25418887,-0.28066376,-0.19028524,-0.13208961,-0.16981919,-0.0675676,-0.22553879999999998,0.165222,-0.35824140000000004,0.38755116,0.05849822,0.25958702,0.22372587,0.34728709999999996,-0.5423264,-0.28493506,0.13907892,0.06834175,0.034199767,0.040652156,0.3902387,-0.32557592,0.53345084,0.21022806,0.39576477,-0.70060956,0.33938932,-0.34340438,-0.10763158,0.23418409999999998,-0.013744353999999999,-0.49007306,0.20086816,-0.024888452000000002,-0.2001996,0.14210156,0.29088694,-0.13942927,0.051134865999999994,0.06928545,0.2797136,-0.14575231,0.15567109,0.116737545,0.48167223,0.037858862,-0.19577426,-0.07195046,-0.08876382,-0.029914264,-0.37797390000000003,-0.22251479999999996,0.030398391,0.42121273,0.18554337,-0.10339828,0.2107482,-0.18421291,-0.52551407,-0.11135703,-0.31088975,-0.31167704,-0.24197729,-0.041779675,-0.027524581,0.20121434,-0.16022015,0.25534508,0.24008524,-0.040977567,-0.06482715,0.008015709000000001,0.23906179
135,4,-0.18023787,-0.055898618,0.30079418,-0.056846123,0.09298983,-0.30688350000000003,-0.042088907,0.55580014,-0.0243246,-0.36117285,0.23627995,-0.33351463,-0.012929528999999999,0.37446,-0.09105624,0.43981272,-0.043266612999999995,-0.03450757,-0.15000278,0.38404197,0.055843867,-0.071501605,0.1832371,0.6072883000000001,0.35535726,-0.26497447,0.10830129999999999,-0.19054642,-0.11690410000000001,-0.13743775,0.60919535,0.06637594,-0.07173661,-0.31447083,0.050998624000000006,0.05142358,-0.13205436,-0.08354533,-0.10691595,0.102534965,-0.69541126,-0.23972465,-0.10956625,-0.093646206,-0.19546081,-0.29089879999999996,0.14765933,-0.22458602,0.27364713,-0.03197276,-0.5166029000000001,-0.11262946,-0.16702859,-0.18585496,0.10270861,0.50189793,-0.27766514,-0.3886618,-0.85934424,-0.09650922599999999,0.40002059999999995,-0.21270257,-0.14683312,-0.2836735,0.24325120000000003,0.02108572,0.25577924,0.3521902,-0.70753855,-0.12141967,-0.29231888,-0.13466719,-0.26473379999999996,-0.054330587,-0.13937344,0.09774829,-0.15256543,0.25436753,0.060848083,-0.20395958,-0.24953635,0.3018143,-0.5459678000000001,0.36905658,-0.005855119000000001,0.29791948,0.0747023,0.036084358,-0.31383362,0.61208683,0.23970197,-0.48656258,0.08178093,-0.023606874,0.35103524,-0.103981175,0.41370156,0.2711366,-0.35881690000000005,0.5125552999999999,0.23926868,-0.19581974,0.16595745,-0.38019338,0.12315384,-0.22587910000000003,0.23684342,0.20624897,-0.08160014,0.06307573,-0.012503783999999999,-0.22071235,-0.30053115,-0.13554026,-0.10754726,0.034840595,0.17322873,-0.065807216,0.25493523,0.24185437,-0.20790479999999997,0.011228473999999999,0.11784372,0.68876725,-0.04952414,0.16702266,-0.36677548,0.23536378,-0.21265486,-0.2676259,0.21048349,0.18829103,0.12855925,-0.5794590000000001,-0.22124380000000002,0.09143881,-0.029634068,-0.1631167,-0.44850100000000004,0.1856721,0.32015297,-0.26009303,0.45440298,0.18415625,0.04178686,0.14885093,-0.18462893,-0.27750197,-0.26924315,0.13124217,-0.060197692000000004,0.056617614000000004,-0.0052793,-0.14849764,0.049585022,0.14017318,-0.54299676,0.27026209999999995,-0.27118617,0.0146577945,0.4837581,-0.12868653,-0.026162025,0.46893406,0.15583089,0.06499764,-0.03855687,0.28216729999999995,-0.3934438,0.28771827,-0.20571792,-0.046952043,0.60762185,-0.31745228,0.2871519,-0.020081893,0.363692,0.20654148,0.06464287,0.031147277,-0.47669938,0.24908225,-0.13013667,-0.020763304,0.4705916,-0.15446673,0.14355405,-0.11397979400000001,0.26100427,0.013385527,-0.18812922,-0.14866373,-0.05572136,-0.12765479,0.25802958,-0.40071118,-0.03691564,0.054493595,-0.40312126,-0.030193714,0.14509618,0.07968022,0.2422368,0.20288429,-0.20998517,-0.21028855,0.14700237,-0.2671491,-0.004459972,0.39440559999999997,-0.07332507,0.5036056,0.073191546,-0.03808699,0.032615785,0.06445149,0.08065467,-0.098937385,0.19136208,-0.16048056,0.022028599,-0.009047328,-0.17256682,0.37233925,0.15131968,0.59832054,-0.05731003,-0.6567558000000001,0.28298867,0.29880595,-0.09210551,-0.28666678,0.6834515999999999,-0.18937738,0.13790676,0.12438722,-0.3309674,-0.37113184,-0.09422024,-0.24705109,-0.10279947,0.32249022,0.1333437,0.12785439,0.28533384,-0.052263826,-0.12629563,-0.13963507,-0.14944303,-0.19733527,-0.4004868,-0.40231234,0.13897736,-0.3613398,-0.13959059999999998,-0.23799603,-0.13795616,-0.35930452,-0.014077511000000001,0.15861475,0.48097974,0.26905268,-0.16155574,0.11364808,-0.22111039,-0.4935387,-0.22995410000000002,0.24523652,0.21332315,0.11220055,-0.08540358,0.01223384,-0.031882644,0.51692295,-0.13087068,-0.21544348,0.2243061,0.25131813,0.1570672,-0.14227833,0.085496575,0.31504062,0.034315266000000004,0.10845748,0.06877764,-0.28039682,0.016086131,0.43612853,-0.10611525,-0.23472846,-0.031170852000000002,-0.02808906,-0.47943783,-0.33668503,0.52255917,0.095875315,0.08684181,0.07273672,0.1372862,-0.17468414,-0.09617078,-0.02266526,0.2802575,0.19846883,-0.20261876,0.15121895,-0.035016782999999996,-0.4233298,-4.3178763,-0.096691385,0.12113433,-0.32036102,0.18682359,-0.07384333,0.120975055,-0.15331855,-0.47747463,-0.17324404,0.12685375,0.00914556,0.2730978,0.21432686,0.3057785,0.29186407,0.1682735,-0.07157422,-0.030949917,0.5049321,-0.047951452,-0.4932611,0.1405549,-0.09072491,0.19790702,0.27500924,-0.16636723,-0.14434907,-0.3307232,-0.06132329,0.20976101,-0.04035113,-0.098152064,0.28547168,0.097205706,-0.008344971,0.05026389,-0.48415756,-0.37473798,-0.36166936,-0.00014904732,-0.5901494,-0.046323348,-0.20696741,0.66749865,-0.1227805,0.10861107,0.042761926,-0.11287476,0.3226461,0.06144928,0.017150545,-0.18895172,-0.30332950000000003,-0.046639923,-0.03068201,0.49322619999999995,0.605831,-0.10662096,-0.37819359999999996,-0.0446504,-0.028535662000000003,-0.51125735,-0.20710415,-0.058174635999999995,-0.28307453,-0.21892391,-0.07318785,0.061381266,-0.095104925,0.06369416,0.30467746,-0.34131518,-0.5313106,-0.24346375,-0.014913866999999999,0.17696004,-0.090736225,0.14254642,0.05010393,-0.2326728,-0.3584655,-0.011062946,-0.045091316,-0.07345237,-0.15314937,0.07119415,-0.20096086,-0.4088277,-0.64342165,0.14606228,0.19310775,0.038790386,0.18516922,0.37486047,-0.19835931,0.37036820000000004,-0.14895339999999999,0.080482386,-0.32434133,0.2295401,0.27656952,0.51911706,-0.11087018,0.16714704,0.11429118,-0.38172543,-0.083360665,0.23991771,-0.07878946,0.40530659999999996,-0.45119873,0.36783066,-0.17496863,-0.4459497,-0.16545777,0.23463151,0.19070844,-0.032988306,-0.21757816,-0.26680183,0.38675007,-0.30354396,-0.18202394,-0.6100726,-0.21426101,-0.16502468,0.22050823,-0.19983757,0.12359503,-0.21528779999999997,-0.14298923,-0.11534687,0.5608552,0.08634635,0.04198183,0.018007768,-0.49927205,-0.09511689,0.061725732,0.11306187,0.27247456,0.09872576599999999,-0.021750275,-0.06677643,0.41083062,-0.10097048,-0.09685792,-0.19581637,0.05988224599999999,-0.20399351,-0.20490168,-0.13571282,-0.34278992,0.19900146,0.2379325,0.30952725,-0.12220112,-0.13995297,-0.56034577,0.10217513,0.23409356,0.28438395,0.1967961,0.12381413599999999,0.68323725,0.14696427,-0.24528928,0.18786822,0.059940074,-0.29932722,-0.08441005,-0.35754523,-0.3661643,-0.042083938,0.53969115,-0.014486516000000001,-0.22363816,-0.35669664,0.19633932,0.0007773997500000001,-0.078934394,-0.2004989,-0.10485641,0.23961617,0.11354614,0.18529798,-0.34689268,-0.1455619,0.18271026,-0.22355378,0.5691995,-0.08512216,0.0024842331,-0.22182329999999997,-0.058612365,0.20365036,-0.3963223,0.0045821609999999995,0.029398471000000002,0.42603692,0.027963566000000002,-0.018778173000000002,0.16915318,-0.009188482,-0.24264248,0.10475208,0.17912647,0.09215112,0.14643544,-0.25336279999999994,-0.36401728,-0.23331636,-0.00684493,0.08144551,-0.3842747,0.06748211400000001,-0.07617478,-0.30796307,0.28390616,-0.11587011,-0.15301405,0.07048181,-0.021222900000000003,-0.54611385,-0.19977169,0.06903662,0.029197931,-0.32035932,-0.19237837,0.028538186,-0.7285604,0.12621056,0.05481593,-0.3172652,0.33028114,-0.12672335,-0.1556675,0.04992332,-0.14008866,-0.19353589999999998,0.14840157,-0.012336226,-0.44267187,0.046574235,0.029959602000000002,-0.17622237,0.35927036,-0.28200957,0.5716647,-0.052957500000000005,0.050190788,0.13302658,-0.37064412,0.2970368,-0.34298049999999997,-0.45218167,0.00072142674,-0.30259780000000003,-0.17131,0.024703965,-0.06560449,-0.31908384,0.07615444,0.28264683,0.11860421,-0.011440742,0.0059255390000000005,-0.021969227,-0.5475296,0.047929525,-0.014209407,0.010147294,-0.092142574,0.3108628,-0.018191474,-0.017483642,-0.40362793,0.48290408,-0.32376114,-0.26869902,-0.043264527000000004,0.16217786,-0.054209094000000006,0.33795288,-0.38918307,-0.13383304,0.14047758,0.08685878,-0.03010618,0.38358006,-0.0267011,-0.20804885,0.19183314,-0.055360522,0.08624885,0.6247471,-0.16833936,0.24724992,0.2856884,0.13136186,0.1726201,0.16142611,0.15736479,-0.28358114,0.30957758,0.1694951,-0.41614208,0.34279472,0.18349066,-0.26405609999999996,-0.3577781,0.69878125,0.5347206,-0.36179346,-0.31713152,-0.055138934,-0.30067423,-0.10213591,-0.09791811,0.14921199999999998,0.09029918,0.54578984,-0.24958313,-0.018582331,0.1929402,-0.35711017,-0.24994257,0.0726912,0.34195492,0.10587066,0.58146966,-0.41465566,0.62224567,-0.19368632,-0.053055807999999996,-0.111164965,-0.06563401,0.06864593,0.08199644,0.07876897599999999,0.13656984,0.615591,0.50199395,0.4678899,0.24124410000000002,0.13254231,-0.08064884,0.5740460999999999,0.22091483,0.27492659999999997,0.25704592,0.055432647,-0.21082070000000003,-0.0373008,0.4697067,0.26176816,0.25825098,0.06470615,0.66015834,0.1826936,-0.12775646,0.30790564,-0.39057990000000004,-0.26523793,0.04542058,0.14291923,-0.3015325,-0.31654397,0.07031441,-0.112643525,0.04396747,-0.21725300000000003,-0.30468909999999993,-0.32341275,0.43059385,-0.09705877,-0.34707212,-0.14623496,0.09340222,0.04138104,-0.09788161,-0.29098976,-0.15545197,-0.3146256,-0.41915536,-0.085150585,0.042053945,-0.24036415,-0.3539248,0.13614635,-0.09307396,0.20926060000000002,-0.36033732,0.11287439,-0.22083166,0.25410923,0.21138893,0.41308367,0.0439728,-0.092308,-0.23207895,-0.13205217,0.22169055,0.24979305,0.20320770000000002,-0.0007959718,0.21352774,-0.17724444,0.20832178,0.13061608,0.5636566999999999,-0.61932635,0.18202113,-0.21679994,0.16311355,0.09190545,0.07746544,-0.2901994,0.26850706,-0.3634737,-0.21919616,0.055356193,0.04057524,-0.19134203,0.057335764000000004,0.08357281,0.3520778,-0.25561106,-0.05514275,0.10587506,0.30629808,-0.08949681,-0.07995787,-0.17988852,-0.37317276,-0.13921371,0.012392355,-0.10719635,0.3304303,0.19167286,0.20814839,0.04723588,-0.011757905,0.64917344,-0.15268442,0.084418386,-0.19345605,-0.28222886,-0.43345730000000005,-0.066783085,-0.084681496,-0.0039756126,-0.26309547,0.17025182,-0.003681795,-0.16136055,-0.2539508,0.19910388,0.011128907
136,4,-0.059480637,-0.031197844,0.30772507,0.35354558,0.08197385,-0.29556966,-0.011766598999999999,0.8833359000000001,0.26435181,-0.6133177,0.47601125,-0.19668470000000002,0.0029605264000000004,0.38721204,-0.11935156599999999,0.252766,-0.16343912,-0.23742561,0.36698678,0.50185114,-0.12970318,0.07736889,-0.35305825,0.55874103,0.39061663,-0.31540915,-0.37052247,0.12630717,-0.40908325,0.13503046,0.22629273,-0.06875289,-0.40039968,-0.3718681,-0.15470229,-0.083071865,-0.11502012,-0.0374045,-0.43752682,0.30902609999999997,-0.6583255,-0.1096138,0.38829574,0.13383763,-0.16271515,-0.048562545,-0.19121258,-0.1615182,0.04447979,-0.15551375,-0.2792147,0.013541079,0.16162884,0.01211392,-0.056587175,0.65877277,0.102249004,-0.5026178,-0.30825728,0.045246493,0.267325,0.007037945,-0.24204673,-0.44469726,0.047942128,0.27491653,0.14251284,0.20184475,-0.44437709999999997,-0.07344247,-0.39434242,-0.06752401,-0.26070827,-0.10041062,-0.37200287,0.060864303,0.41363323,0.050786465,-0.20903803,-0.03925528,-0.030619202,0.74417454,-0.20375663,0.23171996,0.26156166,0.2934579,0.27126455,0.020297276,-0.27130023,0.8253703000000001,-0.06639048,-0.32931802,0.4635855,0.26344195,0.391279,-0.021463637999999997,0.37947318,-0.048583787,-0.45346454,0.30153483,0.15303089,-0.46235552,-0.15731847,-0.080437355,0.26840374,-0.13832588,0.110132895,0.21253143,-0.038551506,-0.13690719,-0.050863195,0.093677945,-0.11368599,-0.19443637,-0.16656886,0.11382242,0.03382315,0.055191983,0.38040426,0.072706304,-0.28105804,0.3716528,-0.16750348,0.94450945,-0.32449546,-0.08578679,-0.10832173,0.33187184,-0.21253823,-0.5296244999999999,0.17340206,0.59787697,0.3002686,-0.5284307,-0.08589185,-0.00836619,0.31718007,0.05141596,-0.33733758,-0.0520611,0.08394235,-0.34344044,0.6323300999999999,-0.13424672,-0.016476361000000002,0.11084288,0.5056412,-0.054612633,-0.338984,0.19001245,0.067185685,-0.051494162999999996,-0.30479409999999996,-0.35317945,-0.03454109,0.0013682931,-0.85226434,0.48651925,0.01630185,0.3448031,0.15538491,-0.37107563,-0.21539138,0.252316,-0.023051132999999998,0.09968749,0.014701318,0.12878194,0.1552707,0.57458884,-0.17404646,0.06283430000000001,0.43595204,-0.0017052438,0.23344626,0.10004408,0.06867903,0.12111202,0.025391951,0.07082952,-0.9010828000000002,0.029365076,0.085703425,-0.5895661999999999,0.015799446,-0.08177348,-0.0036113088,0.013464195,-0.122839205,0.030168393999999998,-0.50875276,-0.21497498,-0.36909863,-0.47516492,0.25964043,-0.42495249999999996,-0.022000400000000003,0.15058075,-0.49846807,0.092591755,0.24408741,-0.15145699999999998,-0.016931357,-0.00031539672999999997,0.21073575,-0.1754756,0.014738876000000001,-0.15582226,-0.25506935,0.3404235,-0.11809685,0.46083012,-0.2445096,-0.17949122,0.29590887,0.39652792,-0.12286318,-0.10825563,0.003506884,-0.40676558,0.2424479,-0.55508465,-0.21314174,0.17126109,0.17169301,0.63798076,0.051424548,-0.3284519,0.44747259999999994,0.2570326,0.2880955,-0.6140687,0.58949625,-0.32729527,-0.28482524,0.13779955,-0.5629161,-0.09039991,0.008081105,0.063384525,-0.3049498,0.30905247,0.31710443,0.21227516,0.48012134,-0.16861933,0.15731835,-0.23809278,-0.13196309,-0.25986370000000003,-0.56418496,-0.5355521,-0.21237177,-0.7877045,-0.22667237,-0.24493587,-0.21040107,-0.38630676,-0.09031997,0.17320216,0.47711763,0.3379899,-0.021411777000000003,-0.09620008,-0.34938309999999995,-0.61603576,0.17565043,0.11912926,0.30802816,0.25479636,0.2724792,-0.20662294,0.25106585,0.26742896,-0.19102699,-0.41338559999999996,-0.07385162,0.1652539,-0.061960425,0.18289685,0.16394196,0.6908875,-0.298987,0.006237834,-0.2510113,-0.040516199999999995,-0.26743546,0.3665583,-0.32458195,-0.059397537,0.016140481,0.026478576,-0.53435946,-0.06462121,0.58190936,-0.065256774,-0.08309931,0.21683908,0.043355542999999996,-0.09580157,-0.44498524,0.052728992,0.033751316,0.19241415,-0.40966392,0.28574952,-0.21662086,-0.29124218,-4.139919,0.1141643,0.08130891,-0.39199206,-0.10930630599999999,0.23930073,-0.19300056,-0.1808183,-0.30729237,-0.028302735,-0.011833931,-0.29537618,0.28979456,0.43560576,0.5476388000000001,0.02711328,0.3798641,-0.09317466,-0.17696178,0.41330126,-0.06609711,-0.39558506,0.22213721,-0.2745073,0.47340274,0.35126647,-0.5641802,0.31748578,-0.3020242,0.015586953,0.26294988,-0.25837943,0.046665534,0.18594606,0.34437737,-0.0049304035,0.062166202999999996,-0.32982546,-0.14394592,-0.20889874,-0.13831876,-0.4813403,-0.065142475,-0.021668201,0.7026744,-0.4201728,0.0797064,0.105316244,0.19895576,0.16781454,0.19789882,-0.10627997,-0.3266748,-0.38669798,-0.15137604,-0.12048010000000002,0.51068366,0.36702573,-0.4485664000000001,-0.21623807,0.3879387,-0.30632302,-0.36233795,-0.10192734,-0.1115112,-0.045387696,-0.55000377,-0.036284547,0.23490137,-0.065780565,-0.0045987037,0.30505604,-0.6595303000000001,-1.0905254,0.034114737,-0.15740575,0.059120264000000006,-0.22998257,-0.0136598945,-0.24968685,0.11815908,-0.52570736,0.13165516,0.01745007,-0.2059357,-0.20671801,0.19620907,-0.23474497,-0.5501661,-0.3514105,0.35921434,0.37075505,0.17876156,0.26450133,0.32843268,0.009954181500000001,0.16358702,-0.10295544,-0.14713584,0.15312167,0.08845085,-0.016904185,0.0177446,0.46823218,-0.17538577,-0.29854074,-0.54011863,0.23972623,0.3245113,-0.17143245,0.46314844,-0.11753478,0.6210783000000001,-0.5143172,-0.3894385,0.4068425,0.08364221,0.37751308,-0.057416614000000005,-0.39293608,0.12463009,0.40729406,-0.07386302,0.24135774,-0.34957954,0.12992842,0.031397264,0.22231697,-0.23027395,-0.14550458,0.058677364,-0.30756846,-0.05196807,0.32704952,-0.05001999,-0.05761358,-0.18261498,-0.7871997,0.4004687,0.14551306,0.38843727,0.5467687,0.12446769,0.13746828,0.040260017,0.55264086,0.15486696,0.13687588,-0.42133716,0.27642068,-0.32672185,-0.2126916,0.06391165,-0.31330284,0.21093588,-0.26059920000000003,0.3768048,-0.41209137,0.26245317,-0.5146293,0.21300149999999998,0.20050383,0.3883909,0.38087940000000003,0.07941974,0.27265823,-0.27875665,-0.20610219,0.048906963,0.0939702,-0.19312991,-0.20384742,-0.19454636,-0.48609385,-0.033346687,0.27257866,-0.034238677,-0.34369478,-0.27115995,0.049892347000000004,0.19705518,-0.36632863,-0.3742857,0.0057429,0.5658919,0.51407224,-0.28116512,-0.24479865,-0.24026585,0.29788816,-0.3253986,0.6645517,-0.15691857,-0.064380795,-0.52615863,-0.40102342,0.22590955,-0.4844713,0.011155203999999998,-0.28550570000000003,0.43623063,-0.17787392,0.040328417000000005,0.16264227,0.1666724,0.13764012,0.42133632,0.03994375,0.014453895,0.26689485,-0.40693763,-0.3027636,-0.15902273,0.094923995,0.22594479999999997,-0.07945688,0.19555475,0.0790094,-0.28338042,0.14979504,-0.25700668,0.11434322,0.16338508,0.2276798,-0.4312465999999999,0.017770754,-0.13820998,-0.023088248,-0.67049664,-0.23807378,-0.15115906,-0.49234864,0.14013368,-0.33626974,-0.12607464,0.38150004,-0.24540216,-0.10883933,0.46001859999999994,-0.14564146,-0.04668373,0.09125677,-0.29082027,-0.060842644,0.27719957,-0.28748685,0.023076937000000002,0.7279045,-0.3668004,0.09691268,-0.28968754,-0.22114007,-0.40981999999999996,-0.48647997,0.5594704,-0.5186549,-0.5067174,-0.12163810000000001,-0.19194518,-0.3120859,-0.179374,-0.43004033,-0.24231239,0.09011827,0.040638637000000005,-0.053816393,-0.4733186,-0.07789629,0.22609676,-0.45910500000000004,-0.018883386999999998,0.08755789,0.34343863,0.10592705,-0.0075959587,-0.03777874,-0.023992186000000002,-0.6027583000000001,-0.041436467000000005,-0.26288608,-0.2034499,-0.027917599999999997,0.49497148,-0.10543264,0.20171402,-0.31584588,-0.11511564,0.36470005,0.20843805,-0.17563097,0.04701063,-0.21596424,-0.21098457,0.2953191,0.21084134,0.043616787000000004,0.6562197,-0.013238673000000001,0.3195612,0.2910085,-0.10113373,0.19757526,0.17658551,0.23463851,-0.059137657,5.9555285e-05,0.28514755,-0.035727996,0.53617877,0.34535316,0.050690383,-0.29422727,0.28431916,0.66040456,-0.4096124,-0.26277209999999995,0.15836467,-0.5205916,0.11939094,0.15765455,0.0683125,-0.2646735,0.3451568,-0.10568633,0.07501241,0.79351425,-0.22243667,-0.14129932,0.010904345,0.53216845,0.051829204000000004,0.39692676,-0.1773004,0.36591807,-0.21754493,-0.47989097,0.17343159,0.17650539,0.5364955,0.2582604,0.004299117,-0.29177096,0.41090509999999997,0.56777734,0.23287706,0.19376129,0.16840763,0.39311838,0.6550786,0.20903344,-0.019708088000000002,0.08434045,0.02716056,0.05569415,0.29416743,0.107985586,0.2892854,0.16950154,0.32933807,0.86011237,0.21439038,-0.035488937000000005,0.6198248000000001,-0.9365108,-0.23787929,0.18587278,0.19102263,-0.35650718,-0.16130911,-0.32573804,0.25796995,0.3366013,0.11675796,-0.08662716,-0.26918027,0.474275,0.41407904,-0.020799106,0.1484539,-0.061058077999999995,0.38240317,-0.106906116,-0.31794609999999995,-0.41066417,-0.021141568,-0.46230779999999994,0.09161839,0.051827032,-0.03148638,-0.24062996,-0.25806344,-0.20388341,0.5028341,-0.49137190000000003,0.07572574,-0.2394584,0.3330045,0.40145305,0.44675663,-0.07891706400000001,-0.039524034,-0.2834541,-0.21089960000000002,0.4416817,-0.081499346,0.2507422,-0.2310337,0.26590842,-0.25417504,0.01713978,0.20163678,0.42359638,-0.7320350999999999,0.15376417,-0.42816293,-0.20015015,0.100963645,0.09977373,-0.35416627,0.29150516,-0.32411715,-0.32586244,0.07762797,-0.26359874,-0.2754331,-0.13772933,0.047572557,0.43253990000000003,0.20229127,0.17262591,0.07521673,0.23343016,0.10006729,-0.041116312,-0.09454855,-0.12044538,-0.6335063,-0.09036613,-0.24405789999999997,-0.06847983,0.14920735,0.22727172,0.16812967,-0.031975653,0.3049996,-0.19331479999999998,-0.117496945,-0.1946932,-0.3267295,-0.48805723,-0.3518252,0.19556825,0.115969054,-0.23874609,-0.16631477,-0.36523548,0.18340074,-0.31870273,0.16425206,-0.22463156
137,7,-0.004126062,-0.03358680000000001,0.4058946,-0.052536912000000005,0.19038677,-0.17890215,-0.04322253,0.5620805999999999,0.08259418,-0.33518812,0.23845772,-0.34514517,0.1571082,0.48454764,-0.15340735,0.56539506,-0.15929481,0.023908122999999996,-0.017003886,0.32175222,0.18384638,-0.11218121,0.19285062,0.5840920999999999,0.5860829000000001,-0.02707167,-0.0036335004999999997,0.08776287,-0.19150276,-0.18569066,0.48560557,0.042903297,-0.22565055,-0.33937162,0.10839656,-0.047589282999999996,-0.09577086,-0.028899777999999997,-0.2547397,0.20387149,-0.82852393,-0.30162,0.08164702,0.18874647,-0.3531555,-0.36337927,0.04805576,-0.37677790000000005,0.36771620000000005,-0.042955883,-0.25981697,-0.0007050128,-0.38735038,-0.21724574,0.036964774,0.5570560999999999,-0.046732415,-0.42479458,-0.86189044,-0.12825426,0.19810982,-0.259067,-0.03836128,-0.35307398,0.26017532,0.120575234,0.13214037,0.33874118,-0.7988506,0.0005440756,-0.27531692,-0.029144911000000003,-0.08151471,0.1638631,-0.16375467,0.087564774,-0.10672305,0.29512864,0.074349865,-0.058679402,-0.41718465,0.34727812,-0.43850893,0.28461440000000005,0.029911487999999996,0.047235900000000004,0.08798953,0.19435279,-0.3038667,0.68526006,0.37603557,-0.55972266,0.10201892,-0.1356197,0.07932097,-0.11396837,0.2829474,0.16487435,-0.31007355,0.6431142,0.38660213,-0.17648928,0.0032617787,-0.47994529999999996,-0.015332216000000001,-0.16845751,0.21383314,0.31921357,0.031540893,0.25163883,-0.059561417,-0.12222418,-0.18357146,-0.14422096,-0.20777814,-0.13770671,0.011192404,0.09720135,0.14886728,0.06969929,-0.07707916,-0.060636833,0.08731091,0.7438898,0.10264188,0.028565818,-0.19106056,0.288152,-0.06303001,-0.34978214,0.29653043,0.11248999,-0.051502875999999996,-0.62991273,-0.2641137,0.21310914,0.06635225,-0.26015976,-0.34475312,0.09032863,0.17105444,-0.15382179999999998,0.5205618,0.1356266,0.06266318,0.036999337,-0.22392395,-0.18512479999999998,-0.2777078,0.14771932,-0.048167627000000005,-0.056087915,-0.12978354,-0.14084111,0.02941241,-0.13859338,-0.41668865,0.13736773,-0.17207175,0.09824273,0.48799288,-0.08394008,-0.019571524,0.2719577,0.13682331,0.15246667,0.16849078,0.08874417,-0.38557115,0.051571093,-0.14676823,0.0023485753,0.69620454,-0.2985448,0.07244471,0.028845223,0.19736165,0.16278347,0.09482182,0.038293794,-0.5562179,0.42050734,-0.091540575,0.041781947,0.18097335,-0.1966052,0.26270023,0.02213479,0.26752946,0.051994767000000004,-0.34661278,-0.15034516,-0.31660697,-0.11422747400000001,0.25622946,-0.57624435,-0.08317082,0.14086922,-0.42831507,-0.06310018,0.18792565,0.042332783,0.22767405,0.26453063,-0.16073184,-0.23907270000000003,0.24224766,-0.17421605,0.036776375,0.5345004,0.08731301,0.36747959999999996,-0.08393472,-0.061127502,-0.043276805,0.047930375,-0.009886174000000001,-0.011243908,0.11592228,0.047094002,0.16491889999999998,0.15496415,-0.24666497,0.32076862,0.07717123,0.6562746,0.015756678,-0.7919008000000001,0.24242233,0.36815676,-0.069070674,-0.20251696,0.5153886,-0.23999725,0.0955281,0.19080164,-0.33708042,-0.32656264,0.026512451,-0.08948737,-0.25362492,0.18405649,0.1309001,0.3040282,0.09934481,-0.04969865,-0.38100836,-0.16274112,-0.04723965,-0.086157754,-0.50970554,-0.2510652,-0.014960289,-0.5253897,-0.11574224400000001,-0.2384505,-0.24099746,-0.33090890000000006,0.03796296,0.0038203783000000002,0.46934876,0.24588495,-0.059166397999999995,0.053970642,-0.39207748,-0.34575370000000005,-0.22090717,0.29743227,0.22131899,0.16035852,-0.03603193,0.01720813,-0.033694643999999996,0.55828625,-0.07376581,-0.10994087,0.26919493,0.21384585,0.023339929,-0.015040294,0.22710909,0.42098463,-0.11142962,0.12687854,0.03764913,-0.28704545,0.15840167,0.57950026,-0.27979344,-0.3471756,-0.15733506,-0.1386069,-0.45808288,-0.22281991,0.38326502,-0.088775,0.11019103,0.16966374,0.26624945,-0.2860888,-0.1157736,0.0151847005,0.25459126,0.36209407,-0.16800725,0.096841946,-0.09016433,-0.53386134,-4.0554357,-0.09287185,0.15486395,-0.39628509999999995,0.2580811,-0.08956923,0.1705614,-0.18225189,-0.49698517,-0.121087745,-0.07470256,-0.12647878,0.24452125,-0.019373521,0.24228957,0.18266289,0.12725873,-0.015632451999999998,-0.20648445,0.49909887,-0.026125882000000003,-0.42178409999999994,0.35860023,-0.018701436000000002,0.20408319,0.35407007,-0.13352756,-0.12196580000000001,-0.30484033,-0.10810406,0.20036776,-0.14354949,-0.0070211063,0.23573212,0.07031888,-0.08133687,0.12211354,-0.40846738,-0.036039677,-0.23958816,-0.111650355,-0.37624753,-0.019985097,-0.07801455,0.76984406,-0.17587629,-0.12280185,-0.11525861,0.050446223,0.33425279999999996,0.04709335,0.030173115,-0.39047924,-0.2655401,-0.11313551,0.26457983,0.30042246,0.5093215,-0.08939733,-0.29780270000000003,0.026348677999999997,-0.11214283,-0.5037274,-0.07775231,-0.14265135,-0.38420296,-0.21773,-0.19497696,0.124671735,-0.09153326,-0.09926987400000001,0.36438882,-0.32822952,-0.56648445,-0.0385228,0.007236746600000001,-0.003147579,0.04285624,0.19237322,0.010189664000000001,-0.1476595,-0.18185739999999997,0.025138982,-0.0856631,-0.1380056,-0.37070718,0.15815409,-0.23069681,-0.29640743,-0.5974223000000001,0.32056996,0.23090433,0.15696058,0.12802638,0.12837948,-0.13540815,0.2688354,-0.20502295,-0.09440647,-0.34077063,0.2557744,0.096123174,0.46180290000000007,-0.24938226,0.12482489,0.03302515,-0.31594482,0.08826653,-0.03686157,-0.13759972,0.48908088,-0.46135783,0.28793174,-0.26060507,-0.49394673,-0.22844094,0.014244023,0.4146775,0.04076779,-0.32249895,0.00029601716,0.3558301,-0.38337126,-0.32271279999999997,-0.7537244000000001,-0.13145101,-0.37261745,0.23123779999999997,-0.11511755,0.24292235,-0.06665641,-0.3150865,-0.15243895,0.5366466999999999,-0.010047926,0.0010192763,0.07781973,-0.5295194000000001,-0.04757358,0.10606879,0.06451051,0.40311643,0.007876644,-0.06616464,-0.107102364,0.34426826,-0.23110965,0.03318034,-0.13163429999999998,0.08029308,-0.29375786,-0.26400438,-0.13340726,-0.45468113,0.19547799999999999,0.20971113,0.29639572,0.005393596,-0.056489922000000005,-0.41929182,0.040007263,0.090780325,0.1864573,0.31631329999999996,0.0781015,0.5073149,-0.007246386,-0.1873636,0.028539974,0.16188781,-0.43179622,9.023563e-05,-0.22127444,-0.20781909,0.008736377,0.6658835999999999,0.17868698,-0.23218551,-0.21383697,0.14281464,0.041139673,-0.07450568,-0.17279303,0.025905563,0.35329968,0.18153842,0.23883376,-0.36018363,-0.042590294,0.04753202,-0.24138981,0.64863855,-0.047451027,0.009184645,-0.20858333,-0.07791355,0.24812539,-0.19664066,0.015769085,0.14956316,0.32506427,-0.08783780000000001,-0.19553038,0.3001297,-0.035868912999999995,-0.16897249,0.28807053,0.13509722,0.020235745,0.20270427,-0.36187127,-0.36134252,-0.30154845,0.0076530026,0.11700753,-0.49995655,-0.11280582,-0.11298155,-0.30230534,0.22039765,-0.094580784,-0.20979036,0.10091672,0.11201882,-0.42325464,0.018714726,0.07691640400000001,-0.062137116,-0.20824401,-0.053775735,-0.05427284,-0.95124054,0.032032553,0.14021026,-0.19415885,0.38001034,-0.1965692,-0.40206102,0.027606245,-0.25997034,-0.24631552,0.18897834,-0.06339711,-0.5933656,-0.08465312400000001,0.19259842,0.045268763,0.42948207,-0.3641478,0.43922916,0.18695079999999997,0.12406079,0.0353091,-0.54879826,0.24399552,-0.30382875,-0.52333313,-0.048489727,-0.37214753,-0.03226671,-0.115002744,-0.18343177,-0.117280066,0.114016205,0.28080654,0.023488422999999998,0.13462055,-0.0007444353999999999,0.021094697000000003,-0.5729489000000001,0.06253513,0.1527779,0.095680125,-0.11827004,0.24711353,0.16809297,-0.112356216,-0.5405654000000001,0.40423018,-0.36853403,-0.1045462,-0.03371374,0.03902542,-0.15269570000000002,0.3069232,-0.2750527,-0.016798308,0.1933384,-0.10577015,0.15411772,0.359955,0.110496126,-0.16576960000000002,0.05627548,-0.014040478,0.12944414,0.75489545,-0.24764103,0.30680440000000003,0.25697336,0.07645801,0.044253815,0.3038108,0.12851767,-0.27901155,0.2675285,0.10976749999999999,-0.48467380000000004,0.31641420000000003,0.078021094,-0.24463992,-0.34895808,0.65851575,0.5453522,-0.113897465,-0.37009367,0.00038419085,-0.35602558,-0.32976204,-0.113193534,0.094435915,0.094174035,0.5873832,-0.28893062,0.19402564,0.17912702,-0.41407385,-0.24076812,-0.07246895,0.2632105,-0.095514335,0.47181693,-0.37503424,0.35026836,-0.19457528,-0.017517686,-0.08451105,-0.08853815,0.11412333,0.09039638,-0.104542255,0.13799337,0.55401933,0.45272264,0.46801612,0.19972913,0.3648086,0.068494536,0.7406539000000001,0.41212472,0.26554444,0.36380067,-0.13067223,-0.22748566,0.09206467,0.46432412,0.26001066,0.34032875,0.11515584599999999,0.8507004000000001,0.18408063,0.017137103,0.46904537,-0.61338526,-0.22955722,0.0894787,-0.018449988,-0.39181152,-0.11138524,0.040863596,-0.20958026,-0.006019317,-0.31376886,-0.45346543,-0.39216247,0.43385494,-0.080009624,-0.16383812,-0.09461145,0.19347323,0.044933445999999995,0.003429153,-0.42194283,-0.1771002,-0.15649794,-0.36772642,-0.117819704,-0.019796208,-0.27006149999999995,-0.3524425,-0.04569844,-0.10886515,0.11130709,-0.1753221,0.07232527400000001,-0.26188806,0.512702,0.27611855,0.54768944,0.08437914,0.036673952,-0.3101502,-0.016986808,0.16994032,0.3129024,0.09457631400000001,-0.124248184,0.36805174,-0.37443158,0.10768524,0.05634866,0.55575943,-0.66369766,0.0670578,-0.32000807,-0.04969735,0.057420667,0.05749738,-0.15925924,0.30114838,-0.35731933,-0.25122496,0.13503127,0.030327879,-0.13748387,0.002111486,0.023948995,0.39514267,-0.18219570000000002,0.091579616,0.12828015,0.26255122,0.12067187,-0.033686657,-0.15130292,-0.36601272,-0.24051647,0.028155336,-0.09957121,0.1654151,0.25909445,0.15574218,0.00390963,-0.07653773,0.5976555,-0.23827296,0.022509137000000002,-0.31824526,-0.3213759,-0.3254685,-0.37813324,-0.18502599,0.14868571,-0.19435577,0.08107058,-0.02589899,-0.11525287,-0.15319031,0.25297228,-0.0155404145
138,6,-0.18554935,-0.023972234,0.42986494,0.0853081,0.16776109,-0.3361622,-0.18544146,0.5887609,0.077243544,-0.40517443,0.19024059999999998,-0.29011002,0.14740106,0.42780948,-0.14410941,0.40079588,0.02350511,-0.014649971999999999,-0.031025635,0.29584214,0.13751842,-0.24607016,0.17634353,0.52833045,0.04878377,-0.24049853,-0.0043349275,-0.2339005,-0.2376489,-0.05281672,0.64888394,0.1407345,-0.25360876,-0.16142385,0.052191336,-0.0973428,-0.06524217,0.06511918,-0.11547616,0.016214797,-0.46515477,-0.19594129999999998,-0.08751160000000001,-0.065817006,-0.20966039999999997,-0.27930920000000004,0.24246252,-0.16515191,0.12415404,-0.025478484,-0.4134117,-0.13821442,-0.26754254,-0.01020028,0.10099805,0.6395147,0.14774264,-0.3365377,-0.5412339,-0.22139579,0.5398358,-0.1768055,0.061457887,-0.43017533,0.21538004,0.027650334,0.23965958,0.20139298,-0.5413536,-0.27379015,-0.34138814,-0.048461847,-0.30966058,0.032978572000000005,-0.38834309999999994,-0.0039284024,-0.07917548,0.22293732,0.11255506,-0.06892122,-0.27746993,0.28276357,-0.41259759999999995,0.5349984999999999,-0.027885788999999998,0.28431505,0.42960232,0.15568289999999999,-0.350152,0.6128768,0.58813316,-0.6327655,0.32767853,-0.22795516,0.1179272,-0.04000214,0.49661064,0.14650255,-0.04460675,0.6806798000000001,0.1775874,-0.21162699,-0.14855297,-0.44255492,0.17057873,-0.21581164,0.16162343,0.30273873,0.21380125,0.18029642,-0.04612857,-0.0047829809999999995,-0.17420398,-0.26848903,-0.29354668,-0.14047955,-0.09516155,-0.110982254,0.40785959999999993,0.39835182,0.24288273,-0.00505204,0.13567244,0.8137036,0.08369581,-0.044725057,-0.24498327,0.25863862,-0.2857825,-0.15024652,0.18798175,0.12239842,-0.05351738,-0.5214172,-0.19141164,0.099855505,0.03191084,-0.28377616,-0.44268164,-0.15393524,-0.036998626,-0.13046221,0.18899538,0.17112042,-0.28188179999999996,0.10248611,-0.20697547,-0.34560925,-0.1840196,0.15891725,-0.022559697000000004,-0.23263656,0.10586551599999999,-0.25412908,-0.06534849,-0.028025806,-0.3143188,0.19994165,-0.33353838,0.12161861,0.314337,-0.20679812,-0.09318789,0.32204753,0.33890203,-0.08906486,0.11677365,0.38385108,-0.14614458,0.17223695,0.067938976,0.09387644,0.69715124,-0.3096497,-0.030769749,-0.23975177,0.46251090000000006,0.131128,0.2320025,0.10357649,-0.52057624,0.23483755,-0.05129057,0.18101656,0.2453982,-0.09195781,0.23518156,-0.21957116,0.13241738,-0.058531564,-0.35390818,-0.21701714,-0.30655709999999997,-0.16802008,0.49077857,-0.5472685,-0.0682365,-0.04020907,-0.38561273,0.09386169999999999,0.053942114000000006,0.01904576,0.29963094,0.3503639,-0.15499970000000002,-0.26613468,0.290867,-0.21091765,0.039990753,0.48398158,0.12538283,0.34178686,0.07481758,-0.26808158,-0.08958617,-0.002270929,-0.013212287,-0.036595643,0.4880969,-0.081398375,0.17886311,-0.007574985699999999,-0.28462493,0.4690799,0.035675816,0.6190386999999999,-0.10813078,-0.8365483,0.24156682,0.26242524,-0.15796866,-0.23162723,0.7540717,-0.27817765,0.15425402,-0.036886185,-0.17862073,-0.40409452,-0.10530519999999999,-0.21613906,-0.30282226,0.6463151999999999,0.09324157,0.12704322,0.25460494,0.06375096,-0.21760729,-0.09338848,-0.02799665,-0.31698412,-0.44473609999999997,-0.1354662,0.031440712999999995,-0.47697312,-0.18771224,-0.39254224,-0.11511519,-0.37808666,-0.06295264,-0.09249323599999999,0.47181988,0.15588921,-0.25861743,-0.13984646,-0.30777693,-0.3920229,-0.23611581,0.28840792,0.09771569999999999,0.21213649,0.17059506,-0.030173015,-0.038839296,0.49586034,-0.14025211,0.0015622998000000001,0.25835934,0.09290492,0.09411994,-0.34227670000000004,0.26394418,0.31970188,-0.006607065400000001,-0.029355982000000003,0.004333656,-0.27172214,0.12767185,0.062381162999999996,-0.20255804,-0.2334299,0.017349476000000003,-0.06352803,-0.45655182,-0.33669284,0.5479807,-0.026055796000000003,-0.04895116,0.2041951,0.2336363,-0.02999969,-0.24107555,-0.050429992,0.1879412,0.34852406,-0.26468387,-0.09845588,-0.24824871,-0.32077417,-4.4818153,-0.16287449,0.2105316,-0.22041182,0.19724049,-0.10113468,0.11984901,-0.25277662,-0.6389683,-0.27300355,0.10195052,-0.2063179,0.19126952,0.2811884,0.28165525,0.48572353,0.086117364,0.05367766,0.12521365,0.5427621,-0.14486271,-0.44291329999999995,0.34171426,-0.28167218,0.24881165,0.36131012,-0.2784162,-0.11828512,-0.3365092,-0.09372663,0.11404735,-0.15908568,-0.009437799999999998,-0.027356507000000002,0.32383922,-0.10400282,0.16498195,-0.55311763,-0.30834052,-0.38062114,-0.013812883,-0.5749984,0.1373126,-0.06928403,0.6841062,-0.27932274,-0.04344966,0.14521307,-0.13009724,0.37117603,0.30274963,-0.09026527,-0.36079532,-0.2822746,-0.23106436,-0.053064852999999995,0.48876260000000005,0.37207487,-0.25437447,-0.19088918,-0.16702215,-0.014822378999999998,-0.7211991999999999,-0.08115406,-0.055435583,-0.05619545,-0.23232567,-0.15373096,0.13722444,-0.007027790999999999,0.22434784,0.27106735,-0.22877797,-0.58594847,-0.04220049,0.050999314000000004,0.04231473400000001,0.015989104,0.20591287,-0.092727944,-0.23914361,-0.14072041,0.108731315,-0.24937598,-0.20461643,-0.31226679999999996,0.1600724,-0.3342855,-0.36658356,-0.5094456,0.17635934,0.17223357,0.28004587,0.11894255,0.28058195,0.0032623096000000003,0.37170357,-0.28462523,-0.00047574312000000005,-0.51873446,0.31900492,0.36241475,0.35233465,-0.0772371,0.1595733,0.033264153,-0.11592526,0.14538302,0.35905856,-0.12186949,0.5094310000000001,-0.6091946999999999,0.43840367,-0.13134155,-0.48311064,-0.1551349,0.26241732,0.42948392,-0.14866798,-0.2590347,-0.13994905,0.58553195,-0.3579236,-0.45510966,-0.86437744,0.15849733,-0.4078083,0.06404483,-0.30981418,0.25666445,-0.23670477,-0.19173041,-0.28727034,0.44784300000000005,-0.090007074,0.09905689999999999,0.051081787999999996,-0.43877307,0.16794056,-0.12665962,0.30939066,0.28919652,0.1626341,-0.13822229,-0.021314958,0.20926577,0.02716613,-0.03217803,-0.1541285,0.20773527,-0.39399192,-0.5318308,-0.09126842,-0.25204852,0.15821214,0.11368963,0.25376052,-0.24653448,0.0022010598000000003,-0.46090410000000004,0.28963688,0.15059036,0.3239264,0.41815883,0.11278143,0.62809175,0.08715915,-0.26288903,-0.065599844,0.21754402,-0.3802491,0.022835074,-0.2793805,-0.4009478,-0.14093181,0.5029189000000001,-0.08087075,-0.083358906,-0.25135008,0.202261,-0.096054666,-0.016085105,-0.35312796,-0.13507788,0.24526459,0.22544734,0.065018415,-0.3542037,-0.005336535600000001,0.27276078,-0.1444085,0.5026181,-0.10021929,-0.06657410400000001,-0.07628947,-0.12921786,0.39247313,-0.5411535,-0.17684782,-0.05641755,0.560427,0.12071732,-0.0047985879999999995,0.1463358,-0.18101005,-0.17998604,0.3192992,0.25235277,0.0685435,0.14471528,-0.23585841,-0.22618166,-0.42016673,0.20995636,-0.07104807,-0.5286949000000001,0.26077518,0.08617536,-0.3610725,0.30524275,-0.12530337,-0.10434938,-0.056705624,-0.030785742999999997,-0.6108818,-0.21524723,0.3065634,-0.1005684,-0.22029859999999998,-0.13169341,0.050643205999999996,-0.7563516,-0.03520836,-0.014341913000000001,-0.27076849999999997,0.40810487,0.10174469,-0.21160378,0.21719283,-0.12866904,-0.42413774,0.10175529999999999,0.031176204,-0.33722827,0.08617794,0.20092537,-0.15375614,0.31639692,-0.43551978,0.52208,0.046462095999999994,0.095413804,-0.08609843,-0.36102042,0.12847227,-0.3047573,-0.47138393,0.109470494,-0.42267135,-0.2085212,-0.17781639,-0.16790178,-0.05835218,-0.12093454599999999,0.3012384,0.10967344,0.06059872400000001,0.18010399,-0.01696974,-0.35621790000000003,0.11295348,-0.119747736,0.4235334,-0.092050575,0.41140366,0.016750486999999998,-0.33229315,-0.4415567,0.6574154999999999,-0.19702588,-0.16175763,-0.20119514,0.31492746,-0.27989998,0.23680736,-0.27109277,-0.25114033,0.22959247,0.11701102599999999,-0.16372374,0.35068765,-0.24169065,-0.013972226499999999,-0.07960345,-0.16343687,-0.020654378,0.5507685999999999,-0.38949573,0.31365728,0.027879737,0.12366911,-0.0023377738,0.36475676,0.3597277,-0.11360293,0.28604573,0.128866,-0.5629849,0.3301572,0.12731984,-0.23206308,-0.44962959999999996,0.61638343,0.43841675,-0.2377101,-0.3358365,0.100245,-0.21898898,0.1339036,0.00044528538,0.24909592,-0.025911825,0.7640501000000001,-0.16475768,0.15240765,0.11333548,-0.31343395,-0.20323221,0.15787607,0.199173,0.17137349999999998,0.30381143,-0.58858234,0.40860748,-0.028108107,0.060156934,-0.27695894,-0.08873472,0.14146851,0.04259476400000001,-0.03184128,0.10647541,0.6278455,0.4014552,0.39787740000000005,0.40667108,0.33769232,-0.26297542,0.6792516,0.32760173,0.22788778,0.5178134,-0.13584338,0.10183289999999999,-0.0056768036,0.5692946,0.24431473,0.35070609999999997,-0.107080564,0.8852911,0.29742277,0.12350522,0.27809346,-0.3241232,-0.052558117,0.31290594,0.069368005,-0.49714214,-0.29117447,-0.15537715,-0.15702312,0.07086414,-0.07995980000000001,-0.33187872,-0.34973732,0.3381223,0.041876145,-0.1500112,-0.21898247,0.17928791,0.0110458955,0.08783183,-0.29328597,-0.12323508,-0.118809395,-0.5272625,-0.075855196,0.0030393215999999995,-0.16391914,-0.21362045,-0.11024247,-0.0075362630000000005,0.038366366,-0.32875273,-0.063074395,-0.2534944,0.394165,0.15904212,0.34252107,0.22077656,0.15139572,-0.37442884,-0.049997933,0.17495492,0.124761306,0.22694904,-0.07681684,0.52985007,-0.30334955,0.13160555,0.18770845,0.37185097,-0.5590321999999999,0.17993495,-0.13553728,-0.08853901,0.014114177,0.25977916,-0.3565129,0.3778242,-0.39984974,-0.14277335,0.041694347,0.1250318,-0.08121883,-0.11069308,-0.004744233,0.37429816,-0.31941846,0.17021623,-0.08635591,0.37440127,0.337917,-0.10139139,-0.2925461,-0.2938881,-0.32962420000000003,-0.18469867,-0.13185166,0.070646755,0.39102504,0.24343799,0.11301099999999999,-0.09902837,0.7856081,-0.46750936,-0.13710006,-0.22172149,-0.22132516,-0.3852277,-0.11004879,-0.18995097,0.09681837,-0.15161668,-0.078884766,0.09564218,-0.03704756,-0.48029009,0.2044054,0.014018873999999999
139,0,-0.06977934400000001,-0.23575766,0.2094448,-0.09705657,0.009832534,-0.10144404,0.10999883,0.19150908,0.09800296,-0.17356946,-0.18645036,-0.28883952,-0.16979168,0.37076020000000004,-0.06338266,0.35983318,-0.052693166,-0.06505742,-0.17578895,0.13321254,0.17053220000000002,0.074514784,0.1041557,0.00011894107,0.48001179999999993,-0.08336166,-0.23953667,-0.19235447,-0.39914292,0.07198266,0.07439609,0.09521913,-0.14167766,-0.10137248,-0.31539854,-0.20072916,-0.0034530821999999997,0.116927125,-0.24887349,0.16909382,-0.45593736,-0.13009204,0.13714716,-0.087397456,-0.27852616,-0.40320042,-0.23784879999999997,-0.057866275,-0.08538446599999999,-0.26395690000000005,-0.6360451,0.23362465,-0.1356297,0.40331766,-0.05266452,0.33824223,-0.07561888,-0.43019268,-0.43694064,-0.31197658,0.23203442,0.0426083,0.20659061,0.07145983,0.31705528,0.49553186,-0.27838033,0.15775117,-0.7126216,0.5598255999999999,-0.25701135,-0.08941084,-0.22522078,-0.14241302,-0.03622141,0.073184215,-0.13540934,0.23800108,-0.14872818,0.036940373,-0.26245633,0.103896074,-0.34056833,0.14784499,0.21778499,-0.14136647,-0.072712496,0.12389934,0.08230503,0.35452384,-0.061651025,-0.13337895,-0.15366308,0.012905613500000001,0.45449486,-0.41093215,0.13565584,-0.016996166,-0.19043575,0.4127129,-0.008801813,-0.6062074000000001,0.17956194,-0.24209063,-0.10192411400000001,-0.19302914,-0.14937083,0.1587006,0.044853866,-0.07572971,0.03183131,0.08329099400000001,0.08291926,-0.01946303,-0.039775047,0.45420536,0.28779587,0.07192813,0.21857043,0.2264435,-0.38746446,0.18300219,0.19783571,0.5828768,0.18954495,0.52023435,0.21081604,0.29947752,-0.22917864,-0.40982290000000005,0.0015638683999999999,0.19936523,0.42012078,-0.19055602,-0.09947157,-0.14149758,0.24966861,-0.11691197,-0.33444473,0.17215426,0.017741727,0.12069708,0.40557,-0.16716982,0.32435942,0.09457041,-0.314105,-0.21270849,0.5039674,0.20168729999999999,0.11466245,0.0121522,-0.14004895,-0.26132587,-0.27599135,-0.07916917,-0.18958616,0.32790014,-0.029772648999999998,0.20844354,0.45389965,0.030081049,0.16212161,0.30701917,0.3385906,-0.18706346,0.13684788,-0.011784663,-0.14176737,0.14287004,-0.27796695,-0.3737773,0.45172614,-0.20207502,-0.009898371,0.19991699,0.14562751,0.024200608999999998,0.1530465,-0.37644434,-0.9270619000000001,0.48100686,-0.20967676,-0.6277235999999999,0.35853383,-0.27201936,0.38598415,-0.258787,0.13883463,0.11737144,-0.22189243,-0.23463687,0.039570894,-0.27774832,0.4846874,-0.40572932,-0.2838425,-0.17554644,-0.31805986,0.1905229,0.10721157,0.10180085,0.03532911,0.03520881,-0.15695044,0.26375479999999996,-0.05040123,0.14188378,0.054694712,0.39075540000000003,-0.43169042,0.52534735,0.0021465945,-0.20308962,0.23515186,0.04914391,0.4064284,-0.36608179999999996,-0.12745462,-0.08324685,0.05156825,-0.42554322,-0.35937706,0.501757,-0.22685884,0.6116029000000001,-0.05864321,-0.17996027,0.19737127,0.048680954000000005,-0.18102552,-0.008075445,0.54754883,0.11890764,0.08604197,0.0043519629999999995,-0.15530871,0.02342135,-0.07441585,-0.02418633,-0.028207222,0.36342952,0.12614457,0.28818002,-0.07106714,-0.15510066,-0.17350508,-0.10907614,-0.14943062,-0.30439,-0.5455925,-0.68944556,-0.14723332,-0.20517573,-0.2555034,-0.36199406,-0.28464043,0.20962195,0.19400488,0.1841125,0.056225628,0.34145465,-0.012986563999999999,0.3895804,-0.49371427,0.013690529,-0.020291345,0.10238646,0.49256435,0.2419393,-0.18910837,-0.35446963,-0.08749554,0.17127787,-0.31727478,-0.01639296,0.26903856,0.30000404,-0.12274639999999999,0.042764194000000005,0.3143858,0.47538546,0.051127106,0.13103673,0.09404304,-0.5552343000000001,0.30103496,0.12476276,0.05541673,-0.16564806,-0.03095743,0.003617192,-0.33748478,-0.15098436,0.36106855,-0.12521975,0.3239999,0.116460405,-0.24027082,-0.018619586,-0.05306479,-0.27273545,-0.19527595,0.29425029999999996,-0.144402,-0.11751938,-0.09922521,-0.30399194,-4.688632,-0.30134398,0.0198183,-0.20072292,0.22263932,0.14336069,-0.083925866,-0.14008853,-0.3996908,-0.037091497,-0.26417914,-0.35025913,0.26032242,0.22904041,0.2848728,0.19272518,-0.18032606,-0.09417916,-0.054063837999999996,0.6267423000000001,-0.15022862,-0.100826465,-0.02793624,-0.060000005999999995,0.14631902,0.43993047,-0.42391863,0.0920492,-0.4344419,-0.32168618,0.07294969,-0.29648295,0.069488525,0.04626334,-0.2822551,0.059822388,-0.012728357,0.084174864,0.1431605,0.036473900000000004,0.10256163,0.14118974,0.3251272,-0.027865622000000003,0.56069165,-0.31077957,-0.31523029999999996,-0.2834795,0.058505262999999995,0.002651021,-0.23475192,-0.10632451,0.14320274,-0.18859933,0.06881114,0.159601,0.19189194,0.24235895,0.18074454,-0.50049406,0.22193076,-0.38579179999999996,-0.1656932,-0.1317795,-0.1803484,-0.42872435,-0.31344205,0.04466482,0.18758953,0.26989058,-0.13746092,0.17467327,-0.15828334,-1.0754783,-0.24602933,0.0038484314,-0.100686654,0.006915168,0.29017144,-0.3295978,-0.49619913,-0.3136697,-0.05563071,0.2664605,0.13930103,-0.15685783,0.098524705,-0.31334302,-0.10459774,-0.002464652,-0.21682635,0.35704008,0.02853629,0.13143423,-0.031003324,0.30034724,0.3997509,-0.39702764,0.35601476,-0.073633425,0.5742473000000001,0.12459738599999999,0.18060024,-0.035526287000000004,-0.27270743,0.29553470000000004,-0.60344535,0.23502812,0.12620829,0.17387675,0.19885431,-0.36343122,0.14841434,-0.30373105,-0.237911,0.13663973,-0.46306118,0.09853605,0.21642642,0.06906594,-0.38855213,0.7069810000000001,-0.21837089999999998,-0.32296678,-0.45159970000000005,-0.03172904,-0.03696855,0.14767207,-0.30579016,-0.07009484,-0.110898755,0.041805975,-0.02669079,0.11613866,-0.018907273,-0.30795159999999994,-0.06574363,0.13961229,0.30033866,-0.042535357,0.10193549,0.043019462,-0.053124002999999996,0.3028031,0.28481609999999996,0.28573617,0.15646286,0.033993397,0.08311219,0.18317083,0.213746,-0.66254723,0.33370075,-0.26588976,0.07476755,-0.53255135,0.36520514,-0.13901088,-0.41619152,0.18465556,0.102713086,-0.029898986000000002,0.058270447,0.18643872,-0.24860656,0.28440377,0.0115598375,-0.005529191,-0.20176674,0.025786204,-0.48717790000000005,0.11496086400000001,-0.075321116,0.08681427,0.1565562,0.042875443,0.113825984,-0.05828645,-0.04738689,0.15021442,0.017167082,-0.04902264,-0.0044680038,0.22173426,0.44741789,-0.017842276,0.29855075,-0.16622855,0.025527759,0.19763039999999998,-0.18956862,0.032057999999999996,-0.32364348,-0.16656554,-0.52664715,-0.063385315,0.32517862,-0.18694718,0.18611312,0.35489193,0.10617859,0.34507576,-0.11859695,-0.078683,0.27332488,-0.07631833,-0.07124818,-0.07232243599999999,-0.2649457,0.21007612,-0.33632725,-0.30315240000000004,0.096320525,-0.4453973,-0.25051922,-0.15335123,-0.043242595999999994,0.031502392000000004,0.0036402005,-0.11915787,0.04368805,-0.49395117,0.20393597,-0.30978057,-0.08439123,-0.009142786,-0.10909141,-0.19434036,-0.025816073999999998,-0.11637791,-0.017803183,-0.39623317,0.22504203,0.07035529,-0.27164733,-0.38363066,-0.27487552,-0.010745236000000002,-0.31723616,-0.13291807,0.02480225,-0.42165324,0.09764757,-0.7055920999999999,-0.007640338000000001,-0.1406029,0.17142758,0.31341153,0.1838948,0.81181234,0.14031227,-0.0046579083,-0.40693143,-0.33264187,0.17194775,-0.1442552,0.0642008,-0.04864994,-0.26644892,0.08790486,-0.073454335,0.18869092,-0.11030464599999999,0.32790040000000004,0.024497267000000003,0.12042634,0.257389,0.30644974,0.23772967,0.14135267,-0.22502329999999998,0.042477872,0.13525288,0.40799984,0.060526825,-0.088392995,-0.12756097,0.07434656,-0.055014997999999996,-0.24661681,0.11788559,0.23639427,-0.020454928,0.17433510000000002,0.6076305999999999,-0.099695966,-0.17690039,-0.007916444,0.09116148,0.029454324,-0.34589553,0.22952874,0.014560985,0.19920492,0.011226481000000002,0.2506253,0.49520138,0.14805348,-0.23080121,-0.0010016582000000002,0.015492976,0.06418364,0.15430878,0.45066562,-0.47117162,0.14912166,0.41608402,-0.39081565,0.18559325,0.35675627,0.045865305,-0.37176815,0.36183473,0.38408774,-0.00020956993000000002,-0.52451664,-0.04781453,-0.4605581,-0.1811553,0.13817647,0.037606485,-0.16519675,0.45657665,0.044188645,-0.26703513,0.06771177,-0.29127496,-0.31093884,-0.12603411,0.15501751,0.18797931,0.79291284,-0.40502805,0.5263551,-0.20899846,-0.037017755,0.29529294,-0.16526191,0.22811739,-0.11838966599999999,0.019772928000000002,0.33541942,0.37732092,-0.038932633,0.10207539,-0.06524929,0.24323435,0.09454999,0.3694401,0.6263339,0.15448448,0.30984905,-0.24492428,-0.3892447,-0.031786323,0.2909941,-0.060485356,0.04281308,-0.024840128,0.1782757,0.08660022,-0.015222392,0.16437043,-0.2730276,-0.07645666,0.20622118,0.27709174,-0.40822625,0.035643082,0.05591929,-0.019110406,0.23595758,-0.12471347,0.120917596,-0.365611,0.32638592,0.043792896,0.18747568,-0.24985120000000002,0.21857484,0.17827824,0.07160662,-0.5161758,0.03640091,0.13082941,-0.70139587,0.008479263,0.12267039,-0.09713317,-0.11950499,0.07637395,-0.47955066,0.1741716,-0.29051194,0.22668222,0.0666443,0.24891226,0.29627672,0.54637855,0.19380787,0.17849071,-0.38399115,0.19765468,0.02985706,0.10531784,-0.043726962,0.0013153382999999998,0.18116346,-0.37387425,-0.09396164,0.3103598,0.29245496,-0.7611826999999999,0.00035710633000000003,-0.09840101,0.05268267,-0.091462,-0.110501476,0.17571378,-0.0107694315,-0.47410157,-0.22165756,-0.16300382,0.31303754,-0.14532068,-0.11320972,-0.041128676,0.24947093,-0.04873824,-0.0052639022,0.41478109999999996,0.56125444,0.36885044,-0.25463322,0.53277296,-0.6565361999999999,0.24089955,-0.14704262,-0.1876766,-0.18945992,-0.24387512,0.28289658,0.13244422,0.42608866,-0.48681620000000003,0.09169344,-0.055158563,-0.40113077,-0.3933558,-0.5570741,0.11919768,0.11325811,-0.06542866,-0.20589045,-0.3197871,0.1058417,0.052369487,-0.0011505133,0.12305326,0.17164065
140,19,-0.01706431,-0.013492878500000001,0.1767901,0.15920125,0.11522855,0.008640555,0.059633695,0.49096048,-0.07608102,-0.3553572,0.40254146,-0.45732018,-0.042744286,0.46811318,-0.09371789999999999,0.66708905,-0.10767249,-0.047239754,-0.23406771,0.46627355,0.35237779999999996,-0.10322237,0.12937129,0.37773323,0.2560712,-0.0028847496,-0.20006365,-0.11562890599999999,-0.09342476,-0.23081876,0.51302916,0.18403842,-0.33756652,-0.13974574,-0.0039332705,0.036640126,-0.22963454,0.019679299,-0.011836343000000001,-0.060152434000000005,-0.8847686,-0.3006835,-0.01185776,-0.06000219,-0.33289644,-0.3908133,0.23323089999999996,-0.21089432,0.006645974200000001,0.07372051,-0.2663769,-0.00021887616000000002,0.032511293999999996,0.09002502,-0.05591197,0.5709694000000001,-0.22689776,-0.47449037,-0.6483469000000001,-0.23645778,0.31914556,-0.045837432000000004,-0.066074446,-0.5335786,0.5947482,0.21329579,0.21170096,0.44095662,-0.56600076,-0.007281337,-0.3807842,0.083406076,-0.27724028,0.20662232,0.19520368,0.09646221,0.08203884,0.39216593,-0.3198532,-0.039051924,-0.34634380000000003,0.33438852,-0.64246935,0.06804,0.023170115,-0.035341695,-0.023284508,-0.06447268,-0.35579404,0.45637026,0.34208679999999997,-0.30120203,0.23414046,-0.17194995,0.13878453,-0.25675797,0.43820664,0.28720975,0.006939254000000001,0.65737,0.15521695,-0.29556796,0.14840049,-0.3262716,-0.040041327,-0.21260987,0.04159634,0.14447491,0.109827176,0.21853586,0.1267077,0.10744183,-0.4010047,-0.091976695,-0.28312808,0.08721799400000001,0.23622943,-0.04897958400000001,0.037926465,0.32306215,-0.39088354,0.020721063,0.19862017,0.5871,0.00532291,0.04907004,-0.18668479999999998,0.10730724,-0.21085268,-0.31277966,0.041004244,0.19106498,0.33742514,-0.37622413,-0.37713978,-0.005721544,-0.15203314,-0.23686318,-0.5512779999999999,0.033242653999999996,0.08695123,-0.16691335,0.41097528,-0.09335597,0.0077041364000000005,0.26184009999999996,-0.13523406,-0.19921874,-0.20981902,0.21813890000000002,0.022220135,-0.25222945,0.23001431,-0.17238021,-0.22781773,-0.22558288,-0.50074637,0.18742594,-0.18955642,0.13992918,0.6340935000000001,-0.06803768,0.09924815599999999,0.5420691999999999,0.29830638,0.1478724,0.18151735,0.30187425,-0.22702567,0.30997357,-0.23700494,0.17471483,0.8637348,-0.4401638,-0.1808182,0.038594466,0.10733868,0.15883413,0.08545542,0.1773958,-0.5252380999999999,-0.17504449,-0.09801024,-0.15681627,0.281528,-0.13394323,0.0830993,-0.15779802,0.2632921,-0.0024866152,-0.39501790000000003,-0.12052488,-0.06805738,0.06566212,0.26075798,-0.36747286,-0.123783804,0.11068067,-0.31163678,0.19752637,0.34918913,-0.031864353,0.143871,0.17768514,-0.12056135,-0.030033544,0.1167461,-0.13562761,-0.002522075,0.32967883,-0.1971517,0.6233778,-0.038383613999999996,0.20141654,0.01046575,0.010110478,0.48992148,-0.17040226,0.24205825,-0.37457147,0.15318002,-0.0073069977,-0.24413274,0.2812335,0.040666368,0.63684046,0.14650773,-0.38212436,0.24078333,0.22720386,-0.20956388,-0.16797766,0.7268525,-0.20778985,-0.068499275,-0.059839085,-0.29026344,-0.477617,0.03175924,-0.2236493,-0.19211756,0.40830064,0.13347004,0.21576235,0.25343448,0.16329879,0.07272158599999999,0.10158937,-0.1576267,-0.23012166,-0.6539315,-0.32911772,0.11993009,-0.43692780000000003,-0.13751669,-0.4436986,-0.30599436,-0.28754076,0.04443874,0.2685277,0.5207126,0.29229847,-0.0961829,0.022452147999999998,-0.3375728,-0.41124356,0.02749384,0.12788233,0.1768004,0.22681892,0.2220317,-0.28196847,-0.07910645,0.80982256,-0.010504092,0.005880781,0.08731037400000001,-0.30852959999999996,0.10443494,-0.04869885400000001,0.3320435,0.3010211,-0.24939056,0.37282017,-0.15987712,-0.29270753,0.022316176,0.23283464,-0.24409696,-0.6654401999999999,-0.11971324,-0.055828255,-0.13841559,-0.13173334,0.59227014,0.02729242,-0.082292244,0.107763015,-0.050593857,-0.23909931,-0.22700246,-0.09089232,0.04097455,0.36137024,-0.500506,0.15737319,-0.24377412,-0.30895078,-3.8749661,-0.07917694,0.06579449,-0.4594195,0.24022071,0.020556733,0.18310837,-0.058678027,-0.23416042,-0.25122237,0.03350492,-0.20959345,0.27401859999999995,0.17572606,0.29466802,0.35776633,0.26944327,-0.1633753,-0.22375469,0.6545211999999999,-0.1199705,-0.1274483,-0.014724831,-0.13488953,0.49003077,0.39006567,-0.12776813,-0.02736121,-0.3889053,-0.17742324,0.3615983,-0.0020913263000000002,0.24063833,0.19328313,0.16981672,0.16140477,-0.076879315,-0.3247348,-0.02446998,-0.35988075,-0.16776174,-0.5489566,0.046373054000000004,-0.36962372,0.7321629,-0.11938826,-0.30003724,-0.31067964,0.021983212000000002,0.31813124,0.030158771,-0.14799914,-0.15171054,-0.39081220000000005,-0.038499855,0.14403093,0.39376706,0.48016062,-0.11034628,-0.4587977,0.10785815,-0.18983078,-0.46560538,-0.30155814,0.07916148,-0.44686267,-0.47613424,0.098333545,0.12860950000000002,0.23019086,0.07285180000000001,0.33928996,-0.4075239,-0.6928439000000001,-0.18313046,0.014748771,-0.13033642,-0.08250648,0.022372697,-0.024461096,-0.35068068,-0.18677215,-0.18562739,-0.06642742,0.06579312,-0.23228933,0.28774294,-0.41533652,-0.52064115,-0.68840384,-0.0028250194,0.13021812,0.025190298,0.3788382,0.13262179999999998,0.068719104,0.28579888,-0.44282213,0.33275545,-0.35573453,0.0851897,0.15730017,0.7003265000000001,-0.039624587,0.15674137,0.20462397,-0.43990186,0.026777997999999997,0.09814879,0.12045729,0.32941326,-0.3797995,0.36866254,-0.13148202,-0.3484434,-0.23218867,0.47729623,0.35459098,0.16687061,-0.13004032,-0.12002786,0.6333578000000001,-0.32756183,-0.42143559999999997,-0.85900474,-0.033250645,-0.39277917,0.08648863,-0.13973525,0.19149695,0.16520585,-0.27877843,-0.34193027,0.47910473,0.13975869,-0.08327502,0.26920429999999995,-0.6031430999999999,0.016513973,0.077601,0.08264487,0.059617493,0.026048937999999997,-0.07480842,-0.2830896,0.43624812,-0.34077620000000003,-0.27252293,-0.15314645,0.23205312,-0.06843336,-0.5589143,0.0015323581,-0.2587966,0.23378035,0.17159347,0.68970114,-0.12849365,-0.07022943,-0.429623,0.19509777,0.07663301,0.38072142,0.4052168,-0.15464729,0.3013877,0.019258294,-0.04731056,0.021836208,-0.16570689,-0.44177395,0.21195684,0.035335056000000004,-0.29911876,-0.07175375,0.49525756,0.21907234,-0.16575736,-0.31345654,-0.22846688,-0.1493175,0.025131796,-0.17492759,0.065975554,0.30998877,0.08722671,0.26325464,-0.24083607,0.019578625,0.19142143,-0.36798832,0.29631612,-0.31451836,0.061642267,-0.25190252,0.00151857,0.42609516,-0.38933483,0.23972897,0.14721255,0.22065361,0.16276778,-0.060116928,0.16264935,-0.093923844,-0.09222265,0.19027641,0.10061423,-0.14864677,0.14359206,-0.17205055,-0.29589045,-0.36362958,-0.17932503,0.12466584,-0.27747467,0.07888171,-0.08469133,-0.08947305,0.28746265,0.04082847,-0.24172223,0.035394356,-0.2153606,-0.41756049999999995,-0.13583747,0.075375296,0.0924444,-0.2960198,-0.03607725,-0.13334753,-0.8586007,-0.08530903,0.13731372,-0.22973385,0.22508435,-0.05810938,-0.39574778,0.086372085,-0.16739075,0.25873256,0.13203445,0.10665629,-0.41643775,0.11523499999999999,0.14814614,-0.04211308,0.39699283,-0.24312052,0.24501838,0.06298718,0.072310925,-0.21864663,-0.23154414,0.19296171,-0.24762712,-0.46185687,0.045080475999999994,-0.34787579999999996,0.016873103,-0.036001906,-0.17073117,-0.09017006,0.06782269,-0.04729226,-0.041789535,0.20050539,0.34673873,0.1467186,-0.50652736,-0.20381744,-0.11955605400000001,0.16683732,-0.28544524,-0.02593566,0.042287715,0.0025959355,-0.41296938,0.25277975,-0.31526628,0.055490155,0.08496226,0.10273993,-0.25345823,0.25374898,0.10328243,-0.33520279999999997,0.24829413,-0.088867284,-0.06793591,0.48636153,0.16821887,-0.31551528,-0.03810507,0.2136719,0.14282702,0.5320387,-0.011677186,0.01940269,0.15773438,-0.10726760000000002,-0.08577774,0.31228223,0.31885174,-0.21697466,0.231052,-0.04036647,-0.64022636,0.33120847,0.21979122,-0.22837873,-0.023344105,0.6771179,0.39697266,-0.5245148000000001,-0.64629316,0.017965853,-0.26996335,-0.27018428,0.030837849,0.3139177,-0.24817169,0.8737749,-0.279916,0.10920747,0.3206567,-0.16459209,-0.14364019,-0.12087301,0.12508647,0.16886199,0.1931141,-0.4474182,0.2536816,-0.18915547,0.047370800000000005,-0.1395916,0.09875044,0.3201392,0.07196189,-0.11469365,0.22734705,0.36735174,0.3295937,0.32319883,0.18722934,0.25519833,-0.13739473,0.8128663,0.30887309999999996,0.14922546,0.55547667,-0.18602220000000003,0.10974427,0.06616378,0.24509120000000004,0.29458243,0.22787054,-0.06893176599999999,0.44251359999999995,0.27189824,-0.027384232999999997,0.31031790000000004,-0.37421218,-0.4546678,-0.044349827,0.09264331,-0.29408592,-0.05382126,-0.10069173599999999,0.04549011,0.046612024,-0.5182738,-0.2377658,-0.48468018,0.28533259999999994,0.11396523,-0.22587556,-0.113827355,0.17353371,0.24636436,-0.14295572,-0.4946845,-0.46003069999999996,-0.18334167,-0.31900778,0.038244866,0.039933268,-0.18852754,-0.43908995,0.029751747999999998,-0.27722093,0.22775862,-0.23123479,0.12557064,-0.28197992,0.33302432,0.16989437,0.40484342,-0.14409621,0.1915501,-0.24747289999999997,0.12540598,-0.020580731,0.36465293,0.19391823,-0.103477456,0.07935981,-0.42049202,-0.023323893999999998,0.0010698481,0.2585423,-0.67000157,0.21182564,-0.030632375,-0.07740815,0.10945839,0.09365694,-0.1984605,0.38963359999999997,-0.29153898,0.108672336,-0.14576101,0.21936347,-0.08625594,0.058612686,0.30689478,0.32014686,-0.024814542000000002,0.15087485,0.13156115,0.31791952,0.14268117,-0.31375277,0.045110222,-0.6072045,-0.2832644,0.15359934,-0.14652689,-0.012694573,0.23261312,0.24758604,-0.019708358,0.059487324,0.44704515,-0.34806225,-0.10187985,-0.36396107,-0.34908828,-0.5674372,-0.051958515999999996,-0.12588613,0.048218699999999996,-0.2613726,-0.21392448,-0.02712711,0.0689168,-0.21893756,0.24445128,0.0009714684599999999
141,6,-0.39790374,-0.17530437,0.47120428,0.07483519,0.15652052,-0.13907126,-0.3101348,0.6435991,-0.027744919,-0.41506696,0.15272571,-0.27310228,0.12767148,0.41670698,-0.1253891,0.31814188,-0.13644247,0.017188903000000002,0.17785095,0.06307945400000001,0.19337371,-0.027620109,0.089846835,0.46689883,0.12745158,-0.15500645,-0.10578609,-0.0024639189,-0.05682829,0.034343507,0.17603771,0.14824106,-0.05348132,0.021551626,-0.047166068,0.05052783,-0.30381364,-0.19100668,-0.25512508,0.3957921,-0.49716187,-0.42271122,0.037019353,0.21762957,-0.33407333,-0.1424101,-0.12045155,0.14015615,0.15367845,-0.07108688,-0.36204892,-0.02653777,-0.06875622,-0.16890791,-0.059142812999999995,0.8429840000000001,0.13450094,-0.28943267,-0.30135359999999994,0.019698251,0.4098655,-0.3310885,0.10717092,-0.29547486,0.30090094,0.09326506,0.032054044,0.39260408,-0.44619805,-0.23891506,-0.49316204,-0.07067849,0.05506346,-0.018774448,-0.10168068,-0.044745475,-0.15143308,0.2558701,0.16534723,-0.02972949,-0.20703657,0.1452006,-0.14572535,0.37504299999999996,0.31063320000000005,0.08072461,-0.10815089,-0.22296001,-0.49269992,0.5026944000000001,0.4591152,-0.499241,0.324154,0.0005380928599999999,0.20349844,-0.21844208,-0.091370806,0.04155225,-0.13778877,0.7304381,0.16940051,0.14168097,-0.16838256,-0.08938264,-0.31311288,-0.19992463,-0.003984413,0.06246385,0.21628200000000003,0.04437496,0.18716614,0.17643419,-0.34656438,-0.11561055,-0.097387694,-0.06983366,-0.13861072,0.002710127,0.4190213,0.114706695,0.11249016,-0.075418204,0.26637217,0.4980691,0.07325114,0.22333995,-0.13158637,0.05707679,-0.2525867,-0.19107760000000001,-0.12436094,0.06542496,0.16184255,-0.521159,-0.08580194,-0.03525053,-0.2661211,-0.21050923,-0.37647104,-0.012355435,-0.16437754,0.039521866,0.2446371,0.032185017999999996,0.03701867,0.19434029999999997,-0.06542506,-0.51001227,-0.0939777,0.31288892,-0.09276977,-0.16107965,0.061237674000000006,-0.08842910000000001,-0.04979697,-0.2687822,-0.13084239,0.36229038,-0.29436588,0.42013624,0.22567587,0.056935012,0.114066236,0.16426085,0.39684322,0.006867537700000001,0.10536467,0.09621211,0.15718181,-0.22052595,-0.001144384,-0.28312042,0.9543956,-0.30078316,-0.20821078,0.034167714,0.56237465,-0.060159534,0.19475496,-0.056276112999999996,-0.6500845000000001,-0.006038895,-0.06783731,-0.06224299999999999,0.19024721,0.2624253,0.08234004,0.020996652999999997,0.32118896,0.34051687,-0.33619413,-0.07073600599999999,-0.17513256,-0.14255142,0.21751969,-0.54739743,-0.06911286,0.007699622299999999,-0.34424222,0.0802085,0.06530525,-0.16988157,0.33018735,0.06955487,-0.28250936,0.10204325,0.20678967,0.07059119,-0.060924053,0.40509793,-0.10168492,0.50291747,-0.057500955,0.016585403999999998,0.12521394,-0.16484964,0.20679218,0.0904725,0.17152901,0.0033987982000000003,0.06932895,0.06311633400000001,-0.19906154,0.24900348,-0.006435864,0.7038449000000001,-0.044865213,-0.48692718,0.06616955,-0.12297910000000002,-0.04716899,-0.18630518,0.46667309999999995,0.018441418,0.11888272,0.27073655,-0.3138114,-0.17634249999999999,0.020539599999999998,-0.21496199,-0.17271720000000002,0.1882456,0.24001236,0.35737163,0.012479191,0.040119175,-0.13639787,0.09019056,-0.037038885,-0.37854198,-0.47411123,-0.55901587,-0.059654277,-0.3314767,-0.5628133000000001,-0.42272404,-0.28674585,-0.24744786,-0.19190969,-0.086490475,0.5115270000000001,-0.0016614574,0.029712249,0.08535573,-0.17492855,-0.20651382,-0.1660168,0.15147856,0.23032688,0.14812268,-0.1603218,0.1489821,-0.05345976400000001,0.51973534,-0.166569,0.1629392,0.33619362,0.015471411000000001,0.033520166000000004,0.044408746,0.26965395,0.48357597,-0.13247302,0.15626596,-0.31150183,-0.44174284,0.041422665,0.19533114,0.03801806,-0.33093297,0.10522796,-0.18385021,0.06423429,-0.023618596000000002,0.35675013,-0.1794839,-0.12964033,0.04814958,0.068440095,0.009384101,-0.09371833,0.21097192,0.2565004,0.37221986,-0.31591030000000003,0.06646675,-0.15716402,-0.3699496,-4.506055,0.043776195,0.082416244,-0.50676656,0.23647381,-0.17082837,0.21502712,-0.029162297,-0.35039499999999996,-0.29271728,-0.10340994,-0.42497122,0.14168952,0.14576206,0.17780629,0.30110276,-0.028344456,0.08403708,-0.23805293,0.50974107,-0.06535963,-0.23608267,0.15664046,-0.052868165,0.50636345,0.14091246,-0.15633640000000001,0.062066935,-0.276305,0.24940401,0.029741652,-0.014322894,0.11257589,0.14032665,-0.008127994,-0.12132872,0.1898091,-0.61410904,-0.104941174,-0.31341097,0.054702587000000004,-0.52820885,-0.08491988,0.010442816,0.6269741,0.016873104,-0.0519483,-0.043922763,0.0792145,0.39927283,-0.09190504,-0.03483796,-0.54549855,-0.2507508,-0.14935772,0.076251075,0.16703944,0.60004836,-0.35616377,-0.21162136,0.05949151,0.17000654,-0.25594258,-0.11243806,-0.3402913,-0.28152376,-0.15066426,-0.24605505,0.36102259999999997,0.3259645,-0.03427134,0.29516566,-0.17854336,-0.8433242,0.05969997,0.13300173,-0.14148536,0.06331875,0.19546334,0.15640095,-0.34996435,-0.24850379,0.15853903,-0.13218366,-0.14736696,-0.13714175,0.24182938,-0.42139924,-0.49650323,-0.21078816,0.3050148,0.21543188,0.3860127,-0.034801114,0.12600389,0.11456909,0.46027902,-0.23808677,0.066768855,-0.18464263,0.47018105,-0.07013576,0.32136622,-0.35951167,-0.16122852,-0.10065684,-0.30149788,0.21579427,0.10625272,-0.20405194,0.51008755,-0.6193979000000001,0.39952448,-0.29225716,-0.29146147,-0.20933568,0.28592736,0.3559325,-0.021801056,-0.13921229999999998,-0.32529095,0.5817121999999999,-0.5767418000000001,-0.53723884,-0.918957,0.09669489,-0.04790397,-0.13576578,-0.21488445,0.11799168,-0.27582616,-0.14111991,-0.49715015,0.067145675,0.06515711,-0.04931748,0.12366502,-0.5028301,0.28562358,0.057753547999999995,0.18235165,0.056039605,0.21207562,-0.029048834,-0.010363464000000001,0.1118036,0.03498693,-0.100825705,-0.13096778,0.15311435,0.120557755,-0.08603815,-0.16099349999999998,0.02730355,-0.14012241,0.17102260000000002,0.4578468,-0.22966297,-0.3674544,-0.17012349999999998,0.35942290000000005,0.067374684,0.33841538,0.372377,0.24365497,0.18048279,0.3379321,-0.024048114,-0.07158379,0.022584919,-0.26548308,0.21669196,-0.1727142,-0.29768863,-0.15965729999999997,0.651359,0.047247085999999994,-0.096456684,-0.10026048,0.30981535,0.2086562,0.011292665,-0.12595096,-0.31242087,0.35784885,0.22473836,-0.036711305,-0.41193375,0.058856808,0.23317751,-0.4194307,0.44731409999999994,-0.34687102,-0.38989374,-0.17061222,-0.29027224,0.29734543,-0.23541747,0.048608045999999995,0.16472532,0.20372118,0.2439319,-0.2771858,-0.052975673,0.05787256,-0.18157138,0.28696167,-0.10321087400000001,0.22292987,0.07248059,0.05933159,-0.44186005,-0.57881397,-0.072847284,0.33729866,-0.1524551,-0.12336689999999999,0.24177505,-0.43367508,0.20911588,-0.15148129,0.0055335923,0.035176974,-0.14867763,-0.28792125,0.13768408,0.09391678,-0.16758789999999998,-0.19110592,0.05663927,0.045128565,-0.6747426,-0.03064955,0.23449953,0.10453849999999999,-0.026311565,0.044209875,-0.30075145,0.06480877,0.23392227,-0.44788787,-0.08265799,-0.06405311,-0.43257424,0.22753796,0.2851841,-0.22180566,0.37571183,-0.3145355,0.41905870000000006,0.2317078,0.015973847,-0.06502836,-0.635143,0.21819092,-0.42569917,-0.32133,0.23503567,-0.30920216,-0.16150431,-0.38753346,-0.04159401,0.09412746,-0.08489247,0.16046654,0.25030863,0.057369052999999996,0.2530612,0.2757383,-0.4791965,0.29861176,-0.09178655,0.23056813,0.03576425,0.12450401,-0.17456773,-0.34808870000000003,-0.32332087,0.5223498,-0.21973348,-0.14163515,-0.09193769,0.12197722,-0.08856347,0.27127373,-0.100011244,-0.30015197,0.010241977,-0.32527253,-0.00078256725,0.53325653,0.10544064,-0.28720367,-0.27980036,0.10405057,0.09379884,0.47024659999999996,-0.17910510000000002,-0.106460296,0.2891539,0.13282739999999998,-0.08630401,0.45794928,0.32664314,-0.09923330000000001,0.29712844,-0.1049558,-0.6064470999999999,0.10887798,0.059617363,-0.40573259999999994,-0.37014952,0.5556260999999999,0.3610908,-0.28235573,-0.36744723,-0.030538784,-0.31244403,-0.41725388,0.139688,0.010705423,-0.10375987,0.6468081,-0.15205337,0.18181013,0.30221754,-0.318213,0.01740407,-0.18220563,0.24800546,0.059001147999999996,0.19366214,-0.39274928,0.3698098,-0.20671096,-0.093798615,-0.08687782,-0.41427812,-0.056705017,0.04420059,0.06839792,0.34492654,0.6785975999999999,0.11180166,0.4570762,0.282142,-0.010811238999999999,0.1252491,0.704486,0.6447823,0.02468985,0.43649462,0.035374592999999996,0.007230962,-0.16652378,0.2841433,0.020484345,0.1632889,-0.23105098,0.47676954,0.0006479523,0.028151363,0.22802119,-0.27993214,-0.08423978,0.1895782,-0.14419049,-0.0718179,-0.32791287,-0.18794124,0.2727824,0.30527312,-0.0011505408,0.23953103,-0.2904768,0.29448846,0.19018088,-0.11124503599999999,-0.11214514,0.053114317,-0.308033,-0.13262646,-0.46532544,-0.16963603,-0.039575234,-1.0412421,0.049283735,0.032350287,-0.17787415,-0.23839749999999998,0.16383053,-0.1765058,0.102127045,-0.022390952000000002,-0.017860815,-0.32390338,0.5216827,0.09904391,0.21605828,0.2738596,0.29616967,-0.51998395,-0.039186396,0.35723868,0.16663916,0.029902043,0.06293092,0.57508385,-0.26517096,0.3669375,0.32851636,0.2927946,-0.7153653,0.39406058,-0.012103663999999998,-0.13459605,-0.13878610000000002,0.17059743,-0.51055,0.2574146,-0.41895166,0.043600664000000004,0.10823484,0.15120119,-0.058402274000000004,0.051339507,0.09026969,0.49614275,0.11258948,-0.079048865,0.05170195,0.16772674,0.30558667,-0.058499403,-0.19113533,-0.10154652,-0.20173708,-0.23637766,-0.12382349,0.16861954,0.3132109,0.19533984,-0.15506475,-0.19397844,0.22764862,-0.6148037,-0.06855242,-0.38423383,-0.17953953,-0.5613571999999999,-0.015294038000000001,-0.22168317,0.012136271,-0.09786685,0.031178417000000003,0.028122295,-0.31607184,-0.34839840000000005,0.2554007,0.07093353
142,19,0.008121729,-0.12751415,0.25070384,0.17446849,0.3091304,-0.090714104,-0.011166835,0.39209726,-0.16969308,-0.17429909,0.16775897,-0.075226605,-0.026984766,0.18406178,0.055887453,0.32420784,0.14300144,-0.035248607,-0.015435436,0.18708427,0.1752641,-0.012694023,0.07948074,0.35969567,0.3955667,-0.16589597,0.21988223,-0.10089861,-0.23188838,-0.19752629,0.46787277,0.4201005,-0.3618289,-0.26967368,-0.0035035621999999996,0.09958189,0.17297953,-0.32055458,-0.14640374,0.07866934,-0.6282361999999999,-0.24773541,-0.0045737796,0.17944960000000001,-0.5250509,-0.35515878,0.45055377,-0.18345335,0.33074233,0.03244174,-0.5171378,0.47607340000000004,-0.1956693,0.08894248,0.042727437,0.5401050000000001,0.07047953,-0.47874367,-0.6600812,-0.33232808,0.47475246,-0.2703105,0.05761451,-0.44211173,0.12465118,0.07895336,0.26854320000000004,0.41239935,-0.57003397,0.05750255,-0.39454293,-0.32571107,-0.27045935,-0.20587441,-0.18565819,0.108973056,-0.27426964,0.5175354999999999,-0.05538501,-0.23140472,-0.14203562,0.2658977,-0.32179752,0.1954711,-0.012162257,0.028386388,0.39693493,0.074972145,-0.30693984,0.8397869000000001,-0.017124234,-0.26986852,0.07933741,0.14781797,0.32278496,-0.034614652,0.40188655,0.08615811,-0.18588984,0.47824979999999995,0.37500307,-0.5678982,0.10988935,-0.21853274,0.12367354,-0.25817022,0.12767243,0.06674092,0.03122617,0.30171079999999995,-0.09871978,0.036891113999999996,-0.050511155,-0.20798808,-0.17825082,0.22885339,-0.021531057000000003,-0.13074614,-0.05213185,0.30253989,0.18426785,0.2157599,0.055630077,0.39267313,0.0684286,0.17403136,-0.030808922000000002,0.26637593,0.029315874,-0.31368354,0.28530648,0.011262921,-0.09043864,-0.21495697,-0.42639047,0.09915267,-0.11691135,-0.2901021,-0.45427629999999997,0.12053558,0.09606499,-0.2603353,0.34249878,-0.18352006,0.25132614,0.15080652,-0.099811725,-0.10319134599999999,-0.20823973,0.44089115,0.10437427,0.06354788,-0.11198558,-0.14198864,-0.15282951,-0.38575372,-0.49822658,0.11638230000000001,-0.19783059,0.32656609999999997,0.56147605,-0.018736433,-0.048955146,0.22918904,0.29744303,0.17812917,0.11430639,0.31185785,-0.095290944,0.17877454,-0.0933832,-0.30405444,0.88704807,-0.23015945,0.15896606,0.011048593999999998,0.018676922,0.04566924,0.16816879999999998,0.1838234,-0.6463165,0.40344036,0.09266586,-0.02669898,0.29254362,-0.18092784,-0.038675155,-0.22094357,0.44833854,0.012291485,-0.015057704,-0.23959792,-0.26782322,-0.29335890000000003,0.010982513999999999,-0.81384206,0.047363117,0.085956685,-0.37117216,-0.14631608,0.10839524,0.012509043999999999,0.34834957,0.014482575,0.024008386,-0.13335966,0.25382748,-0.030758103,-0.17992292,0.34760675,-0.25641970000000003,0.53700393,-0.11987435,-0.11770378,-0.031743545,-0.07174149,0.17654407,0.0076642055,0.08182228,-0.029375795,0.33338922,0.07977200000000001,-0.16188978,0.31899320000000003,-0.08905132,0.8548923,0.12327579400000001,-0.62881845,0.22274311,0.60564494,-0.18684451,-0.08622279,0.46385378,-0.15630421,-0.03878892,0.08471319,-0.33161290000000004,-0.24839926,0.04760281,-0.19510138,-0.16484839,0.5095957999999999,0.2553793,0.27755103,0.093223736,-0.19831574,0.13102007,0.081879705,-0.39859490000000003,-0.37543909999999997,-0.5950434,-0.57694733,-0.17276257,-0.32338816,-0.30158737,-0.2554397,-0.109327145,-0.2035145,-0.102284975,0.050903227,0.47832716,0.31800120000000004,-0.16716626,0.013509713999999999,-0.20157798,-0.46810752,-0.18555993,0.14721149,0.14742053,0.24305259,0.017307349,-0.12735315,0.08539247,0.5745710999999999,-0.31179932,-0.10988264,0.4729731,0.17556292,-0.05143736,-0.036948867,0.2116985,0.31355464,-0.16556458,0.20601396,0.22847582,-0.33869383,0.25648344,0.10498474,-0.09500594400000001,-0.29369432,0.06597505,0.107721984,-0.37793714,-0.5621303000000001,0.5125614000000001,0.09320761,0.31095973,0.44096890000000005,0.021602185,0.050781604,0.025712011,-0.39278898,0.17886373,0.19841143,-0.30265787,0.26988807,-0.11909648,-0.47590829999999995,-4.2733583,-0.2198478,-0.0052732485,-0.33455235,-0.030847322000000003,-0.06291865599999999,0.079932705,-0.16859494,-0.5721914,-0.02409445,-0.029565025,-0.41794646,0.15693726,0.30807397,0.20859861,0.32296672,0.35233018,-0.2112458,-0.05842795,0.53879386,-0.1500874,-0.4449791,0.085530356,-0.12146526,0.24754591,0.48605666,-0.08547157,-0.12233187,-0.28283396,-0.032404433999999996,0.13912046,-0.0072903195,0.25791955,0.23438343,0.19281007,0.13780156,-0.03339429,-0.14689298,-0.26480195,-0.08539449,-0.14825664,-0.30423390000000006,-0.008185501,-0.20021527,0.88819265,-0.1947256,0.040692112999999995,-0.028621497000000003,-0.0076620635,0.07013787,-0.11627182,0.21353307,-0.1569404,-0.12148289,-0.23236439,0.11110377,0.3412571,0.40412915,-0.050197158,-0.22513527,-0.12584451,-0.23731194,-0.33230782,-0.06402626,0.005309044399999999,-0.46225357,-0.48960020000000004,-0.12315559400000001,0.27697656,0.073136345,-0.060753148,0.28483263,-0.25624534,-0.7237111999999999,-0.21146166,-0.2929259,0.23999172,0.114329,0.21469921,-0.0022744327,-0.4717385,-0.29644802,0.075265504,0.039993073999999997,0.04112219,-0.24108046,0.23020549999999998,0.09382724,-0.5968214,-0.48514229999999997,-0.10176736,0.058494534,0.19047216,0.21109216,0.02615443,0.049697485,0.45711288,-0.3628243,0.093778715,-0.29469259999999997,0.18059872,-0.07044409,0.47760242,-0.25793356,-0.05637552,0.20880426,-0.5724107,0.15558797,0.26940426,-0.13444935,0.3587841,-0.7021009,0.47768497,-0.2787927,-0.08198957,0.07496013,0.009023343,0.56754625,0.07919415,-0.084270746,0.10733026,0.33926204,-0.29176292,-0.5040515,-0.9095260000000001,-0.13100569,-0.3487715,0.29014513,-0.26238940000000005,0.11467552,0.08670107,-0.18930346,-0.43864873,0.45139533,0.11064413,-0.031898222999999996,-0.08509283,-0.032694403,0.29906628,0.059201803,0.20275013,0.24839438,-0.04088464,-0.13776733,-0.34228528,0.16977662,0.0897184,-0.06533462599999999,-0.026504012,0.047617625,-0.272851,-0.440565,-0.1979049,-0.3124287,0.2024331,0.1608248,0.49187687,-0.0023519555,-0.17816387,-0.48147365,0.43825509999999995,0.09004811,0.24834365,0.026351245,-0.021945989,0.3766239,-0.022581115,-0.046768602,0.15086964,0.14006346,-0.44704518,-0.11930237,0.08316334,-0.30926204,0.013931046,0.43288878,0.15068212,-0.36667714,-0.15860029,-0.013456738999999999,-0.1338616,-0.16335231,-0.27212518,-0.18571729999999997,0.42395738,0.14776595,0.63728744,-0.06389393,0.11483211,0.11031598599999999,-0.12992243,0.24144788,-0.0091792615,-0.1334237,-0.104113355,-0.049945403,0.4816094,-0.44468552,0.03503043,0.17684624,0.10086769,-0.33525658,-0.27317017,-0.032122266000000003,-0.050675597,-0.16558288,0.05344119,0.5691109000000001,-0.05352025,0.01741011,-0.56913304,-0.44699723,-0.52781373,-0.029973907,0.06584565,-0.31205133,-0.20290305,-0.29975083,-0.29471865,0.33413285,0.014170573999999998,-0.18609002,-0.008930745,0.070856616,-0.16248791,-0.123209216,0.09512032599999999,0.043781977,-0.33354154,-0.1573326,-0.016281988,-0.76198256,0.103984244,0.09872834,-0.4950915,0.051770072,-0.28833842,-0.47810033,-0.11190547,-0.28860757,-0.21479902,-0.007606354,0.022109019,-0.72616476,-0.04280742,0.15582429,-0.20720097,0.39509815,0.005864819499999999,0.5302569,0.16252235,0.086187,-0.05057256,-0.2705735,0.10196612,-0.35938767,-0.23062171,-0.18907697,-0.52208006,-0.010347754,-0.058974106,-0.23960364,-0.055705458,0.20047651,0.17057809999999998,-0.06791476,0.1672172,0.08565216,0.055031425999999994,-0.5174918,0.019955939,-0.08951410000000001,0.08898929,0.0056138868000000005,0.11282479,-0.15960631,0.12388864,-0.443805,0.22585788,-0.40317377,-0.28140572,-0.010845462,0.21609169,0.019030664,0.20740919,-0.17442197,-0.31318733,0.42417198,-0.04153983,-0.034031052,0.1830924,-0.12460466,-0.08942763,0.13660984,0.05394521,0.50130016,0.68311816,-0.029440114,0.055826645,0.053620126,-0.08743487,0.23493053,0.23376435,0.5040048,-0.25775442,0.32229233,0.23635189,-0.48849517,0.10546954,0.2153746,-0.08323511,-0.32051027,0.34155267,0.37862116,-0.41705929999999997,-0.54964834,-0.0706155,-0.28362729999999997,-0.13842474,0.14456242,0.11201943,0.0176549,0.6506583,-0.20893246,-0.035994099999999994,0.15370415,-0.08010289,-0.19111262,0.031856626,0.395725,0.09267981,0.49819988,-0.18448924,0.37942132,-0.4317782,-0.04309812,-0.18084964,-0.11579896,0.19270912,0.30187166,-0.14658587,-0.12633614,0.48324335,0.3281398,0.24285692,0.20021762,0.21804464,-0.037224583,0.71215934,0.5141478,0.22537683,0.14386874,0.16657047,-0.011761303999999998,0.050021496,0.38338140000000004,0.29604309999999995,0.31465435,-0.09993272,0.65878403,0.12984154,0.011090896999999999,0.46316627,-0.7175625,-0.22461149,-0.09547169,0.05369404,0.066025026,-0.23137504,0.05781589,-0.15469737,0.26696086,-0.27806273,-0.057626557,-0.17158684,0.46207276,0.049192593,-0.09836625,-0.09157276,0.31956273,0.042087026,0.10742565,-0.67081773,-0.22625839999999997,-0.4306423,-0.49399343,0.034129143,0.06354437,-0.18406723,-0.2621679,0.024098183999999998,-0.23530810000000002,0.22661798,-0.18004468,-0.053623132000000004,-0.22442067,0.4962271,0.04444663,0.6488531999999999,-0.1742463,0.122226335,-0.26737849999999996,0.02532069,-0.12389255,0.27558330000000003,-0.03500934,-0.09726336599999999,0.50330496,-0.6417254,-0.10680708,0.08541468,0.29625764,-0.71469694,0.09712715,-0.26098093,0.12076015,0.19164263,0.17362581,-0.15303771,0.011104053000000001,-0.28837070000000004,-0.5455971,0.035571445,0.23782061,-0.09188326,0.11117174,0.031225901,0.24591692,-0.06629201,0.044767138,-0.0025806034,-0.016441923,0.2626386,-0.08043177,-0.039635975,-0.5410905,0.028512785,-0.09797386,-0.22365534,0.06879954,-0.008613487,0.2121185,0.32779083,0.28104433,0.4223246,0.11188194,0.016037703,-0.5087923,-0.26519704,-0.23086013,-0.029281123,-0.079396546,0.152577,-0.39115462,-0.07074307,-0.032543327999999996,-0.093131825,-0.15737195,0.351992,-0.0777111
143,1,-0.023184806000000002,-0.026442451000000002,0.42528003,-0.029641245,0.14601405,-0.35064609999999996,0.077984095,0.6315193,-0.0006741995,-0.31502816,0.27893376,-0.19965424,0.077338524,0.2952377,-0.0041086925,0.22382121,0.060203627,-0.007422398,-0.039148495,0.17673770000000003,-0.058499742,-0.23299386,0.20999652,0.49984655,0.49286369999999996,-0.17133215,0.07760522,-0.20748409999999998,-0.4043555,-0.2124439,0.5200963,0.046044465,-0.1450135,-0.19869153,0.42443818,0.025586566,-0.020401217,-0.07879896,-0.16581227,0.12192329,-0.49128175,-0.27649927,0.11571097,-0.11324856400000001,-0.32040033,-0.5833801,0.31195113,-0.0916803,0.29829717,-0.08892154,-0.39509708,0.27398473,-0.3444271,-0.22653724,0.23191585,0.5670917,-0.043325827000000004,-0.36413825,-0.7504344000000001,-0.21003386,0.5199706000000001,-0.26788267,-0.163872,-0.3369138,0.14400278,-0.054806787999999995,0.24829410000000002,0.29294458,-0.705426,-0.06260715,-0.25433534,-0.24896770000000001,-0.17053562,-0.01514085,-0.24658579,0.07224751,-0.40925429999999996,0.3283737,0.08033588,0.07423856,-0.12076218,0.33861923,-0.42265263,0.56272227,-0.2394049,0.4355919,0.19427799,0.12497934,-0.15134,0.8403931,0.37141725,-0.26195347,0.08567472,-0.051368143,0.16332857,-0.058442865,0.3927949,0.13217643,-0.15688404,0.5464210999999999,0.3903764,-0.40330145,-0.12379971,-0.41465613,0.16585775,-0.06585397,0.13541164,0.15574549,0.07971037,0.17780837,-0.056721073,-0.22331168,-0.105191715,-0.28667897,-0.051249847,0.047561012,-0.11548243,-0.14925654,0.21899144,0.2868843,-0.055596995999999996,0.0019818735,0.038637117,0.72797835,0.039101872999999995,0.068669096,-0.2385797,0.3495632,-0.13596834,-0.31593147,0.02315351,0.081595086,-0.05619995,-0.4298363,-0.12533906,0.11961052,0.016975902,-0.3013028,-0.38278818,0.21778055,0.022128067999999997,-0.43324440000000003,0.35705867,0.18006212,0.01777295,-0.07672178,0.045218483,-0.11407563,-0.4586723,0.2671768,0.046053514000000004,-0.24261297,-0.13036524,-0.38861966,-0.08909589,-0.15531157,-0.34920195,0.1590073,-0.12877919,0.11890737,0.38508365,-0.11569016,-0.017035745,0.32333649999999997,0.26396959999999997,0.20254149999999999,-0.02814294,0.27658767,-0.32260233,0.22387186,-0.027749715,-0.030657222,0.66335213,-0.25307724,0.095897846,-0.27600217,0.081883475,0.20656793,-0.060405582,0.022390788,-0.62250257,0.26699725,-0.025260482,0.17723435,0.35682875,-0.11209071400000001,-0.04996476,-0.20540561,0.3868199,-0.17863387,-0.19719751,-0.17077889,-0.09430203599999999,-0.3357668,0.27181777,-0.60015833,-0.098877884,0.1696628,-0.5109937,0.038520344,-0.008414905,0.0044053574,0.22361034,0.25269014,-0.14448933,-0.036575325,0.35814604,-0.09980248,0.007365884699999999,0.32699573,0.14976539,0.44558907,0.066912465,-0.15256517,-0.15970021,-0.13645165,-0.021717472,-0.3635764,0.19717126,-0.11043197,0.18366456,-0.01858272,-0.09437960000000001,0.23983534,0.033787787,0.5045067,-0.08555665,-0.8421079,0.08347306,0.5964311,-0.11075302,-0.30910709999999997,0.49519673,-0.28714946,0.044322867,0.12728855,-0.37627575,-0.36185783,0.005167153,-0.18802756,-0.062361162000000005,0.57489693,0.019291904,0.21142060000000001,0.23281102,0.10098879,-0.08924563,-0.11511871,-0.26838273,-0.13497901,-0.42018425,-0.37341407,0.016244754,-0.52491945,-0.24045399,-0.26312307,-0.15237176,-0.42219695,-0.12348127,-0.16253635,0.49873720000000005,0.23169297,-0.13969581,-0.13447411,-0.20878105,-0.44115245,-0.2737642,0.15306720000000001,0.04630877,0.22084,-0.11109819,0.07685612,0.049618907000000004,0.5691709,-0.01385768,-0.101442024,0.32419422,0.20473038,-0.08427926,-0.33408502,0.15623774,0.35079038,-0.12415784,0.22223762,0.15841886,-0.21560104,0.25357196,0.22835954,-0.17532228,-0.11885206,0.08873757,-0.11675699,-0.61101454,-0.35812122,0.6048215,0.11737983,-0.109017976,0.21634765,0.27231467,0.06373144,-0.19099319,-0.12761036,0.31774193,0.16861936,-0.029860826,0.26147693,-0.20408154,-0.30879948,-3.9345898999999998,-0.21920405,-0.06714892,-0.2529609,0.21685188,-0.12538074,0.117237315,-0.1526406,-0.5421189999999999,-0.11844264,0.114165455,-0.17697512,0.27090135,0.14417753,0.2542821,0.27019614,0.27208242,-0.23087329,0.081368305,0.6068786,-0.08643606,-0.52039987,0.2496731,-0.041391912999999995,0.2953595,0.37965798,-0.30725583,-0.20744766,-0.19912948,-0.13105450000000002,0.022691492,0.017508918000000002,0.17057616,0.15751001,0.12471046,-0.14121568,0.13323447,-0.46655070000000004,-0.39435074,-0.5103667000000001,0.061283972,-0.5860306,-0.30041373,-0.04789789,0.78396046,-0.20150386,-0.013870436000000002,0.1297099,0.013710436999999999,0.34701553,0.05731064,0.12150893,-0.30025023,-0.3735095,-0.33215743,0.033846553,0.37130716,0.47794083,-0.27146274,-0.18976283,-0.23379250000000001,-0.1067904,-0.41099140000000006,0.14074655,-0.013876591,-0.29106104,-0.23510456,-0.037089117000000005,0.08312472,-0.23125906,0.30207905,0.35751432,-0.14595251,-0.48093557,-0.11890855,-0.22604570000000004,0.26946855,0.028093588,0.15736623,-0.09514698,-0.022102924,-0.23615202,0.1782345,-0.0400205,0.03669736,-0.27822903,0.31402576,-0.08114882,-0.347074,-0.5699524,0.26303133,-0.046265195999999995,0.24359128,0.33648577,0.2734342,-0.24042352,0.32033405,-0.15546578,-0.027863387000000003,-0.37821773,0.22087911,0.34991786,0.34084392,-0.12328497,-0.019595742,0.04249642,-0.24503233,0.028685426,0.10617459,0.018187673999999997,0.42678475,-0.5495909999999999,0.40099347,-0.10981145,-0.3233178,-0.16692795,0.12300133,0.30732095,-0.15710576,-0.10279895,0.048944637,0.287267,-0.34780893,-0.23924308,-0.6084242,-0.11090739999999999,-0.22317407,0.34901002,-0.30140567,0.15222006,-0.2629613,-0.23517166,-0.2706617,0.4157612,0.06138262,0.33831859999999997,0.08733435,-0.35619554,0.21489312,0.07804655,0.21569960000000002,0.5395783000000001,-0.037165052999999997,-0.074145235,-0.2895793,0.28143090000000004,-0.060077522,0.06889647,-0.32284075,0.21063222,-0.28652993,-0.18904662,-0.16551559999999998,-0.5363091,0.08629139,0.29626277,0.14324187,0.051648013,0.07854482,-0.5766657,0.12093266,0.26419234,0.27714834,0.20214602,0.1689299,0.7486176,0.011780536000000001,-0.31116262,-0.047625348,0.26747736,-0.27980977,0.01704486,-0.32341897,-0.5698599,0.029503195,0.30684763,-0.03027231,-0.09532949,-0.09555749,0.09143446400000001,0.0018873985000000002,-0.039930522,-0.22738062,-0.031010697,0.3109161,0.0969482,0.27075326,-0.30308837,0.012921266,0.3139438,-0.12126368,0.6241796,0.026792286000000002,-0.022193237999999997,-0.202494,-0.089335695,0.32140076,-0.49803883,-0.18696949999999998,0.08010139,0.32029712,-0.16084643,-0.14446619,0.26438612,-0.083012976,-0.00891395,0.22387126,0.4830166,0.076917246,0.2050286,-0.25861382,-0.41936886,-0.2984103,0.27475375,-0.025155915,-0.5595664,0.15552552,-0.20599978,-0.3983555,0.20436251,-0.06269999,-0.09803796599999999,0.20753041,-0.02920216,-0.31492892,-0.18522583,0.18076909,0.13331932,-0.098160334,-0.25429842,-0.049345775999999994,-0.57322377,0.22219063,-0.024787508,-0.4385173,0.3893581,-0.13006315,-0.2236346,0.17751232,-0.3215034,-0.34679770000000004,0.07216693,-0.03358286,-0.74095535,-0.10720551,0.14680982,-0.013279012,0.41019204,-0.15868759999999998,0.7405248999999999,0.2841068,0.08676003,0.15049863,-0.21835460000000004,0.13240375,-0.34428936,-0.2515591,-0.22325212,-0.36359698,-0.2024256,0.037332885,-0.10949182,-0.1434724,-0.0022119647,0.12568772,0.17717992,-0.13024572,0.011169283,0.06178462,-0.49377093,0.18513893,-0.1981885,0.06675692,-0.27961943,0.28200436,-0.033714153,-0.0036129733000000003,-0.57564443,0.29953074,-0.29425418,-0.44519615,-0.12728687,0.11413981,-0.13554001,0.09168014,-0.29510608,-0.18179534,0.27964383,-0.08788665400000001,0.013856486999999999,0.17059954,-0.10449819,-0.17765555,0.049517695,-0.27326486,0.23766465,0.7407724,-0.38120365,0.31413215,0.42074752,0.13481714,0.23451826,0.16757829999999999,0.45153826,-0.37877688,0.39674136,0.21667822,-0.44834915,0.35966125,0.22638908,-0.36320513,-0.38894904,0.5916062,0.5695220999999999,-0.32128197,-0.48150986,-0.045598686,-0.35304093,-0.06514175,0.125782,0.22108123,0.0144137265,0.50494003,-0.1660385,-0.105252355,0.27745923,-0.232988,-0.15625247,0.21386248,0.24747021,0.043679953,0.5378151999999999,-0.45190603,0.37634850000000003,-0.1924899,-0.024437248999999998,-0.13116343,-0.096086085,0.082507186,0.25785995,-0.028969625,-0.026878439,0.41186568,0.31382626,0.44882920000000004,0.18791643,-0.036956806,-0.28882948,0.7489838000000001,0.3401052,0.35769784,0.15364528,0.11293909,-0.24362889,0.20254270000000002,0.5898575,0.19459738,0.21038189999999998,-0.004830028,0.8196584000000001,0.19411576,0.078082085,0.44420803,-0.37398776,-0.30794340000000003,-0.18302588,0.21568772,-0.3430756,-0.3634265,0.14297882,-0.123075575,0.16117327,-0.14485721,-0.30535436,-0.1726373,0.42967612,-0.0717659,-0.17081788,0.017882176,0.20690295,0.16992438,0.059735354000000004,-0.6125389,-0.27187192,-0.17524509,-0.5282378000000001,-0.18971133,-0.06636514,-0.23699929,-0.40325296,0.17992386,-0.1839249,0.14425445,-0.17559004,-0.002395144,-0.18525802,0.47299558,0.13022871,0.4024824,0.14200525,0.051133572999999995,-0.2370638,-0.10300667,0.14981039,0.24853179999999997,0.057240553,-0.28760159999999996,0.29128203,-0.16893548,-0.026775891,-0.012835138500000001,0.47720447,-0.5565401999999999,0.17025468,-0.09831358,0.052599177000000004,0.041426875,0.06869483,-0.27379724,0.28077942,-0.29565564,-0.29055095,-0.005586443000000001,0.10768943,-0.17690457,0.034814447000000005,-0.15257536,0.3472985,-0.31839773,-0.19423337,0.038828972999999996,0.07112788,0.1250891,-0.06677639999999999,-0.23668951,-0.40648073,-0.28624907,0.01005683,-0.21230423,0.09087154,0.30032462,0.21977870000000002,0.20620792,-0.15871849999999998,0.7292305,-0.13354985,-0.038863193,-0.21842287,-0.16218837,-0.21762383,-0.18330754,-0.094182506,0.20990413,-0.27135465,0.16008447,-0.13894081,-0.16092604,-0.38568527,0.4193449000000001,-0.30955034
144,0,-0.14193878,-0.2771155,0.23794387,0.07178480000000001,-0.011947716,0.073483706,0.36769068,0.24506564,-0.17734085,-0.030233628999999998,-0.099278696,-0.25972846,-0.00648472,0.18205573,-0.22446714,0.5307742,-0.14856225,0.10696885,-0.21376220000000004,0.23330094,0.32151458,0.16940303,0.121476315,-0.16265215,0.44550857,-0.029456232000000002,-0.25096306,-0.19898178,-0.5107101,-0.10034839,0.23374203,-0.045592707,-0.19570094,-0.2612183,-0.16255908,-0.24962841,-0.10405119,-0.019847933,-0.12573902,0.18162178,-0.25365368,-0.23528315,0.3188167,-0.29117984,-0.24099393,-0.45217702,-0.16067378,0.015993478000000002,0.09002838,-0.006418430699999999,-0.34296682,0.39218473,-0.09451348,0.12441324,-0.14032938,0.3490528,0.31383407,-0.38562486,-0.33920756,-0.37594217,0.11553334,0.11956573,0.11884208,-0.17772453,0.04721816,0.24559818,-0.044829454000000005,0.42569464,-0.5562069000000001,0.387988,-0.11502472,-0.06863844,-0.08320233,-0.14204709,0.08184425,0.23375727,0.041422386,0.41172346,-0.13574971,0.12464632,-0.2615089,0.10611311,-0.13603458,0.13377146,0.40163517,-0.27914417,-0.06586036,-0.027219463,-0.16832277,0.37767696,-0.32769135,-0.28161144,-0.35490513,0.20173877,0.31712675,-0.4661035,-0.005205893400000001,-0.0008479865,-0.30739516,0.39155359999999995,0.12156384,-0.49077404,0.19761351,0.10080939,-0.35872950000000003,-0.03344403,0.05854635,0.009602409000000001,0.14189471,0.023628315,0.028588397,-0.19937104,0.24665925,-0.15191942,-0.22319113,0.26662487,0.24076934,-0.14800498,0.024586387,0.30133006,-0.26414979,-0.06753851,0.21135992,0.45694524,0.24433255,0.28806055,0.17454216,0.28082624,-0.12720415,-0.43301263,0.21105035,0.16507068,0.12612264,-0.11294953,0.08401721,-0.13550891,0.17798848,-0.011452988999999998,-0.11410365,0.056294687,0.14392059,0.46828502,-0.11218976,-0.25607353,0.18433335,-0.0291212,-0.46052074,-0.25622565,0.34753140000000005,0.44729158,0.10326361,0.06393068,-0.061141867,-0.13797607,-0.1229897,0.020399833,-0.25815570000000004,-0.022327356,-0.015876917,0.10987356,0.48618802,-0.08885908,0.16810156,0.08367752,0.17087944,0.06853882,-0.019938469,-0.13607855,-0.29965407,0.049357727000000004,-0.21380062,-0.26129496,0.56320477,-0.056206856,0.12882024,0.18099247,0.15079747,0.0902109,0.14197749,-0.124448806,-0.88490236,0.39449796,-0.06663685,-0.12305505,0.01925394,-0.22348133,0.44008282,-0.036412900000000005,-0.007847799,0.32821602,-0.28898194,-0.38514706,-0.08336663,-0.15810198,0.33076668,-0.4955963,-0.31416887,-0.19822678,-0.29891318,0.25495437,0.017534625,-0.0015535826000000002,0.32277784,0.030035722999999997,-0.26505005,0.39865178,0.04692013,0.09806061,0.015827984,0.36958486,-0.69785935,0.24170709999999998,0.011003845,-0.10101175,0.08128854,0.19347364,0.22960378,-0.5434329999999999,-0.060872283,-0.19385654,0.015503303000000001,-0.029024262000000002,-0.24321714,0.29038498,0.023187494,0.7716666,-0.015525502,-0.21218331,0.2190964,0.08256849999999999,-0.24859093,-0.11312628,0.38252106,0.124730915,0.12957785,0.06746804,-0.14044908,-0.010074986999999999,-0.09689524,-0.17955947,-0.20874557,0.4593258,0.11896736,0.26259570000000004,-0.003751242,0.12049615,-0.24262604,0.065108344,-0.10019915,-0.028713306,-0.21666294,-0.44596009999999997,-0.06374019,-0.25650993,-0.1536092,-0.23454525,-0.22482777,0.14076716,0.10961998,-0.10503314400000001,-0.009907653,0.17682959,0.14548197,-0.0013009001,-0.6285595,0.12940784,-0.3161317,-0.020357067,0.27425617,0.18917717,0.05541728,0.10172610000000001,0.15774366,0.32455522,-0.28960216,0.16637081,0.13491942,0.27516848,0.0066508492,0.057953633,0.18995953,0.41310713,-0.16435225,0.16426058,-0.008451998,-0.40176564,0.30733144,-0.08753396599999999,-0.19826534,-0.18792367,0.016932247,0.18556316,-0.30895147,-0.014383503,0.41868678,-0.26688796,0.3702426,0.5156916,0.19010188,0.015493537,0.1690844,-0.052684423,-0.18801847,0.005577045500000001,-0.16741349,0.011958761000000002,-0.2027619,-0.43647835,-4.479368,-0.38525164,0.058588553,-0.15088415,0.40755588,0.017158443,0.09500237,0.023855234,-0.31237462,-0.069473945,-0.24611619,-0.15447287,0.15164098,-0.040017005,0.18030073,0.018467061,0.030687546,-0.35226154,-0.0822197,0.57870805,-0.22278948,-0.017439608,0.015423283999999999,0.2228779,0.21824948,0.41227677,-0.33344856,0.049180005,-0.40479997,-0.09313165400000001,0.050693907,-0.2110437,-0.07385718,0.11555733,-0.29086357,-0.030696107,0.024945855,-0.20049019,0.17851073,0.13114288,-0.16962287,-0.10435653,0.09704853,-0.21024148,0.5730575,-0.35131922,-0.13552587,-0.43301162,0.1775007,0.010385265,-0.10895048,0.050273634000000005,0.20677659,-0.07691452,0.40025127,0.004960203,0.007308678000000001,0.57351273,0.0009585539,-0.42350924,0.2903219,-0.32005596,-0.4494443,-0.038168255,-0.22866899,-0.35001487,-0.15906653,0.059653662,0.24269073,0.23486266,-0.12534417,0.06450396,-0.21943909,-0.88265127,-0.19217853,-0.08288968,-0.078133695,0.24279207,0.12143903,0.05354987,-0.68048394,-0.18204562,-0.12559800000000002,0.062258522999999996,-0.019116748,-0.35162887,0.023934301,-0.34343857,-0.1169221,-0.06615366,0.081404604,-0.06523886,-0.040436663,0.019381229,-0.07512418,0.19602327,0.2714228,-0.38404673,0.05912205,0.05198988,0.6808824,0.060151894000000004,0.38249442,-0.08498088,-0.1461125,0.26188520000000004,-0.4985906,0.15069884,-0.05981587,-0.018586611,0.052962344,-0.40984090000000006,-0.07772958,0.021377139,-0.12959434,-0.28037712,-0.25719303,0.13399293,0.16782433,0.06792816,-0.23302431,0.33841303,-0.21351007,-0.45549873,-0.49198774,-0.0006599208,-0.20557092,0.17752276,0.17743425,0.058749177,-0.15904136,-0.11919848,-0.037263356,0.23242742,-0.033585235,0.041046593,-0.08319976,-0.051006254,0.21297795,0.1216963,0.123395376,0.1182481,-0.10821579,0.3153216,0.22694954,0.2732925,-0.080727965,-0.10775315,-0.09278369,0.21289699999999998,0.05726192,-0.30165604,0.09038959,-0.34838313,0.22784968,-0.31864607,0.25332657,-0.10634844,-0.31836882,0.18539162,0.043460045,-0.054743648,0.012141871,0.20566548,-0.355454,0.17150165,-0.13071649,0.12642394,-0.13720255,0.14201027,-0.41249790000000003,-0.047317162,0.2395243,0.28851852,0.07310966,0.09596345,0.08444864,-0.22047313,-0.1326039,0.21592785,-0.06660577,0.082044385,-0.0943832,0.22373028,0.20422481,-0.019380162,0.2848549,0.032705355,0.19263057,0.19058074,-0.18085028,0.058646973,-0.2792676,-0.08381333,-0.5516614000000001,-0.019931972,0.11767244,-0.032175098,0.20433204,0.3235292,-0.053991813,-0.16083498,-0.016711174,0.010783301,0.14151439,-0.118224494,-0.065392405,-0.09294551,-0.16717371,0.05791689,-0.13472152,-0.46943720000000005,0.025328222999999997,-0.43678293,-0.11685918,-0.21810335,-0.24690308,0.024454905,0.20841113,-0.19041471,-0.07276629,-0.29763920000000005,-0.004474014,-0.27293783,-0.28158644,-0.085324496,-0.22065674,-0.21803305,-0.27910250000000003,-0.08329069,0.2857403,-0.3692452,0.13360433,0.17770462,0.010178272,-0.10022194,-0.57894456,0.064408824,-0.23117739,-0.0011587997,0.13581651,-0.22226883,0.028922224,-0.6323684,-0.083246425,-0.01651757,0.25474066,0.08564867,0.09215669,0.591986,0.2045225,-0.19679962,-0.37930563,-0.27543312,0.2546464,-0.25658083,-0.057053603,0.123093486,-0.41341263,0.10328778,-0.06972541,0.062212363,-0.007371573,0.2111587,-0.037379034,-0.005150809,0.20129105,0.40425643,0.30451095,0.0664207,-0.10963496,-0.02990241,0.11161741,0.19818504,-0.17466201,-0.08917525,-0.44170059999999994,0.017145194,-0.16800085,-0.13654996,0.11635818,0.28590587,-0.08434629,0.15104319,0.8277886999999999,-0.008982321,-0.28295895,-0.0831375,-0.23800303,0.24043523,-0.10090433,0.4037,0.020120753,0.40572137,0.20729463,0.07494677,0.5109454999999999,0.27902126,-0.1364973,0.21933909,-0.053791977000000005,-0.024600902999999997,0.20041071,0.51283234,-0.5684633000000001,0.074926384,0.42113116,-0.44021213,0.20522451,0.2784763,-0.005556802,-0.33007523,0.25023168,0.35838000000000003,0.11111037,-0.6082046,0.046687900000000004,-0.46254414,-0.34301355,0.21029547,-0.020154735,-0.1597781,0.44164747,-0.09519612,-0.25504720000000003,-0.017226363999999997,-0.21555254,-0.0011681855,0.009741853,0.15221451,0.046204555999999994,0.70581067,-0.19448902,0.41536853,-0.05846319999999999,-0.11324517,0.5279948,0.11731736,0.42458370000000006,-0.017973881,-0.10659535,0.29209206,0.11006293,0.07868219,0.27661294,-0.19646086,0.28258672,-0.23270178,0.5828952,0.40590674,0.00626225,0.27706718,-0.4471335,-0.4360442,0.32247344,0.23152122,0.09309459,0.14437883,0.00094638666,0.16405350000000002,0.025395723,0.014951519,0.24820119,-0.4915929,-0.384321,0.20424986,0.13029163,-0.23439904,-0.04689338,0.2011766,0.044887602,0.37263685,-0.25620679999999996,0.059136352999999996,-0.28422663,0.34816417,0.046926025,0.23120168,-0.15025757,0.34894398,0.32988513,0.16346078,-0.6673562,-0.061561022,-0.117350124,-0.21233389,0.013289166000000002,0.0584802,-0.09105492,-0.24056622,0.15826862,-0.39970133,0.19635089,-0.34594727,0.13519152,-0.19715665,-0.0139556965,0.19738989,0.3707005,0.06496717,0.39691383,-0.009569191999999999,0.25484386,0.009661021,0.091130726,0.20520902,0.04476353,0.09892495,-0.30044582,-0.10649232,0.23928377,0.29767236,-0.7035786,-0.20148438,-0.20465329999999998,-0.12314666,0.22820768,-0.34277484,0.10350139,-0.1223049,-0.25770462,-0.20281735,-0.22685796,0.4861693,-0.054122582,-0.28301758,-0.21597584,0.17072432,-0.077415414,0.013108557,0.032185502000000005,0.51175326,0.46615484,-0.3986289,0.31667212,-0.76489913,0.15524729,0.016798396,-0.11730894,0.06296363,-0.03918995,0.278715,-0.035538264,0.032102253,-0.42689303,0.21639843,0.22854659,-0.22379595,-0.46849507,-0.35230079999999997,-0.048294645,0.015344528500000001,-0.01031235,-0.23748854,-0.21253200000000003,-0.09195039999999999,0.07748462,0.14265497,0.27080575,0.01537056
145,21,-0.1100385,0.0762683,0.24347258,-0.07430831,0.18796226,-0.14301427,-0.13774726,0.39367875,0.08239105,-0.27813247,0.12680267,-0.25111452,0.1538477,0.32329968,-0.23747103,0.46905443,-0.22509132,0.07795869,0.026115159,0.25874389999999997,0.35810468,-0.033013534,-0.14755729,0.41831255,0.47650459999999994,-0.08827412,0.13137925,0.05876366400000001,-0.30666104,-0.06326522,0.44883412,0.33254606,-0.22669652,-0.33642417,0.08253958,-0.046548802,-0.33257195,-0.08832331,-0.23832804,0.2675037,-0.8055140000000001,-0.08725274,-0.029647382000000003,0.17556532,-0.22226948,-0.16831629999999997,0.092194416,-0.33741832,0.08913633,-0.16937743,-0.40744537,0.02134131,-0.31771997,-0.052512456,0.0036638074,0.739405,-0.049734547999999996,-0.6394821999999999,-0.65757895,-0.28559637,0.35419217,0.01665693,0.09713113,-0.20582308,0.20394662,-0.12512866,0.061864335,0.30598359999999997,-0.8104571999999999,0.0018625289,-0.18088335,-0.019929215,-0.31733257,0.18676302,-0.18669592,0.116195224,-0.08580982,0.36688825,-0.037442524,-0.2666172,-0.31535423,0.19161512,-0.44610402,0.16974261,0.18616414,0.13354962,0.021310434,0.15408254,-0.23829095,0.5629178000000001,0.36743075,-0.39293066,0.11282609,-0.050209153,0.24456258,-0.10558633,0.18443716,0.028809697999999998,-0.4167447,0.35037196,0.18746529999999997,-0.03765971,0.110104464,-0.35345483,0.018354192,-0.16711518,0.09406697,0.19943199,0.12040709,0.17143995,0.03785403,-0.08419109,-0.24158256,-0.18653329,-0.351898,0.00044646059999999997,-0.07401306,0.11930141,0.34285232,0.21740209,0.048254332999999996,0.09472114,0.18396612,0.7786604,0.23831956,0.18791632,-0.20911227,0.40920100000000004,-0.14899817,-0.22728673,0.12707032,0.30930966,0.10230609,-0.5493518000000001,-0.309383,0.21014296,0.009967964000000001,-0.22334212,-0.42853859999999994,0.020647528000000002,0.018505128,-0.34184805,0.48781916,-0.009754609000000001,0.15707198,0.19829595,-0.1276435,0.026931666,-0.14898354,0.33728707,0.0043203295,-0.014927333999999999,-0.066899545,-0.12865724,0.02578924,-0.024455834,-0.18098263,0.23186718,-0.04493378,0.08528971,0.6466159,0.009278554,-0.13730761,0.18851985,0.18087721,0.20076549999999999,0.118606396,0.13847189,-0.31086445,-0.027589507000000003,-0.13577653,-0.16572502,0.8486978999999999,-0.32269892,0.16930899,0.10034497,0.19540852,0.18896843,0.25978452,0.10460476,-0.48115182,-0.028049504,-0.17994548,-0.20535648,0.28270584,-0.111697435,0.16019477,-0.118172735,-0.02444507,-0.043302417,-0.45881128,-0.47647825,-0.25398672,-0.28558979999999995,0.11696827,-0.39270353,-0.00858351,-0.08136589,-0.27685213,-0.018517843,0.098410554,0.24512053,0.21019803,0.07467066,-0.12984806,-0.22994089,0.1809965,-0.19512449999999998,-0.13800487,0.36064044,-0.09196415,0.36785999999999996,0.042738024000000006,-0.13071722,0.013709106,-0.019348618,0.09029744,-0.14352820000000002,0.23257208,0.04376628,0.21264254,0.08606857,-0.29698431,0.30749154,0.097413965,0.79052716,-0.09616565,-0.49790972,0.24405998,0.49262837,-0.21510017,-0.33314654,0.5441464,-0.20771646,-0.030357072000000002,0.041373137000000004,-0.42073905,-0.3367942,0.0041468143,-0.040971655,-0.22926715,0.37147942,0.16391633,0.20748371,0.16276129999999997,-0.19195478,-0.12882338,-0.19865783,0.03524037,-0.12579603,-0.5996734,-0.07373433,0.18412067,-0.49268585,-0.18490770000000004,-0.0949801,-0.28065229999999997,-0.3914066,-0.069228165,0.025789753999999998,0.43130046,0.39101347,-0.052176155,0.10445772,-0.45466495,-0.41903982,-0.12702174,0.19078645,0.35821697,0.13888349,-0.09162954,-0.26288852,-0.20699981,0.5577933,-0.12456772,-0.009547547,0.32441252,-0.035004318,0.03431211,-0.02714709,0.3435935,0.40393826,-0.054324117000000005,-0.027820612999999998,-0.121107586,-0.090364456,0.22763357,0.3493821,-0.28852633,-0.38530546,-0.18669812,0.010454101,-0.5602054,-0.1831308,0.60243005,0.1227614,0.18492645,0.2498153,0.11580477,-0.46271709999999994,-0.15308063,-0.005730430600000001,0.2963264,0.33046854,-0.31444594,0.25434422,-0.24097267,-0.35071138,-4.2742505,-0.15380014,-0.10818699,-0.54190725,0.22946884,-0.0006062778,0.08495351,-0.14622462,-0.37206602,-0.32567504,-0.09840575,-0.20467423,0.015634244,0.040490683,0.2540898,0.46189755,0.18507387,-0.11884226,-0.15323046,0.40796348,-0.15055944,-0.40211618,0.2050598,0.0021536388,0.28320572,0.42565688,-0.45909277,0.051134415,-0.2120972,-0.09145406,0.31420842,-0.23651170000000002,0.0016515148,0.292744,-0.047713973,-0.08435883400000001,-0.26989114,-0.28007859999999996,0.12083355,-0.06040864,-0.024987021,-0.2896172,0.12285056,0.0013948260999999999,0.87046856,-0.21669337,-0.090023264,-0.12693262,0.08004487,0.34667155,0.047158852,0.11644532,-0.14852762,-0.36017403,-0.014966495,0.15210077,0.3215283,0.6327668000000001,-0.14174494,-0.14524572,0.20832758,-0.18375659,-0.4717827,-0.22575326,-0.32949647,-0.17624477,-0.41861343,-0.19946322,0.08721756,-0.16467988,-0.19758065,0.41608843,-0.27003244,-0.7135193,-0.076859415,0.15818565,0.059727925999999994,0.015708199,0.24530809,-0.05759182,-0.24650426,-0.31077433,0.102433056,-0.08703034,-0.14075667,-0.17774072,-0.047455199999999996,-0.25615007,-0.33195078,-0.6279647,-0.015905479,0.09853385,0.21622571,0.11677409,-0.039151292000000004,-0.120500535,0.33752543,-0.24591227,0.077086635,-0.15170474,0.3314916,0.08919479,0.49758473,-0.12924188,-0.025961194,0.07677250000000001,-0.39232466,-0.019872047,0.23801838,0.00036279502,0.49939802,-0.3681803,0.38486215,-0.073052265,-0.4710281,-0.06779123,0.15482622,0.30679446,-0.045178946,-0.22810572,-0.18159755,0.23852207,-0.45739922,-0.46005505,-0.68426377,-0.19712767,-0.36737552,0.29461706,-0.23221034,0.15337820000000002,-0.16401541,-0.2789958,-0.25732088,0.45533174,0.113102466,-0.23193212,-0.028117282,-0.24537487,-0.19433774,-0.12778057,0.119742624,0.21208473,0.12375977,-0.034295857,-0.22233133,0.27344972,-0.20631379,0.1635695,-0.040941358,0.021497162,-0.277871,-0.37315290000000007,0.02125236,-0.2588466,0.0017954351,0.15376320000000002,0.602687,-0.13304701,0.04123239,-0.40458720000000004,0.1698491,0.12680542,0.23124824,0.38584447,-0.050571263,0.53307235,0.13466366,-0.175226,0.009969595999999999,-0.13295539999999997,-0.5767986999999999,-0.31773835,-0.07559538,-0.38412148,0.15181598,0.60050714,0.2538736,-0.34358945,-0.25781947,0.2847865,0.017160187,-0.22466323,-0.11830452,0.18683404,0.29606940000000004,0.30595413,0.16950539,-0.14726266,0.051230498,-0.11235739,-0.5103835999999999,0.5521931999999999,0.07312843,0.10437319,-0.21728796,-0.0068632658,0.49459845,-0.20152627,0.15155098,-0.05367819,0.316819,-0.13188532,-0.14912412,0.12511043,-0.11991524,-0.20607547,0.10375616,0.3392883,-0.015334074,-0.025589088,-0.31657168,-0.40237498,-0.44571483,-0.18302833,0.22231805,-0.16047613,-0.04031617,-0.15668419,-0.28873438,0.39153206,0.12194437,-0.15226461,0.3956093,0.20055394,-0.37195268,-0.13918059,0.048533775,0.04730561,-0.39480248,-0.099948056,-0.1382451,-0.97782886,0.030464132999999997,0.17234369,0.113545395,0.20327514,-0.11907975400000001,-0.29473057,0.17317186,-0.2848319,-0.30387565,0.25671792,0.09134689,-0.59785444,-0.26505619999999996,0.106917575,0.023965847000000002,0.33965454,-0.46408212,0.5280944000000001,0.033499226,0.10545387,-0.07554127,-0.33036175,0.34078790000000003,-0.35128924,-0.45631963,-0.12664738,-0.51181436,-0.028711855,-0.08949336,-0.024981175,-0.23118608,0.19984218,0.18538763,0.06757513,0.21079336,0.07148634,0.12674856,-0.81325763,0.082800575,0.13453318,0.037023596,0.011808977,-0.038560405,0.11769726,-0.105104364,-0.42470083,0.46790537,-0.33262053,-0.12854373,-0.0974648,0.2015797,-0.032464497,0.40544906,0.019543568,-0.26114044,0.047656145,-0.08863058,0.12671964,0.36959442,0.18805104,-0.29495543,-0.03876125,-0.22488546,0.10477543,0.7217108,-0.24889421,0.2200627,0.39908957,0.110440604,0.10255072,0.31586835,0.19013739,-0.31709427,0.27220535,-0.007185328299999999,-0.35603818,0.13288274,-0.01359562,0.01308737,-0.36259574,0.4537094,0.5844576,-0.16344543,-0.5204603,-0.10500188,-0.31608552,-0.010295619,0.003692243,-0.04911424,-0.07094058,0.7350536999999999,-0.097353816,0.16739956,0.14626324,-0.32459036,-0.26382690000000003,0.0026553736999999997,0.2584155,-0.061378777,0.36668340000000005,-0.20720732,0.42161098,-0.18625303,0.11325814,0.14849152,-0.11025587,0.05403531,0.21401832,-0.28229509999999997,0.057093613,0.37929097,0.3760414,0.22480269,0.123540804,0.39479133,0.07999458,0.50945765,0.48535076,0.17919639,0.43011138,-0.16742764,-0.14800128,-0.13913074,0.24223427,0.11133737,0.43815494,0.051034406,0.7399241999999999,0.16582099,0.24758711,0.30214792,-0.50518125,-0.17733261,-0.0966408,0.23846848,-0.14033306,-0.029320502999999998,0.053893015,-0.22431529,0.089164965,-0.28229547,-0.30735174,-0.3149262,0.46493155,0.10350545,-0.105418704,-0.21015273,0.13751173,-0.02841917,0.19777432,-0.5938468000000001,-0.16944255,-0.32082963,-0.51208,0.037976067999999995,0.09807469,-0.08706125,-0.26461599999999996,-0.07454419,-0.0966257,0.14265922,-0.1330126,0.1573535,-0.24496369,0.3692841,0.16239992,0.6478304,0.06604742,0.13362858,-0.28495347,-0.09360714,0.23332608,0.4786148,0.1832346,0.03609880000000001,0.554949,-0.45454237,-0.14737377,-0.07763835,0.50466454,-0.6844380999999999,0.10736798,0.0043151826,-0.115818724,0.048734535,0.18938579,-0.1473589,0.32523564,-0.36331618,-0.38713616,0.15766935,-0.010583743999999999,-0.19219157,0.06104778,-0.012713931000000001,0.2783994,-0.022590147,0.08642999,0.18478811,0.35184005,0.037812847999999996,0.0935348,-0.10807045,-0.55424094,-0.24084547,-0.018171132,-0.07019756,0.33787715,0.19177693,0.20011483,-0.091732085,0.10321266,0.36705098,-0.06747066,0.057188388,-0.299906,-0.44612396,-0.28310934,0.0003071641,0.13898683,0.11914377,-0.128881,0.09257889,-0.12999144,-0.14607413,-0.3203986,0.18524846,-0.02974171
146,6,-0.26527613,0.10208682,0.33303449999999996,0.028564067999999998,0.23584929,-0.18019599,-0.058281537,0.60478145,-0.1915209,-0.46450043,0.14065109,-0.23684873,0.030930742999999997,0.35270733,-0.24184345,0.393552,-0.08295061,0.07284018,0.16657414,0.17071570000000003,0.096651435,0.0041275867,0.19013183,0.5133393,0.14142804,-0.27319232,0.11202852,-0.025329292000000003,-0.30480856,-0.034622017000000005,0.5761053,0.24367741,-0.3668425,-0.24065648,0.09722911599999999,-0.0025114198000000003,-0.027858857,-0.11100812,-0.017956851,0.12081286,-0.36367095,-0.19693586,-0.14948232,-0.07996163,-0.32657418,-0.2332206,0.035432346,-0.11689678,0.077988796,-0.055211645,-0.37387377,-0.060685605,-0.22623624,-0.08427857,0.08535049,0.6614392,0.001975284,-0.23088175,-0.46529582,-0.3392903,0.49554935,-0.15289257,0.06826965,-0.35881009999999997,0.36555585,0.04466092,0.29303518,0.35192543,-0.779605,-0.24211065,-0.42194468,-0.16581906,-0.34732363,0.039052997,-0.3126684,-0.024258448,0.0056672595,0.31034994,0.015943917,-0.1183748,-0.15612468,0.31724614,-0.34297174,0.35449487,-0.025487585,0.402512,0.22392419,0.14938479999999998,-0.33192423,0.75972646,0.39105463,-0.46176127,0.1084162,-0.034761317,0.057594895,0.130927,0.49742362,0.015543464,-0.13052833,0.5877054,0.14092351,-0.23746036,0.10273423,-0.35273436,0.14238444,-0.3495183,0.22881609,0.09787232,0.08910718599999999,0.09322243,0.09424653,0.07683658,-0.27528387,-0.29273963,-0.15780048,-0.05628756,-0.12449009,-0.13464884,0.10469875,0.3252679,0.30679515,0.11528701,0.11876143,0.5846179,0.04159143,-0.08587375,-0.08673309,0.27965894,-0.16239510000000001,-0.22853671,0.1538694,0.346263,0.07654737,-0.48377568,-0.25412345,0.109874874,-0.050291114000000005,-0.23902270000000003,-0.3354554,-0.01296062,0.16562435,-0.19907463,0.3811333,-0.16482024,0.020549843,-0.105148286,-0.19418775,-0.19049975,-0.0702719,0.2337594,0.03987336,0.053178888,0.057508208,-0.15236694,-0.064054795,-0.17799005,-0.09604872,0.27513862,-0.16907457,0.09457918,0.26791024,-0.19235477,-0.09551612,0.46341407,0.1444586,-0.042048737,0.029443825,0.32672206,-0.119059354,0.016935386,0.10077716,-0.12611860000000003,0.6780470999999999,-0.272852,0.12543419,0.008644976,0.39970690000000003,0.13265072,0.3755981,0.12078733,-0.5751235,0.20350853,0.036733456,-0.031983405,0.40566057,-0.074173465,0.030452214,-0.23907024,0.2023555,-0.1346226,-0.41162917,-0.28770697,-0.2486458,-0.40900463,0.22631675,-0.5141220999999999,-0.06287594,0.053890537,-0.31022674,-0.14033742,-0.055601567000000005,0.06408805,0.30127504,0.07115625,-0.060839727999999996,-0.068830095,0.22962946,-0.20729589999999998,-0.009136652,0.3567506,0.06039894,0.22520101,0.23073593,-0.32265756,0.014374507,0.012991545,0.18168211,-0.20294683,0.302413,-0.10491519,0.26076713,-0.09050714,-0.14368197,0.31531104,0.027124442000000002,0.6770478,0.22058529,-0.6961456,0.21573891,0.43085554,-0.17849676,-0.21708497,0.6589089,-0.1904336,-0.20080586,0.024530832000000002,-0.29061124,-0.22659631,-0.22411491,-0.17534053,-0.2277611,0.56934744,0.022644092999999997,0.14572258,0.19276048,-0.14436282,-0.117693484,-0.05223717,-0.12057447,-0.32191515,-0.5670654,-0.19236362,0.065182164,-0.37900174,-0.2916489,-0.40845197,-0.1408991,-0.20136875,0.08867854,-0.008792156,0.3524442,0.1670662,-0.18289895,0.09156203,-0.29303595,-0.3074098,-0.033102747,0.19865206,0.19783418,0.19618611,0.20704070000000002,-0.013346259,0.005989818,0.5650347,-0.24217843,0.14235783,0.33290026,0.27332482,-0.10864538,-0.07703612,0.22132461,0.22543293,0.035915855,0.060317203,-0.09208855,-0.11337461,0.19250469,-0.05871230400000001,-0.11009922,-0.15639564,-0.13730857,-0.123801365,-0.44877112,-0.37329668,0.501895,0.0626443,-0.018894222,0.08248069,0.025208572000000002,-0.09146637,-0.24362929,-0.12365243,0.2854147,0.20228273,-0.3438054,0.019713216000000002,-0.15093629,-0.22429405,-4.515162,-0.13427867,0.10074717,-0.2210215,0.20539314,-0.10347602,0.115828745,-0.17527863,-0.41640314,-0.27070690000000003,0.0076719075,-0.29120799999999997,0.16414917,0.29311502,0.23464899,0.219151,0.18000756,-0.051624298,0.048886966,0.59357864,-0.05208097,-0.47793412,0.22890489,-0.25483587,0.28049737,0.3211717,-0.26086676,-0.08220224,-0.43584853,-0.18688892,0.26719525,-0.11005051,0.12700874,0.10857548,0.23726262,-0.14069816,0.09984328599999999,-0.57657015,-0.28069362,-0.42268616,0.00025333677,-0.39577946,0.07259896,-0.020709006000000002,0.5981217,-0.05082676,-0.18067242,0.050904915,0.10489775,0.32491970000000003,0.11008386,0.145772,-0.35237077,-0.33385414,-0.16960415,0.07051320400000001,0.44572347,0.44978777,-0.20175610000000002,-0.15649317,-0.05212405,-0.018673625,-0.5323573,-0.12189378599999999,-0.27750656,0.015816964,-0.46349746,-0.21186055,0.17276452,-0.002823076,-0.060328003,0.36892182,-0.25754118,-0.62490386,-0.029827505,-0.12966283,0.079598844,-0.057661053,0.1504198,-0.069439426,-0.23311527,-0.18035983,0.0034551717999999998,-0.11110942,-0.0929716,-0.2060254,0.17356917,-0.19328773,-0.3913337,-0.46973148,0.13062249,0.108075045,0.42498842,0.22757946,0.096590124,-0.16772571,0.4432812,-0.14044043,-0.006908644499999999,-0.4223514,0.20278965,0.056565326,0.36306122,0.028994361,0.26812106,0.16597891,-0.21976939,0.18178254,0.4386975,-0.04426646,0.6858844,-0.48443225,0.23431893,-0.20252353,-0.3208607,0.045561194000000006,0.25959444,0.31924462,0.06139653,-0.25037960000000004,-0.058555074000000006,0.4065331,-0.32185277,-0.5289062,-0.90218145,0.08568488,-0.41224328,0.25958717,-0.25858834,0.157079,-0.25826338,-0.1546305,-0.28058276,0.2815495,0.16758476,0.13913831,0.27956793,-0.15271059,0.1402253,0.008609756,0.40509993,0.28645858,0.109084055,-0.25037600000000004,-0.22166914,0.39533204,-0.11765534,0.09325558,-0.13212106,0.28083202,-0.18032219,-0.373237,-0.14298172,-0.14953145,0.11295079400000001,0.12363624599999999,0.29698420000000003,-0.08298276,-0.13121229999999998,-0.5421868000000001,0.4159626,0.26988435,0.1114778,0.21858676,0.11996828,0.4203129,0.25995395,-0.34165782,-0.15241207,0.18718445,-0.39692935,0.013426498,-0.19928968,-0.622993,-0.05301933,0.3272685,0.12251483,0.0065040626,-0.17023045,0.27824005,0.03315367,0.020720467,-0.18537746,-0.2693475,0.31393000000000004,0.1733365,0.033325682999999995,-0.38956820000000003,0.008666469,0.14286129,-0.19821756,0.29614148,0.06027919,-0.07497185,0.11771911,-0.028102295,0.42511967,-0.4910090999999999,-0.17029963,0.06832756,0.37378490000000003,0.12381239,-0.11101941,0.0060422340000000005,-0.17803924,-0.061176833,0.08531566,0.36256686,-0.080960244,0.19120577,-0.5055334,-0.16858270000000003,-0.49469963,0.19696544,0.083224624,-0.5190148,-0.0029717805,-0.015854761000000002,-0.47743900000000006,0.23111060000000003,-0.0098112635,-0.2576856,-0.15772966,-0.07960272,-0.31734812,-0.17612132,0.15459348,-0.12573655,-0.2623478,-0.18929236,-0.06171422,-0.8567353000000001,0.050622176,0.13399942,-0.116347,0.37666076,0.19668822,-0.18347347,0.1250251,-0.16824177,-0.47778633,0.12126371,-0.09039359,-0.37162068,0.2516245,0.3988826,-0.11528682,0.13724278,-0.31315827,0.5324126,-0.07663793,0.040365807999999996,-0.19326851,-0.47060516,0.029114086,-0.29099104,-0.53226817,-0.051140904,-0.43412155,-0.18099059,-0.07923263,-0.34660640000000004,-0.04716819999999999,-0.035792198,0.16270779999999999,0.15315770000000004,-0.0812702,0.17474876,0.21753289,-0.60995823,0.01747402,-0.007830998,0.09555861,-0.14638521,0.40909967,-0.088329285,-0.14514858,-0.34457305,0.35245937,-0.4396268,-0.19735424,-0.35283917,0.2568125,-0.19300799999999999,0.32337824,-0.22030073,-0.26463336,0.3260493,-0.13334749999999998,0.06786047,0.35428184,-0.25882617,-0.004892594,0.029273012999999997,-0.28530973,0.06247254,0.64557445,-0.23603305,0.04962835,0.051686477,0.16120374,-0.06563578,0.28797704,0.11029306,-0.11700689,0.2472029,0.00735961,-0.56452495,0.12753277,0.15174058,-0.24988768,-0.36155143,0.5503566,0.31812975,-0.26871422,-0.324263,-0.11702850000000001,-0.19374403,0.08209316,0.0062900690000000006,0.12132067,-0.06860186,0.58665234,-0.25028148,0.32880506,0.13589127,-0.30244866,-0.113560036,-0.14883943,0.23057875,0.07091313,0.44942677,-0.4639316,0.40588379999999996,-0.021203852999999998,0.08350141,-0.20373704,-0.25403842,0.21037288,0.10662039,0.033095315,0.12097531,0.6643169,0.23575990000000002,0.426335,0.13812324,0.1896515,-0.018304993999999998,0.5598347,0.41687322,0.283943,0.33790118,0.03712771,0.12527485,0.112793386,0.38188273,-0.007058565500000001,0.44545972,-0.08711569999999999,0.90690345,0.17090239,0.26412597,0.28992432,-0.4819736,-0.032934275,0.103417985,0.07373060000000001,-0.17342773,-0.27410522,-0.01336723,0.07167749999999999,0.07776237,-0.10803968,-0.16030439999999999,-0.1267769,0.4963416,0.16223763,-0.032777388,-0.24617067,0.13518868,-0.01980075,0.09165763,-0.43810713,-0.08842358,-0.21638516,-0.4070355,0.09584514,0.08230595,-0.13868317,-0.09043792,-0.15004241,-0.05703167,0.082565896,-0.21860154,0.019917265,-0.083099134,0.40108356,0.3051465,0.44038883,0.006704239,0.19360806,-0.21365033,-0.11306079999999999,0.27041087,0.25441790000000003,-0.13619167,-0.14184079,0.32949543,-0.36409327,0.02504058,0.123876385,0.2932524,-0.5361670000000001,0.1740382,-0.10170091,-0.048848152,0.029241305,0.050941214000000005,-0.35752264,0.16057178,-0.3658887,-0.35705927,0.13515937,0.004298377,-0.066227265,0.090715535,0.18576688,0.36937929999999997,-0.32601187,0.059826244,-0.07329427,0.28271192,0.09303044,-0.049738314000000006,-0.3408329,-0.21239394,-0.33839786,-0.13521032,-0.07835104,0.0644211,0.33354828,0.21720721,0.11163606,-0.10367281,0.82732844,-0.4100915,-0.15633516,-0.20438935,-0.09685255599999999,-0.19568479,-0.15564328,-0.24814115,0.28533408,-0.07583111,-0.11431099,-0.0027764593,-0.028017115,-0.43122170000000004,0.1823685,0.023908337999999998
147,21,0.114915185,-0.44572908,0.41803932,-0.028422205,0.41646698,-0.33031222,-0.07141344,0.6448553000000001,-0.17336859,-0.1802685,0.28631425,-0.18770087,-0.108336814,0.40650755,-0.18713151,0.45226678,0.14640431,0.0036206283,-0.24496315,0.13492678,0.2898875,-0.04306795,0.2917602,0.52140474,0.65743035,-0.044640087,0.0057037035,-0.07270954,-0.35247449999999997,-0.13965292,0.42828113,0.15317276,-0.2505683,-0.08127066,0.18228985,0.1853665,-0.3181704,-0.23495099,-0.43665347,0.20422398,-0.7134096999999999,-0.40195575,-0.0020697224,0.12791307,-0.33370766,-0.34182385,0.1976086,-0.15639512,0.28879696,0.094013706,-0.37207964,0.17840178,-0.38651317,-0.3123798,0.008539335,0.76939994,-0.24014561,-0.61335605,-0.8368278,-0.31427094,0.25932592,-0.29604346,-0.16983797,-0.3851191,0.07989662,-0.12437905,0.2579297,0.45518842,-0.57904416,-0.026560754,-0.34692886,-0.28263044,-0.17080279,0.08508873,-0.17020155,0.31778172,-0.29123499999999997,0.30628136,-0.06624671,-0.35923693,-0.34918323,0.30847356,-0.37390205,0.20396812,-0.045859072,0.10255174,-0.13644084,0.13936141,-0.35870630000000003,0.7391797,0.17596364,-0.38268384,-0.033809565,0.1649533,0.32147104,-0.14288346,0.022398578,-0.008766012,-0.2847901,0.5261659000000001,0.38972428,-0.22405382,-0.0018627394000000001,-0.38997832,0.14996867,-0.2615445,0.18591855,0.074313626,0.050080597000000004,0.29496469999999997,-0.022785434,-0.089542665,-0.20089519,-0.24121952,-0.2685675,0.030500054,0.060947562999999996,0.029420922999999998,0.11393458,0.16510285,-0.27226928,-0.020280132,-0.06740203,0.7516816999999999,0.12314593,-0.0035759740000000004,-0.16966191,0.22798575,-0.13041404,-0.47036716,0.29591295,0.33232835,0.09985534,-0.33501917,-0.31861252,0.2741833,0.04954859599999999,-0.33152416,-0.5446343000000001,0.030480537999999998,0.207283,-0.20868567,0.48621909999999996,0.08725373,0.22676672,0.18876053,-0.1086288,-0.21284702,-0.22077744,0.34963086,-0.13168642,-0.09465102,0.035286758,-0.26517966,0.119839385,-0.26969337,-0.37359549999999997,0.14913993,-0.19295056,0.16122209,0.5815832,0.057119276,0.16878232,0.30954376,0.22510163,0.30099013,0.11455529,0.33559772,-0.29368243,0.03339277,-0.26133513,0.10930357,1.0790073999999998,-0.31447884,0.14966841,-0.033984806,0.037396472,0.34317559999999997,0.12704548,0.20129696,-0.6215252,0.14655773,-0.003124483,-0.086392544,0.4075897,-0.27883992,0.15491816,0.16413282,0.29336217,0.15560748,-0.34172425,-0.33189508,-0.18864611,-0.32104740000000004,0.16771306,-0.7232721999999999,0.09942112,-0.13611379999999998,-0.28648409999999996,-0.04376931,0.045360286,0.24621423,0.37527782,0.17937662,0.01122825,-0.26182598,0.3090466,-0.102645196,-0.05557784,0.5046647,-0.12926124,0.6794292,-0.16852453,0.15643442,0.059342973,-0.057907347000000005,0.18462673,-0.1622916,0.09650463599999999,0.06262105,-0.035845835,0.22886372,-0.30591533,0.43047914,0.03919659,0.9776316999999999,-0.09562875,-0.46461162,0.09598374,0.58573705,-0.26767644,-0.5311441,0.6448305000000001,-0.015272655,0.15100739999999999,0.09751623,-0.6522975000000001,-0.24115970000000003,-0.022071172000000003,-0.14470434,-0.11245185,0.21168666,0.21541545,0.15019725,0.24376287,0.028885658999999998,-0.15786013,-0.049899567,-0.19273494,-0.13706553,-0.46201363,-0.46849105,0.24141346,-0.4245724,-0.18801389999999998,-0.19920507,-0.23951446,-0.27287897,-0.0048317225,0.04550576,0.42163292,0.17473534,-0.055330772,0.12528233,-0.45460966,-0.5412974,-0.18464994,0.23508145,0.31749746,0.10368379,-0.05561026,-0.18521161,-0.09769417,0.8903789000000001,-0.07943083,-0.22668286,0.36456975,0.027554851,-0.055881593,-0.31732532,0.25180885,0.49786243,-0.053828098,0.26830068,0.07360355,-0.40220466,0.1178786,0.39946198,-0.20799938,-0.42096743,-0.09234856,-0.25352302,-0.7016044,-0.37620926,0.5436188,0.09547105,0.104557574,0.18930529,0.17011727,-0.21440123,0.061169453,-0.28085548,0.2694123,0.39401346,-0.26255086,0.30945256,-0.27101588,-0.37333807,-3.557613,-0.07741715,-0.091087736,-0.34734109999999996,0.19559929,-0.08969574400000001,0.13573846,0.015029517,-0.5949211999999999,-0.08066462,-0.17475517,-0.22731331,0.07492049,0.16769068,0.217822,0.09708578,0.43781358,-0.19871248,-0.09283638,0.63852674,-0.06159498,-0.76978415,0.13068114,-0.0009161802999999999,0.41397777,0.6165276999999999,-0.19238226,-0.18210283,-0.29778725,-0.085680775,0.20040624,-0.11365169,0.24223427,0.11821818,-0.07341156,-0.028282791,-0.10531954,-0.45023027,0.084799245,-0.15727302,-0.10870256,-0.41024402,0.005746464000000001,-0.06322289,0.9862955,-0.1104772,-0.17023428,-0.20680778,-0.099766396,0.36911544,0.10022943,0.29393682,-0.148997,-0.39777842,-0.26459888,0.3015165,0.34806758,0.727141,-0.04197121,-0.38763985,0.061170075,-0.15077618,-0.21509232,-0.063865356,-0.029171366,-0.37858197,-0.42262644,-0.14821024,0.15385969,-0.11658329,-0.07195059,0.5172419,-0.38077697,-0.7652361,-0.3320701,-0.10742199,0.008200048,0.0676377,0.23458399,-0.11609424,-0.2037269,-0.41807669999999997,0.039883666,-0.21887906,-0.1683936,-0.25266495,0.31227818,-0.21081170000000002,-0.39740947,-0.5816259,0.046703953,0.031056953999999998,0.0054154075,0.2144425,0.19940639,-0.2774742,0.3368079,-0.26088315,0.066227466,-0.11462353,0.26347944,0.007943535,0.6909713000000001,-0.19244418,0.13898528,0.118893005,-0.6066391,0.043175217,-0.12639377,-0.06554291400000001,0.41729499999999997,-0.5304871999999999,0.46843892,-0.21410643,-0.39404556,-0.26974368,0.24949051,0.40894312,-0.029349117,-0.085285015,-0.10241462,0.39432690000000004,-0.55306613,-0.40193072,-0.6876654000000001,-0.28486127,-0.24447611,0.2717742,-0.23176314,0.19891652,-0.1829942,-0.34845573,-0.29754645,0.38298150000000003,0.12591307,-0.02203451,0.12310843,-0.40549209999999997,-0.102422394,0.106175825,0.07263702,0.36465820000000004,-0.112166844,-0.044494025,-0.30623168,0.24429607,-0.06728196,0.042847004,-0.26031992,0.15411158,-0.16976075,-0.32260177,0.038323455,-0.48644876,0.0783905,0.29227957,0.42398998,-0.010974123999999998,-0.060272574,-0.5345519,0.2404721,0.2702265,0.24037394,0.37410563,0.0874775,0.47395644,-0.090049826,-0.09303106,0.12102953,0.08198974,-0.52120274,-0.20927891,-0.26269597,-0.43251196,0.14778936,0.5805456,-0.05008515,-0.236956,-0.2508544,0.16012435,0.03578582,-0.091601506,-0.30793142,0.21250682,0.34599885,0.1616193,0.25313476,-0.05106493,-0.07263676,-0.043312363,-0.32950476,0.5968295,-0.06509759,-0.060788665,-0.33385,-0.18813367,0.47993678,-0.3246203,0.11489706,0.11688217,0.3604998,0.0025034065,-0.100031935,0.11633545,0.11593510000000001,-0.043954115,0.02787788,0.17892821,0.17408869,0.07111250599999999,-0.35562453,-0.5362149,-0.40216634,-0.19231912,0.35273424,-0.25161514,-0.08680796,-0.10175316,-0.44067016,0.38876936,-0.029801799,-0.20243593,0.36732265,0.11814909,-0.58047205,-0.5062333,0.042473696,0.007559216600000001,-0.4389499,-0.25610927,-0.1444424,-0.91485703,0.17665164,0.2064701,-0.083960235,0.38008898,-0.39480582,-0.2153139,-0.06665205,-0.28427145,-0.43549629999999995,0.15364860000000002,0.23302922,-0.75457126,-0.2201679,0.11844875,0.0738345,0.45995966,-0.16021836,0.69327086,0.1613747,0.08060683,0.08807864,-0.4572196,0.12037982,-0.5149581,-0.14117868,-0.1587199,-0.5215373,-0.027646234,-0.084426284,-0.24001572,-0.115626745,0.17451789999999998,0.34764895,0.17846462,0.21631877,0.28037155,0.16765852,-0.68104684,0.06731993,-0.09323659,-0.13590913,-0.32997248,0.2073942,0.18560874,-0.05033988,-0.65801615,0.41738686,-0.37751228,-0.09600003,0.011613018000000001,0.281411,-0.11320368,0.22627576,-0.1556544,-0.22230816,0.2551599,-0.079267696,0.07746361,0.32823759999999996,0.09599679,-0.3253649,0.003280323,0.1024384,0.1252537,0.7564029000000001,-0.32056335,0.14827715,0.47734594,0.06613128,0.15465422,0.3308503,0.32843503,-0.45851275,0.36125627,0.18922207,-0.44950718,0.35981566,0.09522779,-0.073856995,-0.39003140000000003,0.44195870000000004,0.6508621,-0.15862885,-0.38442054,-0.18379073,-0.30363340000000005,-0.38811293,0.2821111,0.17838316,0.11636507,0.5842417,-0.30907290000000004,0.0009162325,0.24694507,-0.27003384,-0.15890725,0.0023298060000000002,0.21843265,-0.04241065,0.5321805000000001,-0.24055241,0.48242804,-0.23710187,-0.07018369,0.0020827518,0.053256344000000004,0.13402316,0.19386129,-0.0060772193000000006,0.10194814,0.40247259999999996,0.26516768,0.43626437,0.16639425,-0.0056316840000000005,-0.02970435,1.083901,0.52710927,0.34291008,0.31862834,0.024193252000000002,-0.19919859,-0.087509386,0.13989456,0.11240771,0.4261496,0.18248150000000002,0.5080073,0.08672007,0.012300436000000001,0.2953133,-0.5596503,-0.23667619,0.014758743000000001,-0.18038091,-0.06316946,-0.33431172,-0.016256614,0.021150514,0.16656008,-0.22052567,-0.411789,-0.13875237,0.5554946999999999,-0.11268699,-0.23372889,-0.023660626,0.3067658,0.13821156,0.13783778,-0.51904154,-0.21888925,-0.40697387,-0.6799768,-0.16127208,0.02236618,-0.13785014,-0.71616423,0.19153294,-0.14807414,0.035714824,0.06044997,0.12249058,-0.5014465,0.40319207,0.16481267,0.5884975,-0.07527393,0.40984729999999997,-0.43685627,-0.01792513,0.09340509,0.5400836999999999,0.11012358,-0.10339572,0.28458986,-0.4699851,0.082969226,0.25811222,0.5414329999999999,-0.66969675,0.13975313,-0.236938,-0.04295964,0.103293724,0.18923272,-0.21513279999999999,0.37154192,-0.34799004,-0.34172207,-0.038287262999999995,-0.19561246,-0.23799941,-0.020699447,0.1703963,0.33754578,-0.1721993,-0.013098688999999998,0.02111595,0.22469902,0.054535955,-0.04658539,-0.1556632,-0.31010652,-0.078544356,0.045065645,-0.2676378,0.23901425,0.15480302,0.34402844,0.06733188,-0.05453145,0.59128857,-0.19499625,-0.039589614,-0.41226596,-0.26476577,-0.33227214,-0.017525705,0.14735793,0.091019936,-0.19088683,0.28905514,-0.30475044,-0.08831180000000001,-0.22610109,0.22919679,-0.11946184
148,1,-0.05412137,0.030508794,0.17137754,-0.09630392,0.12018927,-0.20827974,0.10283067,0.61477697,0.06779436,-0.24256642,0.24280265,-0.22508675,-0.059694212,0.25788158,-0.24906169,0.52568114,-0.109206945,-0.017216496,0.00038793116,0.20570354,0.07496269,-0.067270145,0.12346211,0.40576822,0.41959822,-0.19178376,0.101508364,-0.18804531,-0.37921658,0.12719589999999997,0.5666675,0.35951385,-0.2137897,-0.12609635,0.2940658,0.03281059,0.0039163083,-0.03037083,-0.2521452,0.10179028,-0.5866295,-0.34067246,-0.34381804,-0.09334572,-0.20653655,-0.47565228,0.41725242,-0.27010986,0.15948956,0.092512965,-0.5810711,0.22819699999999998,-0.24652421,-0.09356343,0.20152277,0.75652045,-0.099206895,-0.45617682,-0.6665201999999999,-0.21132584,0.40909597,-0.2097272,-0.17461799,-0.26002482,0.17176275,0.011327995,0.17756343,0.40788704,-0.5929821999999999,-0.14190994,-0.39141974,-0.12559736,-0.24959016,0.15988715,-0.33579594,0.23852524,-0.20801054,0.20172681,-0.06493933,-0.12766358,-0.034755606,0.37040558,-0.36525774,0.47616990000000003,0.038337562,0.30158314,0.27299166,0.051184487,-0.41913995,0.63763636,0.37750137,-0.38789037,-0.01822491,-0.11114623,0.21436512,0.021877304,0.394863,0.0431306,-0.18545473,0.5713682,0.45619315,-0.35294124,-0.01122103,-0.46679345,-0.013941654,-0.269335,0.16680583,0.07974434,0.12290561,0.09706508,0.0051907509999999995,-0.02023098,-0.43370548,-0.16215828,-0.13815163,0.02294828,0.18712775,-0.06069214,0.07278257,0.27768165,-0.00031228506,0.12575525,0.23832613,0.57250303,0.026382258,-0.05467991,-0.15993723,0.23976979999999998,-0.40361634,-0.27729228,0.36954322,0.3805375,0.006536875,-0.81714463,-0.37457076,0.09282359,0.11600559,-0.22654556,-0.45252833,0.122608766,0.19300155,-0.2630781,0.6293515000000001,-0.18397981,0.24941246,0.14103344,-0.010094415,-0.119983084,-0.35963762,0.21993272,0.07744288,-0.060768366,0.15041026,-0.20279843,-0.11389948400000001,-0.24214192,-0.47052833,0.5025581,-0.30092806,0.10205787,0.35375828,-0.07575819,0.019598791,0.5880868,0.526405,0.31615427,-0.1297729,0.27863005,-0.17372364,0.14048196,-0.055046443,0.018481065,0.8323587,-0.28159553,0.23339975,-0.041801635,0.3376176,0.25743517,0.09363660000000001,-0.042842767999999996,-0.5823334,0.13386399,0.13242799,-0.06893628,0.29528844,-0.14628525,-0.12404453,-0.14193273,0.23085932,0.017458355,-0.55495477,-0.29926065,-0.06692286,-0.47479259999999995,0.11183967,-0.4106829000000001,-0.008808871,-0.050122984,-0.53266275,0.037387643,0.1443642,0.03416826,0.3284033,0.22510210000000003,0.07021825,0.028745217000000003,0.27851024,-0.22212176,-0.22879285,0.46985140000000003,-0.10157236,0.33481732,0.09834084,-0.055405125,-0.05997466,-0.17318459,0.22818066,-0.23702845,0.32977968,-0.21134534,0.1462961,0.14597154,-0.24169837,0.29069078,0.1462735,0.9280207,-0.019079471,-0.5927998000000001,0.10694225,0.43694267,-0.12868607,-0.46456359999999997,0.48844573,-0.15906642,0.10010392,0.17926046,-0.48862165,-0.32371170000000005,-0.2667653,-0.21101725,-0.12311059,0.3463468,0.14360382,0.22498097,0.14748347,0.10119444,0.12259212,-0.110662416,-0.13907902,-0.16224793,-0.5613889,-0.34503690000000004,0.008424240999999999,-0.4072844,-0.35038492,-0.23794284,-0.10739939,-0.3878771,-0.073224545,-0.027417686,0.53655946,0.283304,0.01674027,-0.07498152,-0.46114105,-0.4590321,0.017010095,0.07586906,0.30415237,0.03713314,-0.18970981,0.0039335326,0.017480135,0.7800081,-0.33837659999999997,0.028757464,0.31857824,0.14141595,-0.13821557,-0.14868866,0.15147348,0.42356682,-0.39106363,0.22952478,0.164519,-0.16154854,0.13287808,0.18418677,-0.32487217,-0.24042524,-0.045956038,-0.040082276,-0.5095691,-0.42175898,0.46932247,0.12590298,-0.06760455,0.059317123,0.114603005,-0.08780552400000001,-0.2522207,-0.16821387,0.34905198,0.34057626,-0.37933978,0.31161508,-0.12621210000000002,-0.2484706,-4.050223399999999,-0.24536398,0.018534655,-0.35641083,0.17968987,-0.012123596,-0.023768906,-0.28465820000000003,-0.40811405,-0.24497703,0.04398172,-0.1598608,0.35209703,0.37749395,0.41032759999999996,0.29996774,0.37980342,-0.101622,-0.13771561,0.50449,-0.036237787,-0.51553744,0.24825367,-0.2021991,0.5185916,0.2904364,-0.16094835,-0.22530916,-0.47673392,-0.08589266,0.2845855,-0.16516329999999999,0.10261228,-0.0026776658000000004,0.13451597,0.052423257,-0.026349895,-0.46609142,-0.41783149999999997,-0.39618725,0.00024923752,-0.30957670000000004,-0.18147786,-0.15858391,0.6365889,-0.039338972,-0.097763695,-0.10925243,-0.13689594,0.21336024,0.022249477,0.24613146,-0.29496118,-0.32164115,-0.27629077,0.23205505,0.32460767,0.5707128,-0.22916399999999998,-0.39145997,-0.07807464,-0.23800018,-0.5208651,0.076059885,0.029572107,-0.33164063,-0.0871098,-0.006183770999999999,0.16544957,-0.20983365,0.041599132000000004,0.18812393,-0.31545120000000004,-0.55645233,-0.09628319,-0.17572539,0.12043429,-0.008806551999999999,0.19942814,-0.1330835,-0.2703503,-0.37307122,-0.053828917000000004,-0.053257264000000006,-0.02333676,-0.16584069,0.15803537,-0.20613879,-0.36833403,-0.5635532,-0.0128987525,0.02443115,0.20226546,0.31889305,0.23334011,-0.41182566,0.41757315,-0.056603972,0.006098499,-0.38128257,0.25178677,0.25550082,0.41052714,-0.0035068154999999997,0.020245498,0.19107945,-0.45779090000000006,0.013896831,0.25570688,-0.12269693599999999,0.65795225,-0.5672858000000001,0.5469975,-0.060757153,-0.49851865,-0.21578437,0.35820255,0.16567461,0.0014562417999999999,-0.15737222,-0.051965874,0.40105882,-0.43848980000000004,-0.200625,-0.98127764,-0.12471598,-0.122663304,0.29565042,-0.22718407,0.08580025,-0.10192716,-0.23992534,-0.31715545,0.37758654,0.049018982999999995,0.14263757,0.16321078,-0.36979562,0.027770784,0.062220555,0.27015927,0.39908627,0.007893478,0.09972997,-0.33839193,0.45104402,-0.03232157,-0.027448105,-0.13861616,0.28704736,-0.12582332,-0.34172790000000003,-0.03565985,-0.49577788,0.21275103,0.19710898,0.3477849,-0.12897564,0.13195320000000002,-0.5000503,0.10444244,0.4454519,0.16316026,0.42110159999999996,0.045574326,0.6382682,0.22016825,-0.4231838,0.060679447000000004,0.033819944,-0.5061365,-0.019387295,-0.36570534,-0.5267689,0.09683104599999999,0.36225426,0.011349524,-0.120439775,-0.32049567,0.17466381,0.08324446,-0.04387133,-0.18981805,-0.121404134,0.27433902,0.040315557,0.2522485,-0.19151634,0.12956779,0.21788362,-0.27611458,0.2329217,0.16587465,0.008731884,-0.33074358,-0.077707365,0.382708,-0.54344827,-0.0055752913,0.16853933,0.35442254,0.03403371,0.064231716,0.21701567,-0.034961413999999996,-0.09279026,-0.1319825,0.3304784,-0.065512955,0.32122597,-0.45033306,-0.2948125,-0.39503938,0.15278873,0.3539938,-0.33285782,0.002179524,-0.14621158,-0.35919794,0.3311146,0.036085837,-0.061876915,0.22186109999999998,0.00036936335,-0.49322462,-0.37964782,0.09466536,-0.02144948,-0.358691,-0.13933402,-0.29169482,-0.8436065,0.10425024,0.2717753,-0.21146384,0.42496467,-0.01742584,-0.16302688,0.06725747,-0.19242325,-0.43385519999999994,0.13583541,0.06634051,-0.5426385,0.043364186,0.24217476,-0.125496,0.3235283,-0.40107003,0.81451064,-0.03214282,-0.021802125,-0.08628052,-0.39214483,0.06944473,-0.26367873,-0.1807999,-0.12266731,-0.50759506,-0.09582202,-0.015691703,-0.37919159999999996,-0.3342953,-0.03624888,0.07095544,0.09919785,-0.312701,0.2500856,0.035835948,-0.7747508000000001,-0.09573273,-0.14387596,0.10297683,-0.3888231,0.35508704,0.105312966,-0.052943233,-0.5119955,0.29053855,-0.45583090000000004,-0.1518671,-0.05295474,0.27771872,-0.0245627,-0.008376027,-0.25585824,-0.19774784,0.35832158,-0.07327111,-0.12659337,0.28583416,-0.12778795,-0.11407560000000001,0.19516635,0.06499179,0.27158338,0.5849965,-0.31298628,0.116248794,0.23319173,0.23467632,-0.09967202,0.21775195,0.30767316,-0.1358643,0.24338187,0.09791952,-0.49261013,0.6173350000000001,0.10304701,-0.13672358,-0.12502237,0.5848893000000001,0.5811343000000001,-0.42464373,-0.46938944,-0.022483481,-0.47450820000000005,-0.17064385,0.166205,0.1963073,0.041956518,0.63614535,-0.10829818,-0.0024336358,0.04695412,-0.14472368,-0.32941973,0.054981176,0.6076802,-0.16921973,0.4048943,-0.45485088,0.6794303,-0.24066314,0.08249223,-0.0385057,-0.004898388,-0.11757024,0.28228247,0.11479006,0.086930014,0.48506179999999993,0.20013359,0.37845500000000004,0.24031089,0.29976532,-0.07179249,0.81565255,0.2879947,0.25997022,0.371241,0.077078834,0.051802932999999995,-0.008607807,0.5324287,0.11541567,0.38533905,-0.07185666,0.7119883,0.16287135,0.08270340400000001,0.33180820000000005,-0.37941694,-0.25783455,-0.10831059,0.05962968,-0.24034646,-0.17248249,0.058323614,-0.009479085,0.12567158,-0.17946415,-0.19861515,-0.22348101,0.41857356,0.09708234,-0.32655215,-0.22042812,0.061905123,0.052666973,-0.09800956,-0.3573436,-0.22100215,-0.12713748,-0.69534254,-0.07818025,0.020137986,-0.16888964,-0.2777966,0.06605556,-0.0075535662,0.04204994,-0.23104191,-0.024648497000000002,-0.20390135,0.50788075,0.265813,0.31163362,-0.19673221,0.025952304,-0.2111375,-0.14607011,0.33124012,0.25349396,0.073161356,-0.24499275,0.24758995,-0.38788095,-0.05431083,0.2148731,0.37274423,-0.7318439,0.14782299,-0.27374074,0.030682799999999996,0.12921032,0.15079716,-0.34002385,0.31436417,-0.3556993,-0.25283104,-1.0691938e-05,0.075021714,-0.18529972,-0.023124032000000003,0.1741984,0.43500417,-0.27497062,0.03396448,0.20612070000000005,0.17968386,0.16923524,-0.10008639,-0.18849973,-0.22687808,-0.33882537,-0.12212194,-0.29243466,0.0740983,0.40032384,0.44045752,0.16172275,-0.12346989999999998,0.775845,-0.39372596,0.07014669999999999,-0.29531816,-0.36255842,-0.322052,-0.26329127,0.067060985,0.18308535,-0.24503447,0.17425968,-0.15716371,-0.02814187,-0.31525233,0.1462906,-0.09048058
149,1,-0.2769771,-0.29573742,0.2437479,-0.033172444,0.23392946,-0.21817422,-0.29671806,0.304708,0.11145203599999999,-0.38284752,0.25303447,0.10345001,0.005153668,-0.004934506,0.021630054,0.24547157,0.11565731,-0.18737446,0.07575223,-0.1233144,-0.21807799,-0.15780182,0.20915389999999998,0.4439582,0.6511238,-0.19728747,0.06448221,0.054641377000000005,-0.13165882,-0.03140459,0.35114947,0.17461349,-0.025296181,-0.2920685,0.4121585,0.021042706,0.085224375,0.083565645,-0.35258920000000005,-0.097385496,-0.5309694,-0.06159134,0.018935096000000002,-0.07949237,-0.2503032,-0.31796473,-0.0076991837,-0.46726626,0.16154906,-0.16004935,-0.40158309999999997,0.2966271,-0.11640993,-0.24101143,0.21030669,0.6709659,-0.009411919,-0.3089715,-0.49877479999999996,-0.30697393,0.47306442,-0.07944726,0.16119972,-0.2463635,-0.047147956,-0.25341755,0.26497057,0.48873356,-0.44948247,-0.011437141000000001,-0.8080734,-0.21977539999999998,-0.40722325,-0.10177159,-0.33520487,0.1316672,-0.39401529999999996,0.1394735,-0.031323466,-0.21045694,0.07853282,0.33215335,-0.09779643,0.098562434,0.26285294,-0.07362483,0.43950950000000005,0.06629543,-0.07024605,1.0671918,0.13487805,-0.18752928,0.055744315999999995,-0.041687403,0.15404773,-0.10548491,0.12919074,0.1280203,0.0665683,0.5381575,0.36119429999999997,-0.55975,-0.2314462,-0.23528449999999998,0.028491499,-0.13337936,0.19951229,0.1506402,-0.29785597,-0.32529813,-0.19321255,-0.26855177,-0.19289784,-0.057604168,-0.22781411,0.28064224,-0.15989354,0.096455105,0.05538469,0.044351105,0.015609497,0.32274652,0.34118038,0.52543914,0.16180454,0.15812995,0.24130167,0.54462075,-0.12709679,-0.24954015,0.07581112,0.18504693,0.098538205,-0.44713372,-0.18435289,-0.14116654,0.39713544,0.10657902,-0.11310584,-0.11702373,0.35409709999999994,-0.12290182,0.5050431,-0.14912191,0.1594489,0.024124317000000003,0.13678695,-0.33811367,0.063158765,0.5271413,0.07183540599999999,0.40552542,-0.18135764,-0.37861350000000005,-0.3353613,-0.28773078,-0.30454016,0.13940364,-0.49175274,0.31402954,0.5775441,-0.009223905,0.033017263,0.17925155,0.07488708,-0.054089665,0.037491035,0.17347406,-0.2515681,0.59561706,-0.2762396,0.04662607,0.5749169,0.021541707,0.107248254,-0.10614998,0.14784068,0.11545689,0.04462088,0.082044356,-0.8452146,0.26830113,0.41351262,-0.123489015,-0.011094568,-0.11822004,0.30880043,-0.21973224,0.42996743,0.18044811,-0.275591,-0.06004752,0.05443933,-0.48397627,0.13958094,-0.8132986,0.14564492,-0.01942698,-0.23721348,-0.11635112,0.023059536000000002,-0.06389528,0.1960718,0.010899973,0.063712604,0.23404568,-0.20827469,-0.13145451,0.022030674,0.46029672,-0.16349782,0.30655533,-0.11216533,-0.43126670000000006,-0.06727729,-0.2010076,0.23113266,-0.04059688,-0.008464761999999999,0.09417412,0.32118678,-0.020258956,-0.06492471,0.3947257,-0.20174427,0.52854496,0.38307962,-0.44615734,0.30457813,0.40345886,-0.12984504,-0.19130445,0.07780921,0.12958306,0.12450004,0.20813699,-0.840866,-0.24135804,-0.22334765,-0.120403,-0.05568451,0.42231867,0.05575114,-0.022559904,-0.037157393999999996,0.11894207,0.14432219,-0.14959814,-0.23617028,0.0049569984,-0.5502735,-0.5567986999999999,0.10762701,-0.5207556999999999,-0.42058316,-0.13416612,-0.27964213,-0.19722511,-0.35639188,-0.4284299,0.042773372999999996,0.20672359999999998,0.20837021,-0.07673902,-0.24746418,-0.43611530000000004,-0.26577470000000003,-0.105029985,-0.11608586,0.12579498,-0.052903782999999996,-0.0806529,0.036701884,0.21654515,-0.52681875,-0.5315302,0.5509299,0.37291905,-0.3653393,-0.22100450000000002,0.25628236,0.2653466,-0.35571763,0.12763253,0.21655712,-0.46715829999999997,0.31724949999999996,-0.23432493,-0.19451164,-0.1090182,-0.0014052675,0.32768545,-0.475728,-0.43460387,0.56963056,0.09551123,-0.15348549,0.5578778,0.24672939,0.12507552,-0.12452104,-0.46353996,0.3871374,0.17648952,-0.41466800000000004,-0.031106877999999998,-0.18997079,-0.49564666,-4.3779487999999995,-0.32786825,-0.45174494,0.026240997000000002,0.19421138,-0.18697153,0.22243024,-0.22684954,-0.48315084,-0.34572759999999997,-0.36205474,-0.08294979,-0.09330778,0.009098209,0.18588968,0.3755078,0.5131905,-0.05338867,0.24177648,0.33382896,-0.08559099,-1.0672201000000001,0.090931386,0.055870418,0.18613265,0.22570816,-0.08686142,0.05348512,-0.9406585999999999,-0.019804215,0.019525038,-0.43758783,0.2551642,0.135721,0.17576507,-0.1906885,-0.15140317,0.17068408,-0.21835595,-0.064941116,-0.16654870000000002,0.13504404,-0.08693003,0.03949053,0.9282303,-0.074892655,0.26091778,-0.33191350000000003,-0.05961092,0.0960279,-0.12100839999999999,0.4474182,-0.22922716,-0.28648773,-0.15942122,0.23518127,0.294462,0.39184245,-0.004075672,0.017097143000000002,0.11940565,-0.24648605,-0.19533879,0.23893718,-0.25776252,-0.25533608,-0.5505633000000001,-0.13858655,0.092242904,0.028487222000000003,0.24585204,-0.018481078,-0.052260615,-0.9384336,-0.40675247,-0.18931498,0.16460162,0.30989936,0.18467699,0.03896223,-0.23778048,-0.52963275,0.20346364,0.2174129,0.0011198764,-0.17533067,-0.021304333999999998,0.13085394,-0.39109382,-0.51570934,-0.06486559,-0.18480073,0.19488621,-0.06719827,-0.09314058,-0.40482762,0.29569814,-0.13471518,-0.21306111,-0.20250726,0.09879467,-0.2940598,0.18237366,0.10914814,0.09569795,0.2825466,-0.39562476,-0.032762527,0.22791046,0.07684573,0.44412070000000003,-0.5588068,0.686786,-0.13418192,-0.30267152,0.16885239999999999,-0.35685018,0.44991624,0.24431801,0.09938056,-0.04933323,0.21084894,-0.28821272,-0.2541149,-0.42522964,-0.18731494,0.035850454,0.22128699999999998,-0.07749345,-0.014061335500000001,-0.14889577,-0.30762017,-0.31025493,-0.17484082,0.052537516,-0.022953587,-0.039611213,0.30931172,0.40282184,0.017076833,0.35310978,0.67950094,0.05314957,-0.34716547,0.12020084,0.36895916,-0.14586285,0.14450204,-0.16217099,0.03847827,-0.23681949,-0.15517205,-0.08805841,-0.59663355,0.072066054,0.14812160000000002,-0.01763309,-0.14444028,-0.06507301,-0.26323867,0.24343172,0.25197443,0.0669062,0.26806805,0.0699221,0.6597715999999999,-0.13450088,-0.36961964,0.084410235,0.2962085,0.035652574,-0.1942094,0.0034998546000000004,-0.33223307,0.113304086,0.21202467,0.1995422,-0.10141119,0.043777373,0.24321431,0.0079935035,-0.33576262,-0.3282584,-0.014347078999999999,0.24495564,0.06376322,-0.11704258599999999,0.10324156,-0.17069262,0.17941286,-0.06355335,0.35263252,-0.26982877,0.15803947,-0.14670034,-0.28403112,0.05581899,0.029273682999999998,-0.15707563,0.09138734,0.24397960000000002,0.23721093,-0.2913893,0.050090794,0.20696217,0.119533986,0.11256001,0.48564008,0.0692159,0.17814603,-0.15500914,-0.47553447,-0.89510554,0.022463042000000003,0.28031313,-0.25016463,-0.024715142000000002,-0.10751967,0.023811871000000002,0.03594959,0.011939981,-0.33923724,0.23855637,0.23797852,0.009207505999999999,-0.26975676,-0.0822581,-0.24399020000000002,-0.59185934,-0.10372854,-0.06753296,-0.21887508,0.36697102,0.24265265,-0.14123794,0.14788602,-0.45277852,-0.05462419599999999,-0.07695016,-0.03226544,-0.80280435,0.104369685,0.20334817,-0.5446649,-0.032202233,-0.056076977,0.09378172,0.34758538,-0.17516541,0.6208873,-0.07332551,-0.15602316,-0.049708985,-0.20873302,-0.046960745,-0.30838373,-0.05248473,-0.560801,-0.5008511999999999,-0.0984503,-0.07824566,-0.35734716,-0.16854466,0.14005627,0.49282587,0.33658576,-0.04619857,0.17578441,-0.10197074,-0.36141646,0.114344686,-0.11913958,-0.17938955,-0.41234216,0.13154578,0.037971355,0.17372620000000003,-0.24200383,0.22370037,-0.2587096,-0.08773874,0.19603004,0.6004425,-0.017344385,0.06492416,-0.12785108,-0.17346728,0.14139219,-0.12458089,0.0360042,-0.07933738,-0.01503463,-0.075278506,0.2510876,-0.38515165,0.45223197,0.9851458000000001,-0.10598705,-0.197963,0.27376494,0.3959858,0.39310214,0.23757848,0.49754182,-0.29915062,0.37413862,0.34269890000000003,-0.092401005,0.41662997,-0.28850840000000005,0.33105619999999997,-0.3509219,0.388598,0.65104526,-0.6177425999999999,-0.41909572,-0.15194541,-0.26796624,-0.4107981,0.32597935,-0.084513195,0.05438238,0.595128,-0.27252725,-0.047327653,0.15830529999999998,-0.42038223,-0.30780154,0.007812757,0.30353588,0.032512806,0.6632442,-0.34362814,0.46556634,0.12599997,-0.30972198,0.33394307,0.03172067,0.11420322,0.16708325,0.33663509999999996,-0.02020401,0.28814709999999993,0.2690438,0.21132638,0.06590423,0.15213625,-0.25571942,0.43175775,0.95961165,0.21273094,-0.15413481,-0.058996223,-0.3011409,0.21740054,0.6776363000000001,0.016822966,0.20716296,0.21065663,0.5256054,0.45138645,0.035935547000000005,0.22624439,-0.8185024000000001,-0.16781893,-0.0315596,0.031098558,-0.18491478,-0.36964408,0.20795241,0.055391822,-0.07000928,0.19751386,-0.088070065,0.3177093,0.2277,-0.20644273,0.028403174,0.19933473,0.3524579,0.10727322,-0.28747649999999997,-0.09429366,-0.23491031,-0.34202135,-0.26400682,0.1065881,0.026963525,-0.25532335,-0.37556604,0.10088363,-0.14505897,-0.10993416,0.01918598,-0.027100915,-0.018811553999999998,0.04244354400000001,0.0886702,0.34095454,0.048299477,0.25105378,-0.077049635,-0.07668195,0.050048724,0.56552553,0.04647527,-0.14599635,0.36006492,-0.37758437,-0.3202952,0.41090202,0.19878305,-0.48457763,0.060156703,-0.0095493,0.076870255,0.088746615,0.26132357,-0.16738088,0.0460529,-0.18416299,-0.5066187,0.04158534,0.11493654,-0.16827762,0.16055511,0.1323455,0.55829835,0.029858917000000002,-0.03960222,-0.40438166,0.04518092,0.2188232,0.14325546,-0.014552296000000001,-0.036661185,-0.040950183,-0.058917227999999995,-0.120613575,0.009024566,0.30367163,-0.08822116,0.22943217,-0.031798076,-0.05247297,-0.08255602,-0.09497456,-0.2609747,-0.43230209999999997,0.068558045,0.33525040000000006,0.014071136000000001,0.14208844,-0.13588586,0.42239562,-0.061827842,-0.15830308,-0.16510513,0.3752899,0.011782975
150,0,-0.001245033,-0.019353947,-0.20623339999999998,-0.19701287,0.25998452,0.06890097,-0.23265721,0.26328114,-0.1787359,-0.4442728,0.09309459,-0.19607091,0.17445719,0.25258586,-0.43978274,0.50249,0.066968076,-0.09930495,-0.05052936,0.15218131,0.045898993,-0.09159295,-0.067989945,-0.038520112999999995,0.37172925,-0.12636141,-0.23416144,0.030628374,-0.34891406,0.09755815,0.37030822,0.13248622,0.11409738,-0.4464252,-0.22728682,-0.32094613,-0.048894163,-0.09300709,-0.034453187,0.108720094,-0.0841455,-0.18414664,0.11153577,-0.0025391448,-0.20138523,0.21585575,-0.36603475,0.13087799,-0.14738972,-0.16990803,-0.18257977,0.2657148,0.20384602,0.10736805,0.078635275,0.49761567,0.14542401,-0.2839472,0.081122115,-0.18607838,0.31760627,-0.0068220906000000005,0.3303636,-0.26433983,0.19042479999999998,0.25038078,0.1257228,0.103831455,-0.6488520000000001,0.35488436,-0.20996176,0.10776248,-0.351369,-0.22707368,-0.1359771,0.19932784,0.14885105,0.40026295,-0.10616839,0.33997872,-0.18337601,0.24316601,-0.074238546,0.108819745,0.054634046,-0.023351632,0.045116212,-0.16675842,-0.09776597,0.4792431,-0.20577094,-0.24631843,-0.02268342,0.22951156,0.41871023,-0.45448950000000005,0.32561237,-0.14839064,-0.07869999,0.53818697,0.21984577,-0.15987878,0.080653645,0.16068979,-0.15601715,-0.14377157,0.16457891,-0.04973576,-0.042481165,-0.16671711,0.25941179999999997,-0.06198354,0.21763922,-0.069290176,-0.050756972000000004,0.11360291,0.11274492,-0.1600634,0.00541946,0.12959792,-0.27878544,0.027155947000000003,0.23976615,0.41970855,-0.04052361,0.02312926,0.27076328,0.13715361,-0.2843395,-0.28729033,0.022346500000000002,0.20850429999999998,0.22902307,-0.40408292,-0.06908138,-0.16625492,0.23552889999999999,-0.13519219,0.13933077,0.041944444000000004,0.12155070000000001,0.03930453,0.2721792,-0.17580914,0.35419604,0.0016955379,0.025433067,-0.3559506,0.37611663,0.03077301,0.07681738,0.29557216,-0.05783342,-0.24798927,-0.16650982,-0.39999819999999997,-0.06352162,0.42133784,0.29940006,0.22701350000000003,-0.030249104,-0.4449628,0.18476915,0.25233868,0.14394549,-0.08664746,0.078224555,0.030609663999999998,-0.11342808,0.087465145,0.03700506,-0.43528977,0.5993082,-0.27022994,-0.15359922,0.49134564,0.24329092,0.08867053,0.47528279999999995,0.19307348,-0.7935934,-0.018944532,0.35748902,-0.1648301,0.46292323,-0.17779711,0.09553902,-0.21040997,0.14941287,0.2510643,-0.18416023,-0.25199163,0.2206487,-0.25463122,0.114352,-0.26419234,-0.37517008,-0.26277986,-0.18920034,-0.04567052,0.05486861,-0.14024341,0.1586108,-0.05562451,-0.19933029,0.34538335,-0.26355845,-0.032061964,-0.08600060000000001,0.22678342,-0.29047495,0.3445472,-0.09454639,-0.17836803,0.0822074,0.005902404,0.5472892,-0.2749238,-0.05353692,0.2052112,-0.009185594,-0.19079922,-0.17203188,0.21511431,-0.1346501,0.51591915,-0.06709910000000001,-0.3044504,-0.004110463,0.18316293,-0.013177043999999999,-0.06310434,0.3300336,-0.17567678,0.07991625,-0.28804776,-0.018790986000000003,-0.22217864,0.16108592,0.07195536,-0.42424297,0.2514862,-0.06162992,0.34677340000000006,0.12328975,0.122173,-0.13466449,-0.11303529,-0.17025365,-0.3432487,-0.5467352,-0.51477975,-0.22707026,-0.34185115,-0.19696619,-0.4517267,-0.010950032,0.07371427,0.14265731,0.031788327000000005,0.19945727,0.29073554,0.14089406,0.20470142,-0.16669972,-0.030311361000000002,0.03895144,0.15298270000000003,0.45675233,0.19458644,-0.010467668000000001,0.09364218,0.09677112,0.30243856,-0.21141738,0.25867656,0.13594909,0.07416425,0.0017973957999999999,0.029481892000000003,0.14118299,0.3655381,-0.23145708,0.024236068,-0.06351159,-0.28996783,0.23950928,-0.39283532,0.22589391,-0.3115366,0.13673861,0.17512971,-0.16622375,-0.05780056,0.5391704,-0.14148967,0.032047063,0.14793432,-0.19044173,0.06512230000000001,-0.07901755,-0.24999718,0.1068241,0.10359045,0.06627045,0.03307481,-0.19579457,-0.28401718,-4.4830074,-0.053324327000000005,0.13377923,-0.20640855,0.012351286999999999,-0.07669582,-0.13985157,-0.12436337,-0.44994944,-0.15316758,-0.12927693,-0.30858544,0.15596946,-0.10985624,0.16682711,-0.03603018,-0.066814914,-0.28519997,-0.13642341,0.37146568,-0.26309627,-0.50841683,0.22495653,0.049266823,0.22557047,0.34900197,-0.15825707,-0.061773657999999995,-0.33491227,-0.030078014,-0.064208075,-0.15714814,-0.051494226,0.34743392,-0.058032297000000004,-0.15931046,-0.047755998,-0.32267237,0.06693468,-0.11060352,-0.033432435,0.030163687,0.044022147000000005,-0.044664692,0.4526693,-0.10321529,-0.23113374,-0.43912113,0.17365363,0.16288981,-0.08690155,0.23689175,-0.23334119,-0.40586564,-0.22888964,-0.06170751,0.05964934,0.12652478,-0.11811779,-0.49963588,0.39517015,-0.13646208,-0.27316463,0.14852415,-0.19850144,-0.3468759,-0.5800604,-0.25549158,0.48900843,0.1617939,-0.20382607,0.26517883,-0.023303817999999997,-1.0908765,-0.30024059999999997,0.13021521,0.051716625999999995,0.0451733,0.5921863,-0.26772340000000006,-0.25936705,-0.23399915,0.26443177,-0.08768506,-0.27187002,-0.45783848,-0.04905065,-0.15146334,-0.26584798,-0.10874456,-0.07535674,0.11281184,0.059142217000000004,0.34399843,0.14581786,0.30216809999999994,0.33851552,0.06230461,0.15785408,0.046724413,0.56296563,-0.04002755,0.36859795,0.101864204,0.04587529,0.21416087,-0.45064170000000003,0.096865505,0.25390267,0.24335693,0.20506062,-0.33170575,0.23971236,-0.22365235,-0.050436035,-0.09182489,0.12949397,0.37905785,0.02538352,0.011203993,-0.2641022,0.44042712,0.0061320030000000005,-0.51038516,-0.2907384,0.011703781000000002,-0.13071033,0.10345148,-0.3045826,0.057201974,-0.069674455,-0.14976837,-0.25410232,-0.15641238,-0.14748959,-0.00042466447,-0.30496973,-0.21134166,0.014872673999999999,0.44671000000000005,0.28637862,-0.0019895965,0.24721639999999998,0.181565,0.087630816,0.13754643,0.116428636,0.065268725,-0.19647712,0.4082254,-0.08644196,-0.15264758,0.14804345,0.009436868000000001,0.060234725,-0.036202285,0.290193,-0.28454027,-0.27208456,0.07121228,0.16526183,0.09994723,0.34026906,0.25641766,-0.04678709,-0.0030636308,0.27829856,0.09589521599999999,-0.23506329999999998,-0.19490579,-0.44011503,0.03037091,0.07017679,-0.045856636,-0.21198520000000004,0.34778613,-0.08472131,0.107799605,0.011111412,0.15395924,0.047926657000000004,0.045109704,-0.14453611,-0.34204713,0.4576545,-0.05874854,-0.08315598,-0.33028707,-0.0782804,0.24820544,-0.0029961653000000004,0.10340206,-0.24706778,-0.2755741,-0.23835170000000003,-0.14327942,0.1830536,-0.13611843,0.15058067,0.37233675,0.016656158,0.12973261,-0.1827463,-0.0255143,0.091933995,-0.02777124,0.13124661,-0.08464881,-0.13077898,0.020498157,-0.39175576,-0.21439737,-0.24570099,-0.5437145,0.4464582,-0.1647072,0.080521464,-0.12734565,-0.016332045,0.121113926,0.058489397,-0.51112354,-0.07439089,-0.21254744,-0.1878955,0.15393016,-0.22364062,0.041947447,-0.52973485,-0.0015379302,-0.04142905,-0.52239144,0.17173718,-0.03637404,-0.09257774,0.009358307,-0.20881489,-0.10871824,0.059965845,-0.040349454,0.24532853,-0.46781239999999996,-0.064790435,-0.038849436,0.491226,-0.20795372,0.14786036,0.056986492,-0.015396763,0.23133336,0.12307775,-0.16508454,-0.05590804,-0.6002705,-0.116843686,-0.23628125,-0.19801289,-0.04041945,-0.43061283,-0.22665961,-0.47703707,-0.0548305,-0.023274577999999997,-0.004336957,-0.1898099,0.1458333,-0.15056068,0.32882997,0.23255315,-0.20951393,-0.08435635,-0.13634583,0.12549596,0.19620189,-0.12335466,-0.13397028,-0.12442008,-0.13338496,-0.1799194,-0.52101195,-0.050849337,0.31702724,-0.1965967,-0.25435704,0.39743182,-0.10049473,-0.2035818,0.037123166,-0.07322973,-0.19157706,0.35264650000000003,0.2210618,0.12666054,0.18191272,-0.07573098,0.30669323,0.43625063,0.10492885,-0.16740364,0.19031344,0.12661247,-0.23039265,0.11712127,0.1718291,-0.064148195,0.17115687,0.06542381,-0.43200913,0.15354669,0.28577990000000003,-0.12683856,-0.2684966,0.27089375,0.33632016,-0.27374446,-0.20316195,0.26479045,-0.34830907,-0.15165266,0.29966834,0.008496838,-0.14840245,0.37980178,0.10201863,0.3441685,0.08284332,-0.12918977,-0.44489884,-0.26311427,0.108331114,0.040657900000000004,0.6753384,-0.36084184,0.17940368,0.09663159,0.18136902,0.34950796,-0.23031500000000002,0.19737357,0.035112705,0.06049487,0.11581452,0.2827635,0.20310192,0.09127618,0.0141385775,0.14813243,0.06644115,0.5044225999999999,0.564129,0.05643846,0.20486635,-0.14291365,-0.21544151,0.33987284,0.00656002,0.19864653,0.27029738,-0.12756802,0.32631895,0.036735874,-0.0844309,0.19063870000000002,-0.80213404,0.028842475,0.41692209999999996,-0.07325109,-0.14109215,-0.03776128,0.09156639,0.38751844,0.18771413,-0.020243129,0.357367,-0.26906094,0.3215716,0.039072275,0.18889858,-0.15541014,0.1803132,0.10899563,-0.25665742,-0.2588226,0.085850306,0.19785772,-0.30382186,0.06943118599999999,-0.043624453,0.009759989,-0.19527254,0.08566092,-0.12220494,0.18491781,0.05674383,0.13737248,-0.27153966,0.30691674,0.22043747,0.08631361,-0.011190811,0.27531883,-0.43669644,0.06128277,0.44666928,0.26620540000000004,-0.005780286,-0.1702158,0.13794957,-0.23755210000000002,-0.07924029,0.08455581,0.29577702,-0.7981142,0.09395757,-0.5755226999999999,-0.18821292,-0.12571876,0.10938743,0.13105258,-0.06361225,-0.35881725,-0.03266236,-0.31152640000000004,0.22571003,0.020277338,-0.16632304,-0.15004031,0.5339010999999999,0.138734,0.10196155,0.11090561,0.34315609999999996,0.31582215,-0.5365558000000001,0.23677270000000003,-0.6114857,0.17168139,-0.19136901,-0.2177119,-0.29711953,0.20866515,0.045406300000000004,-0.015359875,-0.19795983,-0.13240546,-0.35087982,0.24027945,0.11166465,-0.2278868,0.01560054,0.049593292000000004,-0.18340520000000002,-0.12554389999999999,0.048235387000000005,-0.06660833,-0.3397476,-0.23743461,-0.013021198000000001,0.22549322,0.17307284
151,9,-0.10600072,0.040950682,0.4023372,-0.023714912999999997,0.20226924,-0.023178792,-0.08148545,0.42463595,-0.020982498,-0.42317566,0.21794286,-0.41592756,-0.01495797,0.29023877,-0.11431232,0.48765716,-0.10187502,0.031874053,0.001413895,0.25112668,0.31304127,0.085149534,0.05890966,0.43104872,0.44700763,-0.032292135,0.062207352,-0.05566871,-0.27991053,-0.068631425,0.47670928,0.16725945,-0.10125415,-0.20768438,-0.0026225862,-0.051320244,-0.19754404,-0.15883756,-0.0979975,0.1764844,-0.5486731,-0.32255733,-0.022068973999999998,0.13424033,-0.35730055,-0.22440131,-0.14943382,-0.21374689,0.19200966,-0.17821679,-0.41551813,0.1440815,-0.33431476,-0.21569145,0.08298722,0.5961420999999999,0.06970719,-0.459401,-0.5393311,-0.30419070000000004,0.26155493,-0.19046359999999998,-0.009253937,-0.30854785,0.23849456,0.061739265999999994,-0.09987523400000001,0.21521153,-0.7564885,-0.16602239,-0.2635099,0.015592317,-0.1546931,-0.059149303,-0.095335394,0.09351659,-0.017259538,0.3519344,0.08745934,-0.048218212999999996,-0.29836696,0.30804566,-0.48823786,0.20969309,0.055726197000000005,0.1427138,0.2638243,0.20352714,-0.19486466,0.5941002,0.26935735,-0.55064553,0.10802676,-0.07744641599999999,0.24722308,-0.22904305,0.23746656,0.07554652,-0.21446413,0.40579814,0.040655303999999996,-0.26929024,0.13465977,-0.34888792,0.08856280000000001,-0.23798783,0.06377422,0.14975831,-0.0030196952000000003,0.08982735,0.012970903999999998,-0.100268655,-0.23694767,-0.031499125,0.040276892,0.013934988999999998,0.06108771599999999,-0.10751502,0.2523388,0.2503743,-0.02546446,0.16214353,0.117849186,0.66603416,0.13035811,-0.013417318000000001,-0.30691287,0.23813798,-0.23943071,-0.10368616,0.2219786,0.11723887,-0.036887392000000005,-0.42914122,-0.18884678,0.07648383,-0.019455848,-0.24844742,-0.38567916,0.01757773,0.09008096,-0.1438077,0.38161194,-0.09006639599999999,0.0041463635999999995,0.039988507,-0.16600633,-0.19640511,-0.13708878,0.25109699999999996,-0.13560645,-0.07625019,-0.0027689768,-0.22401857,0.025941601,0.10112436,-0.28075168,0.11264802,0.008927374,0.18841057,0.35849458,-0.09014130000000001,0.16470714,0.10306311,0.41013178,-0.047135983,0.11257754,0.13587697,-0.23499994,-0.01738836,0.0072711078,-0.16379863,0.6566804,-0.17698689,0.20013845,0.080194026,0.3713422,-0.027585914,0.25321528,0.1207325,-0.46674016,0.09341471,-0.030845841000000002,-0.033975948,0.3124754,-0.15011382,0.13816446,-0.13176644,0.31778118,0.025926572999999998,-0.46704185,-0.32446498,-0.16097045,-0.07545249,0.31002858,-0.37026277,-0.15352824,-0.047906563,-0.22398363,0.052719083,-0.009403114,0.10424132,0.11151464,0.05075769,-0.16385709,-0.023350963,0.2889468,-0.105359785,-0.045512985,0.24943796,-0.19557485,0.40668154,-0.026572885,-0.13349102,-0.031899404,0.08235216,0.07024667400000001,-0.11125971,0.10933037,0.076805174,0.030071173,0.012169838,-0.22565158,0.49524245,0.02041253,0.62644094,0.00519476,-0.7583711,0.2256313,0.39309590000000005,-0.20164008,-0.20697868,0.26702487,-0.23992561,0.07575171,0.06259446,-0.34233764,-0.17453595,0.03900512,-0.04950024,-0.22159597,0.37854764,-0.055538847999999995,0.18342741,0.073176295,-0.135881,-0.30262038,-0.3060594,-0.15821162,-0.1872441,-0.6241685,-0.16746242,0.056689695,-0.3419394,0.033224883999999996,-0.28588688,-0.20341109,-0.34564072,-0.050849292000000004,0.03369549,0.33833843,0.24845584,0.013075145,0.05974378,-0.2621848,-0.17559256,-0.25178894,0.2814277,0.3477655,0.21463490000000002,0.01561206,0.08949333400000001,-0.11708782599999999,0.5061382999999999,-0.15696245,-0.0024748691000000002,0.25162049999999997,0.11083918,0.09140856,-0.041778166,0.1711782,0.30550975,0.011806905,0.12031575,0.085247315,-0.23183772,0.056191653,0.38568850000000005,-0.21231796,-0.25302073,-0.0019052157999999999,0.015400615500000001,-0.31296465,-0.15412337,0.59501624,-0.015666766000000002,0.14132160000000002,-0.05894036,0.10856729,-0.17999620000000002,-0.12551887,-0.0046622157,0.40959394,0.24046472,-0.07944208400000001,0.1763691,-0.07508565,-0.17851268,-4.435153,-0.08369528,0.09431604,-0.32103568,0.17643163,-0.06911685,0.081998006,-0.056569587000000005,-0.24191463,-0.31582624,-0.027499905,-0.20521282,0.012486631000000002,-0.014926833,0.23663189,0.3567691,0.24719532,0.030124925,-0.19758913,0.5082713,-0.14304036,-0.32762220000000003,0.29360349999999996,0.023623914,0.22428477,0.2613554,-0.26561183,0.0017918839999999999,-0.19246872,-0.05701926,0.27410009999999996,-0.15866336,-0.051376104000000006,0.31319594,0.12262685,-0.10905004,-0.07009566,-0.47726002,-0.28077385,-0.15869187,-0.0468533,-0.44650042,0.09501365,-0.15152694,0.6300143,-0.35265782,-0.011129977,0.0603235,-0.024543988,0.22067260000000002,0.088533506,0.06092762,-0.36397759999999996,-0.09928007400000001,0.007976966,0.15665142,0.3879788,0.49490228,-0.104283124,-0.31329253,0.11902602,-0.099117324,-0.38997677,-0.31322023,-0.08874670400000001,-0.23622665,-0.3233304,0.047774073,0.17777720000000002,0.066263035,-0.1330692,0.39639345,-0.23444310000000002,-0.61693543,-0.115981266,-0.027176093,-0.0012097689999999999,-0.037921388,0.12681015,0.14374952,-0.25100937,-0.34501353,0.05385937,-0.14797993,-0.16520913,-0.23324366,0.048297572999999996,-0.24027479,-0.2986533,-0.41408077,0.15433532,0.22132887,0.10878187,0.19217542,0.25349608,-0.10423247,0.34342772,-0.36394247,-0.06265197,-0.26906312,0.40507832,0.18495324,0.43415236,-0.1257712,0.14233486,-0.084158845,-0.18196073,0.19701588,0.09097568,0.011350824499999999,0.40707266,-0.29210952,0.36907998,-0.26535529999999996,-0.20648234,-0.16468059,0.04566629,0.27012748,0.046505015,-0.29366359999999997,0.008604128,0.39779463,-0.4739772,-0.48352116,-0.9692671999999999,0.037749257,-0.2340887,0.24846554,-0.19614120000000002,0.13489342,-0.018874949,-0.24574693,-0.19990848,0.44570664,0.0815352,-0.121442564,0.09175701,-0.42643714,-0.08784419,-0.110590495,0.20916228,0.22079429999999997,0.15987183,-0.09382884,-0.13841785,0.44103083,-0.091847636,0.103753634,-0.20886372,-0.0105106495,-0.28048941,-0.22858438,-0.053856975999999994,-0.43331936,0.26083037,0.19962162,0.25475833,-0.14069429,0.057325568,-0.3928545,0.28945709999999997,0.05546832,0.15329646,0.24886698,0.07881,0.55361205,-0.00017634261000000002,-0.14426962,0.2344705,0.026477708,-0.5085158,-0.10224579,-0.23528448,-0.2753105,0.021432068,0.51079565,0.13241304,-0.32970852,-0.32334793,0.056754734,-0.01669118,-0.010617815,-0.07922163,-0.04994897,0.32402238,0.14689732,0.19654106,-0.26408416,-0.11407303,0.14716683,-0.31159699999999996,0.47734618,0.14177668,0.19908108,-0.145263,0.085688025,0.36900836,-0.21609737,-0.0024917312,-0.15428609,0.27022470000000004,0.029175956,-0.20845789,0.24654447,0.08047188,-0.2575931,0.09514145,0.24406408,0.11786032,0.19671714,-0.28043056,-0.40422729999999996,-0.31830892,-0.047220487,0.2526547,-0.39457464,0.028145732000000003,-0.13262694,-0.3535727,0.1948022,0.02772366,-0.21557665,-0.00026870775,-0.07373348,-0.3253256,0.025170937,0.018554703999999998,0.03467692,-0.20961183,-0.08625518,0.050268162000000005,-0.81686777,0.08579591,0.19603013,-0.21695189,0.28207722,-0.10011652,-0.29481974,0.06983651,-0.21832243,-0.09972374,0.16204746,-0.10887734,-0.64768845,0.073556446,0.10025564599999999,-0.07758045,0.33536366,-0.3790513,0.44553202,0.20196632,-0.018851656,-0.097146705,-0.34294453,0.23005968,-0.41573185,-0.4682325,-0.01120709,-0.44460613,-0.21348764,-0.051388834,0.03241386,-0.12606141,0.05885095,0.105598256,0.044489867999999995,0.12934239,-0.005307391,0.0069973674,-0.44456172,0.22527628,0.02335479,-0.042562682000000004,0.013180931000000002,0.04767816,0.04790646,-0.14291096,-0.35427517,0.48184004,-0.43858406,-0.19635792,-0.13201307,0.14146622,-0.01991984,0.26941064,-0.25744712,-0.000188348,0.08260251,0.12040512,-0.03323529,0.28633678,0.11112839,-0.07135769,-0.036088295,-0.104441404,0.07447556400000001,0.61817324,-0.21141908,0.2967307,0.22969095,0.20883898,-0.117076285,0.29462343,0.18365854,-0.390375,0.18193045,0.09688331,-0.39852715,0.24357234,-0.111074015,-0.13996716,-0.35959542,0.6773661,0.3641236,-0.29237175,-0.47364622,0.056204565,-0.14893566,-0.1579668,-0.026824066,-0.04441591,0.08924201,0.5883427,-0.30178514,0.29276666,0.059446316,-0.338882,-0.26979947,-0.080807984,0.20273718,0.13361968,0.35057786,-0.35335609999999995,0.5421501999999999,-0.12115889,0.1342724,-0.023112247000000002,-0.30922982,0.16875933,0.14062068,-0.03297621,-0.02737112,0.49161908,0.30499828,0.29605564,0.24114741,0.38990290000000005,-0.059955996,0.6146153,0.588022,0.12904269999999998,0.39189857,-0.1337402,-0.31938675,-0.050243855,0.32407847,0.0010577488000000001,0.36390576,0.010159015,0.70018584,0.19971503,0.09027592,0.40022483,-0.46871826,-0.35439405,0.084456176,0.19973484,-0.2488942,-0.14348556,0.12115108,-0.11057553,0.010414966,-0.124154665,-0.15932417,-0.32576045,0.42771065,-0.06994036,-0.12485268,-0.0776508,0.21249884,0.029279904,0.0956947,-0.3671977,-0.17060533,-0.26401603,-0.5191742,-0.08692417,0.09634655,-0.29638168,-0.37665012,-0.13549532,-0.06452867400000001,0.17137219,-0.28212740000000003,0.025400136,-0.3009418,0.28176802,0.13235873,0.58788353,0.11059874,0.10615538,-0.15036243,-0.0712719,0.1691842,0.3064572,0.17365424,-0.08352228,0.38852918,-0.30042446,0.10067768,0.025823722,0.23471801,-0.6026429,-0.00967203,-0.27873665,0.050317275999999994,0.15072002,0.21491769,-0.20303838,0.19829562,-0.5143734999999999,-0.20417322,0.06444926,0.08424529,-0.16956763,0.015631177,0.013270051000000001,0.25420684,-0.19087546,0.12621462,-0.03899882,0.39410618,-0.028638551,0.07090787,-0.11024223,-0.43411297,-0.25697637,-0.048474852,-0.33874708,0.21227470000000004,0.26961803,0.26466727,-0.04412419,-0.13010162,0.5127303,-0.06770973,0.122465305,-0.29070067,-0.16550961,-0.3243409,-0.04299307,-0.18659717,0.14994678,-0.067124926,0.12088586,0.09677981,-0.12267102,-0.14869936,0.0965428,0.051856395
152,6,-0.23694222,-0.025139725,0.32864362,0.012376925,0.11197858,-0.27519740000000004,-0.25548697,0.74553895,0.0071830177000000005,-0.33266246,0.26564535,-0.35117733,0.111269414,0.26149938,-0.20027229,0.52531767,-0.019964276,-0.18826978,-0.11426419,0.22746556,0.1407942,-0.08808216,0.19715106,0.6138243,0.38377115,-0.24762921,0.12516591,-0.11056953,-0.24280164,-0.12642352,0.6569319,0.11319226,-0.13422388,-0.22197755,0.044043396,-0.037170425,-0.15101412,-0.13644938,-0.18155636,0.19406466,-0.7405063000000001,-0.36789745,0.03069962,-0.08061272,-0.41266367,-0.20392069,0.062463827,-0.24906082,0.2730657,-0.17770572,-0.43675375,0.10083163,-0.21603298,-0.116260685,0.06754185,0.66498405,-0.0787295,-0.46070720000000004,-0.74118143,-0.26679453,0.5404007,-0.27417472,-0.08156105,-0.28458490000000003,0.34045768,0.0674541,0.13561681,0.4025007,-0.70612925,-0.12696664,-0.42303786,-0.048967138,-0.27777386,0.021146817000000002,-0.11118899,-0.017575562,-0.20691058,0.14424455,-0.07010666,-0.07511926,-0.39342940000000004,0.41735503,-0.5056301,0.35135207,-0.11549987,0.28982937,0.18986855,-0.047143425999999995,-0.31849617,0.7038513000000001,0.34431058,-0.5323604000000001,0.23392597,-0.05678492,0.24478202,-0.10181634,0.38110286,0.09809472,-0.33134624,0.6437479,0.40499485,-0.42493594,0.109973535,-0.30056435,0.021220543999999997,-0.25794753,0.1636812,0.077090174,0.24595419,0.21385567,0.06692103,-0.25393823,-0.25350565,-0.16509886,-0.083441935,-0.081721574,-0.038854867,-0.044946223,0.33968574,0.24601959,-0.0012804944,-0.07978587599999999,0.33727065,0.64435107,0.07060943,-0.03514219,-0.24647757,0.3102554,-0.23515673,-0.29088604,0.05999869,0.12478773,0.05284199,-0.52214366,-0.22910465,0.16747512,-0.07609496,-0.37888056,-0.52799517,0.12609844,0.11180486,-0.2703541,0.4628545,-0.067197785,-0.07030405,0.08437573,-0.11048305,-0.25893936,-0.15785566,0.35946736,0.037600167000000004,-0.112344496,0.021203654,-0.25860593,-0.048564624,-0.10261585,-0.37124985,0.3292853,-0.22159213,-0.01868798,0.38582438,-0.10998009,0.046639353,0.34476045,0.27894747,0.061562378,0.09730048,0.17162660000000002,-0.327262,-0.005616308,0.11870063,-0.24274445,0.9292446,-0.23455918,-0.04258347,-0.08945639,0.3494536,0.15973832,0.18645588,0.07579741,-0.47895575,0.07322057,-0.012785544,0.0757961,0.44110116,-0.0012588577,0.05976274,-0.12178634,0.13311939,0.025730716,-0.29744554,-0.22102568,-0.32765594,-0.24780606,0.16509561,-0.5123037,0.047938522000000004,0.008666842,-0.5201479,-0.13160071,0.039146177000000004,0.025016826000000002,0.16357012,0.2272609,0.0057418267,-0.17333712,0.28116855,-0.08897622,-0.02982407,0.5312134,-0.07146463,0.5006659000000001,0.11562999,0.015526051,-0.06519628,0.10645311,0.11722135,-0.07228477,0.22037666,-0.04238069999999999,0.036930463999999996,0.057517417,-0.19774464,0.31307736,0.024480911,0.6706316999999999,-0.22421302,-0.82089496,0.14836505,0.45216486,-0.21604690000000001,-0.27316603,0.6322246,-0.23972893,0.125726,0.07092052,-0.33894047,-0.31296703,0.032230362,-0.20914929,-0.22267996,0.44197184,0.08690721,0.31117603,0.24302639,-0.09081376,-0.12003468,-0.095043495,-0.25942487,-0.32590288,-0.61262697,-0.34198296,0.136579,-0.3906485,-0.2707324,-0.3654708,-0.23869668,-0.5234879,-0.016715558000000002,0.06700072,0.67684907,0.32042262,-0.10592308,-0.016805071,-0.28471622,-0.43426386,-0.16390932,0.26771668,0.23398452,0.26218984,-0.16166833,0.030584503,-0.0127370395,0.71088195,-0.15373375,-0.0036289617,0.32723817,0.049658577999999995,0.07540659,-0.033667552999999996,0.16640015,0.44298503,-0.1377884,0.1384071,0.09154044,-0.31801152,0.14723738,0.41376716,-0.039494257000000005,-0.2168703,0.14399669,-0.065857224,-0.38816744,-0.25404558,0.67901295,0.31157579999999996,-0.10327781,0.08873930599999999,0.19195525,-0.1261883,-0.19866244,-0.08945294,0.42205882,0.3701711,-0.20509939,0.051240525999999995,-0.16372736,-0.25339326,-3.8742485,-0.12382391,0.22140819,-0.32103524,0.1493545,0.0018161731,-0.12270342,-0.10531854,-0.46497536,-0.36079416,0.045990642000000005,-0.43836743,0.29516175,0.17691156,0.44191736,0.29466832,-0.0011913232,-0.06194361,0.024805043,0.7980063000000001,-0.08746871,-0.48397502,0.14892761,-0.15702012,0.42354804,0.13212106,-0.29701072,-0.18837807,-0.37062135,-0.019006099999999998,0.10431943,0.0038200745000000003,0.03265501,0.3079593,0.16258122,-0.05157606,0.053760055,-0.61060125,-0.29391333,-0.29656079999999996,-0.02061401,-0.47759193,-0.023636976,-0.1996934,0.8018274999999999,-0.22764993,0.036072828,-0.17433134,0.11598312,0.08982195,0.09693665,0.069616266,-0.49993402,-0.36931354,-0.30196404,-0.0035892671,0.39014685,0.49986342,-0.16787396,-0.46811175,-0.13709186,-0.049303927000000004,-0.42832246,-0.044055622,0.108400516,-0.24525088,-0.23974854,-0.068495765,0.081947446,0.008479381999999999,0.06342123,0.3751412,-0.35352024,-0.5187838,-0.005848551,-0.12795371,0.07485858,-0.07885592400000001,0.18430014,0.121934414,-0.20386198,-0.48306394,0.10056695,-0.23586974,-0.03615563,-0.18519448,0.046338300000000006,-0.3362612,-0.41446614,-0.48024859999999997,0.28955334,0.21520713,0.32725984,0.26143745,0.19452370000000002,-0.09852704400000001,0.31410855,-0.19416957,0.13175966,-0.4430267,0.17023279,0.27407187,0.5729443000000001,-0.10440897,0.09187509,0.12106284,-0.29153064,0.11475134,0.3049176,-0.052539855,0.59594136,-0.5063107,0.5363836,-0.100914836,-0.36693177,-0.082464494,0.30167666,0.30806985,0.038744237,-0.16966933,-0.16196629999999998,0.37561259999999996,-0.49144587,-0.5447145999999999,-0.83021164,-0.14272417,-0.3272018,0.09284413,-0.13688129999999998,0.13886568,-0.18311836,-0.14628552,-0.3048802,0.38611597,0.16413535,0.046752012999999995,0.02616428,-0.6404401,0.010131284,-0.037383392,0.24986465,0.34145337,0.16319862,-0.10182905,-0.11361923,0.47095126,-0.031899184,-0.07808004,-0.28975475,0.19145171,-0.16296329999999998,-0.20148496,-0.13584849999999998,-0.30281687,0.04653986,0.25707895,0.37750065,-0.17328128,-0.15186225,-0.6077391,0.3795602,0.33855003,0.2673113,0.13612118,0.12560043,0.6703149,0.1452384,-0.25640482,0.13173242,0.20465875,-0.34023285,-0.064872175,-0.20860712,-0.38464043,-0.14913212,0.6006806,-0.031135937000000002,-0.17557222,-0.26024055,0.17126676,-0.013276278,0.027284483999999998,0.009145176999999999,-0.19711322,0.39624596,0.44525668,0.18694387,-0.3208321,-0.015828246,0.1791669,-0.35343516,0.51999897,-0.034409944,0.09337658,-0.20486228,-0.061929658,0.41241947,-0.4759625,-0.09974478,-0.016966492,0.28140658,-0.086224824,-0.22512926,0.19287223,-0.12134268,-0.15501335,0.28765026,0.23267435,0.09456780599999999,0.156651,-0.28648382,-0.3787052,-0.31824848,-0.03787944,0.35321862,-0.46019417,0.06666066,-0.04982228,-0.5071979,0.32853007,-0.14032418,-0.07067347,-0.008797308,-0.04138981,-0.4893835,-0.3186538,0.15461458,0.17243843,-0.30302522,-0.23644121,0.057755385,-0.73747015,0.21483426,0.18211798,-0.34770644,0.28898293,0.07998519,-0.52111864,0.2248073,-0.19743542,-0.10584826,0.2952137,-0.031087292000000002,-0.4778759,0.1800665,0.07943973,-0.08462694,0.41455975,-0.28354654,0.66460234,0.07168729,0.11455208,-0.023865405,-0.4614236,0.15800504,-0.40169859999999996,-0.46109194,-0.02093581,-0.43892798,-0.32911983,-0.13135411,-0.026267665,-0.27345452,0.029710742000000002,0.26084185,0.13575646,-0.0048723104,0.18660276,-0.11651552,-0.48973888,0.1417371,-0.065012775,-0.047781754,-0.20055065,0.25219756,0.004980506,-0.15784392,-0.45385677,0.53856397,-0.5280554000000001,-0.29859245,-0.12953535,0.27111554,-0.20742236,0.1819437,-0.28637084,-0.29428622,0.28766865,-0.015458069,-0.020518497,0.4826269,0.058296400000000005,-0.22131707,-0.0025577694000000002,-0.13265093,0.00072418666,0.70182806,-0.1663667,0.2502144,0.22111139,0.20260581,-0.03517571,0.24885614,0.29848978,-0.36744523,0.24736731,0.22221425,-0.58485365,0.31056917,0.19183287,-0.16840239999999998,-0.39282295,0.7216840999999999,0.31609938,-0.36066478,-0.5195976999999999,0.0650391,-0.2221337,-0.08218271,0.10321217,0.23707269,0.06147608,0.6632123999999999,-0.32484138,0.09635644,0.28847006,-0.24540885,-0.30564544,-0.051515902999999995,0.41478400000000004,0.056973875,0.29935409999999996,-0.45238882,0.49997246,-0.2005134,0.057781804000000006,-0.10785426,-0.08538673,0.23870847,0.1328608,0.0737452,0.21070352,0.51536036,0.39569062,0.44331965,0.32952094,0.19438133,-0.06283145400000001,0.76451397,0.37727767,0.22705879999999998,0.42823565,0.057271257,-0.26810759999999995,0.09960262,0.3472883,0.16591164,0.41841835,-0.166562,0.91927826,0.17078239999999997,0.15747993,0.40439835,-0.4047239,-0.2237489,0.12158655,0.12784012,-0.25238943,-0.37081640000000005,-0.08023947,-0.19910519,0.064627886,-0.21082637,-0.22006004,-0.46723214,0.44505513,-0.07221939999999999,-0.20227578,-0.05173491,0.30268916,0.08472668,0.07683111,-0.6392713000000001,-0.13229622,-0.29985347,-0.5517297,0.044333316,0.04306944,-0.38213947,-0.3454994,0.02070517,-0.13747302,0.2682382,-0.34441322,-0.22933085,-0.37913359999999996,0.3799405,0.39273018,0.45236886,0.12898082,-0.0073846728,-0.43804399999999993,-0.1644338,0.20660122,0.3402349,0.100465275,-0.23756365,0.45828820000000003,-0.21387789,0.27045068,0.062558636,0.5435014,-0.7226735,0.2034424,-0.2945202,-0.08312122,-0.038950834,0.16035275,-0.29331893,0.28893867,-0.2933461,-0.07643372,0.020480057,0.098119445,-0.23652045,0.17031841,0.11581330000000001,0.38431716,-0.20818298,-0.13229465,0.15177771,0.1583717,0.017476678,-0.036405984,-0.207457,-0.3186263,-0.34324977,-0.07681464,-0.30236137,0.34082836,0.32011017,0.20912963,-0.12453841,-0.19764404,0.6350864,-0.17079684,-0.06600916400000001,-0.24008375,-0.11575308,-0.41826192,-0.11207507,-0.23707832,0.14933693,-0.14046024,0.12697604,-0.039480846,-0.122567385,-0.34713057,0.2644041,-0.22841057
153,0,-0.014484988,-0.1533605,0.66950405,-0.16572258,-0.009498481999999999,-0.41768986,0.20080224,0.89642817,0.12385484,-0.319873,-0.022940636,-0.14239345,-0.19960378,0.48284040000000006,-0.0010571617,0.34834248,-0.30275604,-0.034250252,0.26205352,0.16615643,0.22852659,-0.15559214,0.019723292,0.60337985,0.47960213,-0.22761764,-0.15627846,0.22773603,-0.49152777,-0.3227014,0.6018158,0.0881551,-0.31947020000000004,0.002639931,0.03592148,-0.13395661,0.32980713,0.06745063,-0.38084462,0.5765184,-0.68026197,-0.3287562,0.31626679999999996,-0.15325227,-0.09544946,-0.19995338,0.50396585,-0.4383344,0.23039195,0.02554678,-0.5105523,0.36790037,-0.2031176,0.01962227,-0.08396939,0.34969398,-0.2492784,-0.7073616,-0.73785293,-0.1446868,0.37932790000000005,-0.14380479,-0.056323074,-0.20354079,0.70894855,0.16275288,0.12857474,0.169933,-0.68513876,0.06338762,-0.42031795,0.09364246,0.07221937,0.33009570000000005,-0.13909748,-0.101865254,-0.28454533,0.533852,0.08865336,-0.0465796,-0.08432997,0.14600486,-0.47819442,0.44466543,0.10674829,0.35647425,0.13607368,0.007998309,-0.13765545,0.8323728000000001,0.39955250000000003,-0.5151861,-0.18703113,-0.395781,0.06037519,-0.37685755,0.23013139999999999,0.14844581,-0.46850637,0.5051361,-0.083355814,-0.18500112,-0.04196904,-0.010097712,0.06674465,0.026730385,-0.11473877,0.15296185,0.12318841,0.12273356,0.24022785,-0.2654203,-0.15278973,-0.44937262,-0.28842708,-0.09484863,0.16893217,-0.10338878,-0.17723514,0.14529593,0.056204837,0.08028158,0.07717589999999999,0.8128148000000001,0.013919108999999999,0.0015982802,0.14332627,0.362203,-0.24614975,-0.3290847,0.07864897,0.24061397,0.21547857,-0.24632676,-0.45969945,0.25973174,0.1690179,-0.5870141,-0.47535414,0.37322548,0.2448083,-0.29903883,0.16091663,-0.04272283,0.11759916,0.16191603,-0.32780743,0.030845404,0.03674479,0.17737955,-0.099009804,-0.18872908,-0.028665662,-0.20424145,-0.29565698,-0.067651644,-0.29269832,0.37424994,-0.2950562,0.37163523,0.48080137,-0.12558682,-0.052504256,0.3353491,0.41591215,0.4862036,0.20018376,-0.036508456,0.15669507,0.09991671,-0.08659089,-0.12947692,0.47392970000000006,-0.5531715,-0.12253228599999999,-0.010572581999999999,0.10766696,0.31037587,0.041567676,-0.28363448,-0.6756435000000001,-0.10960349,-0.23910809,-0.11114877,0.45295426,-0.47098997,0.16464260000000003,0.078041844,0.08909747,-0.020281603999999998,-0.43118290000000004,-0.19119532,-0.030592795,-0.12118246,0.12732118,-0.33125818,-0.17635036,-0.10726265,-0.2529766,0.33781764,0.52730155,0.18227267,0.15513304,-0.069376834,-0.24308331,0.16937353,0.32374203,-0.11275824,0.29075375,0.5055494,-0.22823332,0.58489895,-0.18134389999999997,-0.26037434,0.016099932,0.07003286,0.27749947,-0.35240218,-0.012484238,-0.24941519,-0.12955448,0.03762376,-0.32999504,0.50866735,0.06503357,0.7616488,-0.20177592,-0.37708408,0.21078014,0.3317625,-0.09176636,-0.42288400000000004,0.45052898,0.025446016000000002,-0.01769598,0.23958832,-0.41090888,-0.32418588,-0.17405114,-0.21615507,-0.10265513,-0.11213818,0.32089072,0.13478719,0.19166562,0.11237579,-0.21617581,0.08810343,-0.0009791645,0.07573616,-0.36067754,-0.74518883,0.4634642,-0.5209404000000001,-0.044868134000000004,-0.14961264,-0.37703356,-0.028274659,0.019351996,0.16733044,0.39929354,0.028306851,0.21160017,0.33036184,-0.41969728,-0.57792985,0.14651899,0.59447885,0.13038856,0.014268298,-0.12789276,-0.33813488,-0.15693551,0.5895395999999999,-0.2862918,0.12409488,0.47282029999999997,-0.046040323,0.025847932,0.19218639,0.39176995,0.22497855,-0.15602478,0.31200555,-0.24275738,-0.35688514,0.17905131,0.17237005,-0.35030684,-0.14163315,-0.20476736,-0.15646647,-0.37947990000000004,-0.059126697,0.47111338,-0.13901228,-0.1535381,-0.0094370935,0.39306375,-0.45027834,-0.084415756,-0.026683257999999998,0.2986439,0.22764847,-0.44628490000000004,0.03313493,-0.18152162,-0.31448236,-4.0490694,-0.08868619999999999,0.010281255500000001,-0.20323764,0.40185466,0.13346678,0.21486872,-0.36699740000000003,-0.21094749999999998,-0.32961467,-0.25127510000000003,-0.24006149,0.6426623,0.039293222,0.24292986,0.22255206,0.04834817,-0.32747856,-0.11214907,0.7097312,-0.15531567,-0.48328125,0.23618571,-0.35949674,0.35884288,0.47521183,-0.19593683,0.20041966,-0.13498983,-0.21459201,0.30293995,-0.29133263,0.04955778,0.01406085,0.099328704,-0.04857327400000001,-0.05260487,-0.41373378,-0.1273568,-0.29703602,0.098238155,-0.6851102,-0.036903087,-0.10697882,0.7839166999999999,-0.027807299,-0.20772229,-0.4676228,0.04862122,0.48062867,-0.11514037,-0.19762227,0.08098232,-0.2886253,-0.14417626,0.51432264,0.23717442,0.20165099,-0.09603543,-0.40487432,0.07106972,-0.33070686,-0.38144490000000003,0.076819465,-0.053102832,-0.08456668,-0.40749505,-0.05205922599999999,-0.048892178,0.18826017,0.23918606,0.1912347,-0.12956157,-0.7117995,-0.37216774,-0.12845446,-0.10852822,-0.052267633,0.44715357,0.12681109,0.017862197,-0.15314716,0.007138957,-0.33755335,-0.14921136,-0.18186735,0.1976508,-0.027695797,-0.15885536,-0.48439577,-0.010713146000000002,0.24881768,-0.10005216,0.14635365,0.07639749,0.1477773,0.17781764,-0.3794146,0.036160085,0.026481913,0.04083614,-0.047481187,0.46087646,-0.31638214,0.06305594,0.10030682,-0.46243626,-0.09783768,-0.27198762,0.14240311,0.5347213000000001,-0.50278383,0.2145337,-0.071309045,-0.5249263000000001,-0.22624423,0.17009766,0.30530402,-0.04148651,-0.48156893,-0.013279566999999999,0.17295344,-0.36548468,-0.36801326,-0.7404013,-0.23775893,-0.21748702,0.18974979,-0.21025123,0.08874524,0.004649883,-0.05592533,-0.010357746999999999,0.46256068,0.1544068,0.16759707,-0.041136745,-0.43845790000000007,-0.02992464,0.06992917,0.14813201,0.5319195,-0.29906259999999996,0.24583872,0.028500012999999998,0.35667083,-0.4932396,-0.04095918,-0.010898231000000001,0.0630769,-0.051831145,-0.37815082,0.015358978,-0.34207958,-0.022191432999999997,0.4615791,0.43673605,-0.16684538,0.07275744,-0.2459979,0.100502044,-0.06439568,0.02572325,0.29577821,0.04466027,0.28473538,-0.22744797,-0.2027609,0.27665609999999996,-0.12010987,-0.6954971999999999,0.05821653,-0.03006609,-0.13547853,0.12687653,0.35707155,0.10368737,-0.19392106,0.08687698,0.29476672,-0.014972522,-0.2490002,-0.11321978,-0.017521713,0.5124822,0.28292745,0.40695417,-0.2910548,0.33622137,-0.034666244,-0.47673175,0.5145414,-0.20095952,-0.04264073,-0.27647212,-0.17379634,0.4645849,-0.28311023,0.031946983,0.20787123,0.28229153,0.08669073,-0.35333008,0.13492869,-0.10889959,0.05943409,0.10820254,-0.21792205,-0.15250815,0.041491024,-0.08660012,-0.24061148,-0.014508927,-0.14034024,-0.13746187,-0.42705053,-0.079012446,0.21254298,-0.45163690000000006,0.39135647,-0.10642931,-0.07319759,0.28244359999999996,0.22525662,-0.55181867,-0.31005037,0.07291119,9.831155999999999e-05,-0.19520389,-0.11412887,-0.16823599,-0.7034148,0.31953385,-0.0038888135,-0.06218242,0.18376759,-0.25372404,-0.13845488,0.16938218,0.10952484,-0.06919481,-0.0500866,0.11385091,-0.38805696,-0.32337156,0.072479635,-0.026854686000000003,0.5083257999999999,0.052916262,0.53110033,0.22058538,0.23904076,-0.022809542999999998,-0.3017239,-0.05148542,-0.46130678,-0.022023406000000002,0.24873908,-0.15879187,0.11798895,-0.031551942,-0.034474954,-0.060728885,0.3781079,0.058768100000000004,0.29041904,0.28969356,0.28558249999999996,-0.11498499,-0.17084278,-0.07667768,0.206458,-0.0354087,-0.23726392,-0.118574545,0.07255223,-0.28379926,-0.40166044,0.41278237,-0.3787592,0.07000693,0.0036412959999999996,-0.07769248,-0.041794125,0.26209176,-0.26580727,-0.39292637,0.32515383,-0.18356326,0.07632810599999999,0.31176332,0.21329194,-0.14845626,0.18165109,-0.028527442000000004,0.14292578,0.46765396,0.04419519,-0.03765976,0.33331156,0.16502903,0.019289313,0.045666534,0.35055223,-0.40174790000000005,0.33210403,0.09799732,-0.32077968,0.46810573,0.15709043,-0.20949337,-0.36665314,0.5338172,0.32260555,-0.43632954,-0.32842937,-0.2163118,-0.32407004,-0.38204426,0.02164831,0.26213983,-0.12692264,0.46875,-0.006776784,0.20355526,0.28799292,-0.49193507,-0.06665795,0.14278245,0.15179928,-0.09867894,0.26179048,-0.5063873999999999,0.35028145,-0.0049726344,-0.06483794,-0.048436005,-0.19927932,0.20815073,-0.15342829,-0.11502014,0.30363476,0.24542691,0.35099018,0.33915922,-0.014360336999999999,0.009845317,0.21351089,0.77285135,0.21667862,0.051322885,0.6071645,-0.10241425,-0.3626577,0.06686472,0.24042718,0.18830712,0.30166674,-0.14905098,0.35772732,0.21473368,-0.009717388,0.3776784,-0.15566670000000002,-0.43557218,-0.123895966,0.05767355,-0.44876343,-0.090780206,-0.17293423,-0.08644263,0.19525783,-0.56658906,-0.17366998,-0.43573359999999994,0.043520525,0.054336295,-0.041149523,0.2584976,0.17978083,0.01198913,0.12159155,-0.5925898,-0.4126794,-0.1532057,-0.77268326,-0.0037856745000000003,0.03943956,0.16450651,-0.32998163,-0.11008708,-0.20526622,-0.10795058,-0.17393987,0.4250031,-0.34346540000000003,0.73860174,0.04273894,0.7380208,0.11295681,-0.07194236,-0.27050045,-0.0040188557,-0.018963346000000002,0.4613755,-0.06525808,-0.026740899999999998,0.09928843400000001,-0.5460363,-0.21982534,0.014076878999999999,0.5992172,-0.879517,0.23515934,-0.0034706959999999997,0.1478718,0.09473793,-0.089812666,-0.007698246,-0.04768711,-0.30731618,-0.2080324,-0.032531925,0.4567277,-0.14496753,-0.34901667,0.17885406,0.27077514,0.26217243,0.21637604,0.44288679999999997,0.33391529999999997,0.2113847,-0.25871193,0.23852101,-0.47330573,-0.3090421,0.1357911,-0.31246240000000003,-0.19275066,0.2400435,0.18212932,0.25779885,-0.057102997,0.28273484,-0.4798928,-0.21012288,-0.2693842,-0.40552026,-0.5646898,0.06867502,-0.035770446000000004,0.16184476,-0.19070055,-0.04543467,-0.23521847,-0.20877647,0.0012921169,0.20309915,-0.11107207
154,6,-0.10047226,0.11417237,0.55326635,-0.09532636400000001,0.05921223,-0.31824774,-0.107277505,0.9281491,-0.12326852,-0.3910745,0.12263682,-0.40295023,-0.00497111,0.5813381999999999,0.08587292,0.5169567,-0.19048469,0.19281603,0.04654717,0.19238532,0.27486682,-0.24302296,0.23538055,0.7338068,0.476583,-0.16529441,-0.20224598,0.12682311,-0.048045523,-0.16888104,0.56369334,0.03663478,-0.3067487,-0.1195971,0.13631961,-0.030257582999999998,-0.14271789999999998,-0.031460088,-0.40428796,0.2578758,-0.71817714,-0.24531911,0.25590754,0.08743749599999999,-0.19252627,-0.616608,0.39328593,-0.18899089,0.40762365,-0.032723695,-0.41627148,0.17274882,-0.1470444,-0.18548274,0.26844016,0.5246145999999999,-0.49387252,-0.29747525,-0.8259373999999999,-0.31630290000000005,0.21806723,-0.43261588,-0.04778039,-0.591328,0.5379397,0.30107093,0.18697992,0.30573297,-0.6922568,-0.095444135,-0.34799886,-0.2478124,-0.27189407,0.20005666,-0.3474751,0.04580039,-0.30543074,0.29863320000000004,-0.15207903,-0.049654662999999995,-0.30046907,0.37897444,-0.29752943,0.5296414,-0.028995418999999998,0.38023508,0.17018758,0.02421808,-0.46556407,0.44539142,0.3945417,-0.46401343,-0.030977382999999997,-0.02491834,0.3275732,-0.30628234,0.59388006,-0.022090994,-0.48900720000000003,0.64379,0.32688922,-0.12017659,-0.013265599,-0.39878547,0.03892426,-0.030177314,0.117851846,-0.050237915999999994,0.36361859999999996,0.31989822,0.014939656,-0.14673732,-0.343972,-0.46028690000000005,-0.25616735,-0.03692091,0.113594204,-0.0436999,0.0045953174,0.10222867,0.013243606000000002,-0.098073274,-0.0029174818,0.58956075,0.10958855599999999,-0.23433878,-0.21734202,0.34932506,-0.23872112,-0.4975354,0.15343589,0.028642409,0.21072838,-0.563022,-0.4482515,0.17508586,-0.08113112,-0.42902467,-0.51767135,0.11747121,0.09079504,-0.32214308,0.6203631,0.14889066,0.114206776,0.10042523,-0.1661911,-0.23033616,-0.30645692,0.024178227000000004,0.014223865,-0.26109257,-0.14965342,-0.22929186,-0.08967039,-0.11547012,-0.47119147,0.31665573,-0.19094382,0.22816418,0.47005280000000005,-0.31808509999999995,0.0874043,0.6394175999999999,0.010024035,0.5307708999999999,0.15109691,0.29142729999999994,-0.117389806,0.10956595,-0.08148497,0.01758805,0.702565,-0.34962267,-0.09626209,-0.09946611,0.36948743,0.3448476,-0.007057670500000001,0.090144895,-0.5308596,0.053201463,-0.12837358,-0.019571083,0.32462670000000005,-0.16640864,0.22150348,-0.18118542,0.24381128,0.120045915,-0.46853948,-0.08411387,-0.22582881,-0.17768484,0.42938045,-0.39580867,0.07062735,-0.056868475,-0.34894169999999997,0.20278086,0.07530314,0.17766382,0.24629956,0.34482536,-0.23920828,-0.19790354,0.21938586,-0.08441692,0.047610085,0.4355001,-0.11910563,0.47896484,0.20821352,-0.17926404,-0.09351387,-0.097837575,0.14136738,-0.12921752,0.054493085,-0.18590894,0.1637017,0.11474351599999999,-0.27607813,0.33086118,0.24226551,0.74180675,-0.20645376,-0.7751967,0.3414009,0.42082152,0.020372513999999998,-0.6223354,0.81350315,-0.059898607,0.08624338,0.08881896,-0.43851912,-0.6886095,-0.010992257,-0.13775952,-0.12306115,0.33029702,-0.0406361,0.26102420000000004,0.16874312,0.022740043999999997,-0.2544961,0.12618631,0.093397334,-0.018758325,-0.42417994,-0.3015157,0.10420291,-0.44880038,-0.0034379219,-0.39541859999999995,-0.27835947,-0.34637845,-0.19134554,0.1475082,0.45153123,0.028442207999999997,-0.122927606,0.23992202,-0.28505138,-0.50892705,0.039273407,0.19323795,0.19868909,0.057487215999999994,0.044562448,-0.08083248,-0.22158286,0.90254986,0.103426635,-0.056107375999999994,0.15176123,0.0052170105999999996,0.04389825,-0.019831368999999998,0.31064759999999997,0.44397828,-0.23858273,0.30452585,-0.1918017,-0.08216505,0.006485899,0.30099377,-0.41059548,-0.22009765,-0.10993715,-0.20740552,-0.44385636,-0.31251052,0.57744217,-0.16232502,0.14087297,0.17176776,0.28280040000000006,-0.10699176,-0.31343088,-0.058191482,0.2020559,0.19950153,0.006298026500000001,0.30690593,-0.06256488,-0.589518,-3.5159163,0.05304721,0.15744554,-0.32063028,0.36589968,0.117517725,0.3891653,-0.17267079999999999,-0.5273321,-0.31634787,-0.12503974,-0.22270031,0.44195303,-0.042819485,0.014290845,0.33515206,0.18040065,-0.28479606,0.00960486,0.6456622,-0.03835546,-0.50997335,0.12723377,-0.12208726,0.31602266,0.49577624,-0.15198348,-0.33298059999999996,-0.13449582,0.031557918,0.27158257,-0.21541506,0.08429678,0.06503019,0.11773327,-0.073992915,0.21227106,-0.69624823,-0.3014853,-0.4788473,0.15047874,-0.65484905,-0.16057624,-0.23539169999999998,1.0253185,-0.25417927,-0.26739478,-0.045608394000000003,-0.04353323,0.47068948,-0.006327356700000001,0.010977345500000001,-0.046922202999999996,-0.6441925000000001,-0.30761516,0.33716828,0.38938358,0.41487584,-0.13144828,-0.49696994,0.08194754,-0.0016832065,-0.7072461999999999,-0.016920874,-0.029788248,-0.39258513,-0.24363759,-0.34351040000000005,0.0148736425,-0.32741,0.21399182,0.64598364,-0.14633155,-0.36875117,-0.22308235,-0.06538619999999999,0.06262147,-0.14461726,0.21924737,-0.13186553,-0.18577993,-0.28571895,-0.09415601,-0.17540029,-0.05207359,-0.22623746,0.23867811,-0.17048137,-0.37735197,-0.6680728,0.17471883,0.13225263,0.26564115,0.3167251,0.0059057577,-0.21662141,0.33656149999999996,0.05548968,-0.034512855,-0.46914285,0.30392745,0.39244705,0.514372,0.04934088,0.07351501,0.202071,-0.25287873,-0.05670075,0.09680366,-0.091512635,0.4985325,-0.56586665,0.41094887,0.16954137,-0.3804918,-0.24531046,0.16939759,0.2653915,0.08292002,-0.5138503,-0.0041591898,0.47826803,-0.42958950000000007,0.0760881,-0.6232506999999999,-0.13771103,-0.1942547,0.18625589,-0.19032869,-0.05282899,-0.10894642,-0.12173122,-0.4802031,0.6776681999999999,0.12017457,0.29784809999999995,-0.03978542,-0.8847077,-0.13268387,0.09044479,0.34402305,0.43306604,-0.20306091,-0.032410488,-0.18178627,0.48786664,-0.29142118,0.024601625,-0.35864112,0.20287137,-0.14553688,-0.39168867,-0.33343908,-0.51501334,0.11743966,0.37305242,0.3319891,0.04180974,0.13408992,-0.42063817,0.25313097,0.3872609,-0.036478646,0.4787726,0.036673304,0.48899496,-0.05350638,-0.16264687,-0.054976225,0.11652118,-0.65457284,0.45182799999999995,-0.021220185,-0.5630400999999999,0.07113206,0.3757719,-0.0069371886,-0.07203976,-0.08617266,0.17834432,-0.017108845,-0.23087347,-0.27418208,0.07093609,0.27563375,0.058787633,0.33128524,-0.27293587,-0.06835693,0.053224873,-0.6087632,0.6259263,-0.14945354,-0.12590201,-0.23518892,-0.21611309999999997,0.28701726,-0.7069034000000001,-0.11168471,0.050733477,0.23907125,-0.074868046,-0.23002201,0.14283131,-0.50428694,-0.18360978,0.118824475,0.20873906,-0.12889248,0.34547690000000003,-0.23142739,-0.3246074,-0.30479032,0.1941398,0.16830644,-0.5564425999999999,0.08116894,0.10650238,-0.559339,0.31247497,-0.17531128,-0.30612296,0.36412516,-0.09782961,-0.6044685000000001,-0.098184325,-0.019861931,0.24028534,-0.17515242,-0.31787866,-0.13579942,-0.9432934999999999,0.26564282,-0.012741322,-0.50941205,0.37621313,-0.20634621,-0.43038893,0.21764138,-0.07518766,-0.14455165,0.0025591583,0.026801744,-0.46948195,-0.029704466000000002,0.20924574,0.017437203000000002,0.6569623,-0.11881826,0.53280956,-0.0828443,0.30390087,0.006177600500000001,-0.47720337,0.1275915,-0.37086929999999996,-0.23366323,-0.09848198,-0.3110472,-0.042202227,-0.15823607,-0.27134684,-0.13404962,0.31795767,0.26301312,0.11549914,-0.12482804,0.15474758,0.18628412,-0.40735309999999997,0.050873972,0.25897676,-0.029599992999999998,-0.41767082,0.08072389,0.15687206,0.16286044,-0.69654155,0.6253652,-0.43631506,-0.2638745,-0.004079808,0.13134688,-0.31745628,0.17925312,-0.43992668,-0.43590754,0.38488406,-0.24068816,0.1532999,0.23114583,0.14967006,-0.31400153,0.20508945,0.017437452,0.102667354,0.9141003000000001,-0.06944448,0.020046303,0.45108557,-0.03689024,0.07481473,0.22347926,0.18491572,-0.24259019,0.4266915,0.21087569,-0.59677494,0.22958314,0.24522412,-0.45891482,-0.31167984,0.5913586,0.45767979999999997,-0.42467633,-0.39209825,-0.07539649,-0.5328177,-0.17143431,-0.16476434,0.24873076,-0.22604693,0.692542,-0.12711513,0.10916306,0.22033013,-0.25960422,-0.23766984,0.07050632,0.26970443,-0.21230444,0.42012426,-0.51624703,0.27968708,-0.13919409,0.03424494,-0.20549339999999996,-0.11660672,-0.040471155,0.20553747,-0.098208,0.30064535,0.58360064,0.40991795,0.5071104999999999,0.39211857,0.037872504,0.3372115,0.69425297,0.19132166,0.24324115,0.50656945,0.1433806,-0.15901826,0.0007093103999999999,0.32005048,0.35303006,0.28697565,-0.030674212000000003,0.9785636999999999,0.26762468,0.17590377,0.67352504,-0.46296334,-0.3247527,-0.14218238,0.110034786,-0.30387616,-0.17186876,0.05614402,-0.25141776,0.27443105,-0.48607996,-0.40710884,-0.35921529999999996,0.30797306,-0.06221357,-0.22771764,0.07851239,0.041882925,-0.011164668,0.16305074,-0.52481455,-0.18125995,-0.17729825,-0.6126113000000001,-0.09692189999999999,-0.29750666,0.06983788,-0.4266887,0.065642625,-0.102850124,0.012272834,0.1233844,0.25368676,-0.3692532,0.6354401,0.21325961,0.5674668,0.13859841,0.17904852,-0.41584796,-0.02942814,0.29302213,0.44881827,0.057696816,0.008605612,0.23577856,-0.4660492,-0.45636335,0.16171043,0.71178126,-0.6897908,0.23006094,-0.24145423,-0.15729682,-0.032861203,0.046993982000000004,-0.3147455,0.28518742,-0.13062751,-0.14470136,0.0766367,0.20663056,-0.15057383,-0.019949708,0.20368743,0.22812420000000003,-0.18716784,0.20047274,0.28216740000000007,0.18587504,0.33118096,0.05835563,-0.08346400400000001,-0.43757936,-0.31628892,-0.09962611,-0.15575324,0.1607433,0.26827493,0.2682235,0.18276417,-0.28785515,0.6494715,-0.31323802,-0.16813655,-0.35936409999999996,-0.46013770000000004,-0.30838946,-0.22733009999999998,-0.09896169,0.25202912,-0.3978406,-0.0122378245,-0.11817834,-0.058287165999999994,-0.14985535,0.41781783,-0.21115573
155,0,-0.08775687,-0.099383935,0.7635957,-0.13738485,0.27306545,-0.7534255999999999,0.28165305,1.1290503,-0.057217687,-0.3641546,-0.15549524,-0.4202785,-0.01712816,0.7518906999999999,-0.067444265,0.59530675,-0.36023033,-0.060599852,0.0032297491999999997,0.4595751,0.17061943,-0.2976763,-0.22834481,0.3994868,0.65032786,-0.067152746,-0.13812962,0.020969256999999998,-0.12753832,-0.3966057,0.23350734,0.040171887999999996,-0.25905585,-0.18044494,-0.01276168,-0.12647228,0.3096899,-0.035969626,-0.46235532,0.71071404,-0.83875895,-0.5267391,0.20377931,-0.13259591,-0.08781853,-0.6722908000000001,0.24790134,-0.37955946,0.2431532,0.30476909999999996,-0.6226856,0.24682166,-0.11408377,0.10716014,-0.05410803,0.30316263,-0.18533123,-0.6232456000000001,-0.9681244000000001,0.110277556,0.19200563,-0.27196375,-0.15967901,-0.6725336,0.123407215,0.22778516,0.36643153,0.13405144,-0.9315261999999999,0.029060349,-0.46914107,-0.27518713,-0.15798469,0.029159201000000003,-0.040513914,0.16867895,-0.46875915,0.11145362,0.11818231,-0.565365,-0.58840233,0.20058789999999999,-0.5620859,0.45278528,-0.17118083,0.08279699,0.06595541,0.016837396,-0.53731024,0.4362311,0.2571103,-0.46627070000000004,0.0041325707,-0.17290725,0.25059724,-0.5051081000000001,0.22632258,0.39145032,-0.34132168,0.6875206,0.45403054,-0.27997574,0.19296849,-0.08412718,-0.07111172,-0.019824434,0.20001249,-0.009108919,0.47136130000000004,0.19070415,0.027441853999999998,-0.26571873,-0.13762173,-0.6481344,-0.36015823,0.020299584,0.057067607,-0.32306486,0.033247896,-0.05243209,-0.52022916,-0.20331845,-0.046016783,0.84796214,0.06271074,0.21562849999999997,-0.18628371,0.325778,-0.16133416,-0.33449334,0.059016,0.31566072,0.16223232,-0.50702506,-0.48458415,0.31896679999999994,0.4634437,-0.5109629,-0.44856019999999996,0.1974585,0.054433297,-0.08353581,0.50419456,0.27684712,0.33038926,0.43972456,-0.3551041,-0.0039467923,0.14163113,0.28959229999999997,0.1606005,-0.4502688,-0.11575686,-0.35097563,-0.44508055,0.03550628,-0.408438,0.37373558,-0.092549264,0.58081794,0.6112294,-0.041359692999999996,0.051201746,0.72073936,0.14404655,0.43705550000000004,-0.030151947999999998,0.234389,0.05565105,0.38025844,-0.13947663,-0.020039976,0.61419374,-0.30340108,-0.23060359,0.09188905,0.23434661,0.20071544,-0.19168985,-0.4266763,-0.8050778000000001,0.07981837,-0.12122359,-0.024610491,0.32471395,-0.0011667326,-0.086863115,0.021467691,-0.06449023,0.008454811999999999,-0.078562886,-0.053511024000000004,-0.37776235,-0.041011438,0.30065507,-0.45286238,-0.5775691,-0.11293046,-0.5488156,0.39660683,0.46370697,0.1907067,0.544606,0.120201424,-0.28364688,0.18616031,0.12996417,-0.06830724,0.027415197000000002,0.4809161,-0.43024173,0.48435667,0.25350842,0.007036227700000001,-0.16116512,-0.18385167,0.22069715,-0.22571641,-0.1486036,-0.3345951,-0.21738649999999998,-0.25187466,-0.37058914,0.27087435,0.15299349,0.50093174,-0.33616146,-0.35040292,0.23781909,0.6970274000000001,-0.03606438,-0.06505193599999999,0.36412072,0.37173402,-0.05045382,0.44684857,-0.4302536,-0.58706945,-0.0070312335,-0.32802957,-0.20672113,-0.45492706,0.47686666,0.08068219,-0.043725263,0.16194779999999998,-0.42361640000000006,0.21243513,0.19167916,-0.03896862,-0.10553144,-0.82188916,0.39077914,-0.72865367,-0.1459684,-0.16935258,-0.30424812,-0.38594446,-0.38505402,0.11817908,0.28485167,0.2461841,-0.048220716,0.11372731,-0.4601704000000001,-0.5550955,0.36425173,0.7880529000000001,0.39273673,-0.35541147,-0.07723689,-0.35817966,-0.22158061,0.5081635,-0.33234882,-0.12596849999999998,0.28940895,0.02168705,0.17555709,-0.06448343,0.45443043,0.34300959999999997,-0.4073092,0.4743954000000001,0.037557095,-0.46837570000000006,-0.10898969,0.50852126,-0.32164836,-0.41550285,-0.27872682,-0.29620463,-0.41377106,-0.030724984,0.5764176,0.041141804,0.27337095,0.039776877,0.42517433,-0.3245837,-0.29144898,-0.27606043,0.26821002,0.31084374,-0.55535215,0.35817537,-0.037561002999999996,-0.65610754,-2.9927123,-0.2600095,0.034061707999999996,-0.38016516,0.17292619,-0.0014171907,0.48318124,0.10991428,-0.65138924,-0.19843806,-0.25946274,-0.2526916,0.7477077,0.20185922,0.39828864,0.4108,0.36950475,-0.32639495,-0.24598166,0.623265,-0.24629979,-0.5454474,0.25002638,-0.4298252,0.5400195,0.47216776,0.11542260000000001,0.09551432,-0.1635589,-0.32130890000000006,0.2977218,-0.022678474,0.21405715,-0.21632683,0.123950295,-0.049191367,0.00465157,-0.30405736,-0.09804549,-0.15805392,0.05389463,-0.6653140999999999,-0.27882728,-0.12025931,0.8026951,0.07284206,-0.34477365,-0.35694286,-0.11231993,0.37403044,-0.22047396,-0.26142713,0.0661464,-0.44303805,-0.20901260000000002,0.6086213,0.4142026,0.47947383,-0.32115263,-0.49828956,0.20562176,-0.0064290212,-0.18721592,-0.1146988,-0.048980772,-0.19862953,-0.51248366,-0.23119216,0.022396585,-0.15997,0.26134425,0.30147025,-0.42610872,-0.612717,-0.19872697,0.2526409,-0.1741221,-0.055104963,0.46572852,0.14207177,-0.106553644,-0.04425155,0.22590475,-0.096379615,-0.054467496,-0.0026573240000000004,0.40171100000000004,-0.18631512,-0.19206977,-0.6529088000000001,0.090823635,0.4361157,-0.01726964,0.41428447,0.29304990000000003,0.078852125,0.48446059999999996,-0.39222693,0.15588968,0.003547339,0.37319523,-0.023628691,0.9588909,-0.3893652,0.22623510000000002,0.15837313,-0.47391993,-0.0266736,-0.29186517,0.21955262,0.34093470000000003,-0.48281148,0.44607353,-0.117206536,-0.67158425,-0.34875888,0.07161666,0.66319853,-0.12601532,-0.64766127,0.027168282999999998,0.25143522,-0.25996003,-0.5075725,-0.8309235999999999,-0.30778196,-0.49582854,-0.18510321,-0.263203,0.15248270000000003,0.011813194499999999,-0.11587286,-0.21163063,0.41966295,0.18544067,-0.26875085,-0.13768537,-0.66154504,-0.012974342,-0.029184498,-0.13390753,0.40384190000000003,-0.1989233,0.10357833,-0.16524398,0.39340127,-0.34605098,-0.33903638,0.04782363,0.3959125,-0.33122885,-0.7033534,-0.3066958,-0.49767613,-0.2616581,0.10367910000000001,0.32254297,-0.018411456,0.007148903000000001,-0.43589935,-0.27750167,0.31389937,0.27101886,0.47697790000000007,-0.154772,0.37661624,-0.10963819,-0.2522312,-0.36210272,-0.17631492,-0.50500035,0.30159432,-0.04636601,-0.5907769,-0.015757464,0.72362435,0.21050696,-0.106044,0.15152235,0.4090793,0.19582553,-0.5104085999999999,-0.24222942,-0.2795488,0.27844107,0.30756935,0.47450486,-0.22635475,0.42995694,-0.20027871,-0.45389777,0.45372033,-0.5027108,-0.058545765,-0.41072786,-0.16804178,0.53486365,-0.26680192,0.25390178,0.39145687,0.55497223,0.039761472,-0.34343776,0.06319112,-0.27697173,-0.17729236,0.06071986,-0.24591273,-0.21450126,0.11381984,-0.049706843,-0.19578381,-0.09956727,-0.41850132,0.23477767,-0.5425251,0.037501544,0.057831507000000004,-0.37338853,0.5446666,-0.18458642,-0.028766733,0.46969992,0.16716556,-0.72085404,-0.12640132,0.07636178,0.25981453,-0.24418372,-0.16053411,0.04370454,-0.59437054,0.12647232,-0.008309531,-0.07361458,0.24339066,-0.36298004,-0.3774567,-0.021604624,0.010435159,-0.19622691,-0.086543836,0.2188283,-1.0916883,-0.30510816,-0.014442665,-0.25204152,0.6834488000000001,-0.28417072,0.40292647,-0.0977891,0.19563371,-0.12837408,-0.39022340000000005,0.06665448,-0.8726179000000001,-0.46935603,0.36726190000000003,-0.24369459999999998,0.03295219,0.18226625,-0.22307858,0.1392695,0.35508713,0.15386538,0.4138064,0.34749183,0.12716680000000002,-0.21135539,-0.39838073,0.083048604,0.29581565,0.12730803,-0.23960643,-0.15846704,0.25230497,0.07274527,-0.69597566,0.41894079999999995,-0.55175364,0.21234182,-0.14695115,-0.31766757,0.06470472,0.61719733,-0.46888945,-0.26282945,0.26640388,-0.29374024,-0.03338447,0.17573503,0.26755995,-0.14445335,0.17138122,0.14032216,0.22316521,0.7174024,-0.055569127,0.02206329,0.6862214,-0.06362330000000001,0.29958534,0.11621079599999999,0.18558101,-0.31321248,0.18585512,0.39181384,-0.5113915,0.43166757,0.75495803,-0.23774374,-0.44952795,0.49787440000000005,0.79465425,-0.62298703,-0.23083052,-0.072582066,-0.16220915,-0.18952537,-0.05009298400000001,0.32706409999999997,-0.050845295,0.887309,-0.11327615,-0.028991068,0.35795358,-0.29965246,-0.062362093,0.07621771,-0.119989544,-0.107544005,0.18721282,-0.20111653,0.61785865,-0.16317044,-0.24876562,-0.06764880599999999,-0.06794097,0.03856303,0.29957017,-0.017505404,0.64682245,0.9873823,0.72211444,0.6744503000000001,0.15573074,-0.24748267,0.37771386,1.0440387,0.22816668,0.306845,0.41605046,0.08914088,-0.37659812,0.17354582,0.2649866,0.22622289,0.60793626,0.22263971,0.4652602,0.59242135,-0.080099136,0.103204176,-0.33008927,0.057471238,-0.16618344,0.121738106,-0.22174299,-0.31865066,0.06664014,-0.07963092,0.16139089,-0.49539044,-0.12236768,-0.5159482,0.39123377,0.008977881,-0.45954362,0.08244317,0.17742539999999998,0.20411606,0.16040003,-0.6113708999999999,-0.12362829,-0.31351796,-0.8538299000000001,-0.068673626,0.049627837,0.32353333,-0.29977405,0.11756204,-0.23255810000000002,0.03980762,-0.5665875,0.650886,0.07413896,0.60359305,0.10891555,0.46177205,-0.09299763,0.16472872,-0.27791095,0.093561925,0.048804082,0.45256725,0.011086443,-0.00785876,0.014617268999999999,-0.34925675,-0.26350656,0.00011587770000000001,0.7828792,-1.0444931999999998,0.37664273,0.0027736465000000004,-0.24705152,0.28771186,0.1872011,-0.5857127,0.10578695,-0.34184667,-0.11969832,0.07649906,0.41939044,-0.07678758,-0.54245937,0.46048957,0.38262690000000005,0.06646213,-0.10905557,0.34704193,0.22423631,0.33891818,-0.092808895,0.16662565,-0.53960264,-0.35845956,0.26620188,-0.07083883,-0.27944064,0.11521853,-0.0009929583999999999,-0.03351818,-0.10354759,0.013066358,-0.44775245,-0.12637931,-0.035825185,-0.0118288305,-0.58510053,0.17686115,0.100175045,0.10762968,-0.2157084,-0.015808916,0.006271405999999999,-0.063953795,-0.30918658,0.43598914,-0.11745677
